
6228.99	10524.4	6291.56	10583.3	6266.73	10503.8	6306.32	10515	
6238.72	10537.1	6255.01	10605.3	6269.27	10507.2	6269.89	10534.9	
6172.14	10622.9	6172.65	10673.3	6189.57	10608.7	6188.14	10619.5	
5961.5	10849.9	5953.15	10871.5	5961.59	10857.1	5963.97	10844.2	
5793.96	11025.7	5785.43	11030.2	5786.78	11044.9	5794.41	11012.7	
5739.04	11079.8	5734.17	11074.1	5742.88	11111.1	5743.58	11065.7	
5708.87	11128.4	5704.12	11114.9	5701.71	11123.4	5713.53	11101	
5583.28	11229.2	5590.5	11222.8	5589.05	11219.3	5587.79	11220.4	
5325.65	11467.3	5333.55	11473.4	5331.4	11465.4	5334.76	11472.1	
5183.73	11613.2	5190.59	11625.4	5183.07	11610.8	5181.97	11635.9	
5097.99	11712.2	5105.7	11711.1	5092.84	11720.3	5088.44	11696.3	
4828.79	11942.8	4841.36	11938.9	4814.96	11957	4812.57	11936.5	
4584.04	12180.5	4600.72	12180.3	4568.51	12197.2	4561.74	12182.8	
4256.52	12422.3	4269.24	12425.4	4229.88	12452.8	4217.61	12455.7	
3831.11	12787.7	3840.81	12793.4	3817.97	12790.3	3809.12	12818.5	
3313.25	13122	3319.34	13129	3278.57	13145.5	3258	13174.8	
3380.98	12652.4	3382.19	12660.1	3347.56	12688.2	3345.25	12707.3	
3356.68	11615.5	3371.16	11609.4	3339.04	11636.8	3332.36	11660.6	
2608.77	8391.41	2625.54	8393.2	2598.61	8409.75	2597.14	8422.37	
1267.14	3853.01	1285.16	3873.02	1256.56	3886.99	1260.53	3886.72	
771.175	2320.69	794.256	2352.46	760.347	2362.36	768.795	2365.5	
673.408	2037.56	706.076	2072.26	703.316	2067.79	687.109	2081.92	
688.874	1780.07	709.324	1811.25	703.551	1819.01	694.904	1814.79	
622.17	1169.02	636.517	1202.62	631.523	1231.42	614.902	1203.66	
510.178	533.063	528.811	568.459	514.58	625.939	486.047	577.901	
463.587	305.876	486.568	333.619	466.798	415.258	421.605	362.136	
449.488	245.808	472.67	284.808	474.942	365.948	411.439	312.502	
456.344	216.25	465.938	236.561	476.904	345.265	423.443	283.635	
466.207	201.044	461.404	233.54	472.957	316.643	460.955	255.514	
501.352	188.563	472.65	240.815	485.761	275.741	475.593	239.306	
496.283	191.303	465.237	260.893	472.869	223.548	460.746	227.335	
512.737	194.72	452.142	269.659	487.679	182.888	457.772	228.95	
6284.33	10522.5	6265.37	10574	6274.63	10489.4	6293.25	10502.7	
6262.86	10534.5	6261.5	10586.2	6272.83	10521.1	6280.5	10527.9	
6212.74	10593.8	6199.74	10636	6214.91	10588.4	6212.75	10597.5	
6019.97	10798.3	6004.91	10809.8	6015.34	10807.4	6010.88	10790.5	
5813	10997.8	5804.06	10997.6	5813.79	11009.9	5815.9	10988.2	
5746.31	11070.4	5739.52	11067.7	5745.32	11057.5	5752.33	11059.7	
5700.7	11102.3	5713.4	11093.7	5718.92	11090.1	5700.81	11099.2	
5617.67	11189	5616.03	11183.8	5618.27	11178.7	5615.39	11190.7	
5359.63	11423.4	5370.24	11431.4	5367.48	11427	5364.1	11433	
5182.01	11585.1	5201.74	11591	5195.39	11600.6	5204.42	11568.6	
5083.61	11685.2	5096.39	11679.3	5073.04	11697.8	5080.36	11677.9	
4839.93	11906.1	4850.4	11902.7	4823.17	11920.9	4820.61	11901.1	
4569.97	12076.8	4580.27	12076.5	4548.63	12096.2	4546.11	12090.1	
4284.83	12302.2	4294.61	12304.9	4267.28	12314.7	4263.25	12319.1	
3837.95	12593.7	3845.99	12597.3	3811.75	12614	3801.67	12632.3	
3707.44	12546.4	3718.49	12543.7	3689.05	12560.1	3680.17	12584.8	
3588.11	12408.5	3605.22	12398.7	3569.35	12422.9	3555.33	12452.5	
3498.97	11550.1	3514.63	11540.2	3488.81	11563.1	3483.35	11584	
2521.97	7943.98	2538.6	7945.62	2514.8	7962.88	2514.75	7971.78	
1186.99	3444.01	1204.83	3464.41	1176.84	3473.31	1183.02	3471.05	
786.264	2172.96	803.986	2198.61	787.34	2207.62	787.537	2201.58	
758.545	1970.1	772.093	1995.35	755.792	2006.36	764.349	1993.67	
746.002	1808.43	755.04	1833.33	753.194	1847.15	744.356	1836.5	
663.409	1253.01	675.555	1286.63	667.743	1307.13	658.918	1284.12	
516.639	549.43	534.836	592.356	525.072	634.531	506.737	590.054	
465.487	307.287	485.841	354.601	474.001	411.017	449.366	351.701	
460.144	250.279	478.485	290.444	462.694	365.091	444.686	294.639	
461.963	229.96	470.484	267.548	465.196	342.294	448.856	270.777	
477.843	214.003	476.486	247.412	464.576	314.346	459.742	251.97	
470.955	202.966	465.488	243.27	467.998	269.636	467.83	233.84	
480.93	197.142	463.467	251.622	480.405	220.249	472.234	238.203	
463.269	193.842	461.69	262.583	467.659	190.072	470.516	232.377	
6313.69	10517.5	6277.55	10555	6292.03	10503.9	6299.28	10514.7	
6300.06	10524.6	6261.18	10556.9	6272.64	10524.5	6280.61	10534.4	
6244.26	10581.7	6217	10592.6	6230.64	10588.2	6220.28	10577.8	
6087.56	10723	6067.64	10724.6	6083.36	10735.1	6074.26	10719.8	
5893.52	10910.4	5886.79	10903.6	5898.27	10904.8	5893.58	10905.8	
5770.44	11015.2	5772.96	11007.1	5786.41	10992	5771.87	11015.5	
5722.34	11075.4	5702.24	11068.8	5717.69	11046.3	5706.15	11085.7	
5618.28	11151.9	5626.48	11155	5634.15	11152.6	5607.26	11166.4	
5436.38	11316	5451.28	11323.3	5439.5	11336.5	5435.26	11324.9	
5222.24	11491.7	5237.93	11492.5	5215.19	11516.7	5220.64	11493.4	
5037.28	11606.1	5046.42	11606.2	5021.98	11626.1	5027.79	11602.1	
4907.99	11667.6	4914.71	11665	4888.94	11681.6	4890.5	11670.6	
4627.79	11836.6	4632.1	11835.8	4609.01	11845.5	4608.12	11843.6	
4330.11	11961.2	4333.15	11960.1	4308.03	11968.3	4311.25	11977.2	
4241.83	11927.5	4244.27	11927.6	4221.83	11936.1	4227.64	11942.6	
4083.95	11937	4095.16	11930.3	4064.26	11954.1	4065.75	11969.1	
3897.81	11939.4	3920.51	11918.4	3901.14	11936.6	3891.92	11959.6	
3518.51	11232	3538.3	11217.6	3513.6	11235.8	3501.84	11258.7	
2393.14	7432.03	2410.21	7434.52	2386.31	7450.68	2387.44	7457.97	
1156.4	3192.2	1174.32	3207.21	1158.85	3218	1164.13	3209.77	
867.202	2087.21	879.136	2105.11	863.274	2112.24	870.617	2096.96	
828.257	1909.35	831.081	1922.7	824.488	1943.4	825.967	1917.39	
805.784	1773.94	811.86	1798.18	798.035	1811.09	806.883	1793.93	
698.999	1319.43	709.098	1350.39	702.424	1369.61	703.997	1351.87	
538.062	608.98	553.911	658.332	548.363	681.528	538.958	642.06	
470.815	326.052	484.082	387.479	480.979	413.601	479.793	352.847	
476.583	262.563	472.324	320.319	458.289	354.897	470.239	273.478	
487.006	241.422	490.634	289.871	447.096	334.192	476.178	250.753	
476.141	231.016	467.92	277.053	454.567	305.436	470.262	244.397	
461.067	224.088	463.577	257.781	468.248	263.341	471.339	246.078	
438.284	218.429	468.628	246.872	474.928	223.636	475.611	245.079	
438.483	214.766	475.019	234.628	480.463	202.958	483.929	252.067	
6339.64	10491.2	6302.27	10543.1	6284.94	10520.2	6305.61	10535.3	
6312.4	10521.9	6276.12	10521.4	6281	10533.5	6277.75	10537.1	
6264.93	10545.9	6229.66	10535.5	6246.06	10565.1	6235.49	10552.4	
6178.03	10618	6163.32	10597.3	6182.09	10632.6	6160.88	10621.5	
6038.1	10745.4	6037.88	10720.3	6056.07	10741.6	6029.11	10745.1	
5857.95	10913.3	5858	10897.3	5870.33	10895.1	5849.39	10921.9	
5714.44	11011.2	5730.56	11009.1	5737.8	10999.7	5711.98	11029.2	
5632.59	11075.8	5640.11	11087.3	5638.29	11079.5	5620.86	11093.6	
5511.24	11143.8	5526.2	11149.6	5512.01	11167.6	5495.22	11166.9	
5312.92	11250	5325.6	11253.8	5269.24	11309.8	5267.95	11309.7	
5110.33	11300.7	5116.26	11301.1	5083.13	11332.5	5081.84	11324.2	
4943.27	11302.5	4942.79	11303	4926.35	11312.1	4925.09	11302.5	
4792.01	11375.8	4791.09	11375.1	4777.89	11374.8	4775.01	11373.1	
4632	11441.6	4629.83	11439.2	4615.7	11437.8	4619.43	11440.9	
4434.86	11558.7	4436.33	11551.7	4414.55	11554.8	4429.89	11567.4	
4312.61	11605.5	4314.19	11603.9	4304.53	11602.6	4314.42	11604.4	
4126.67	11442.9	4136.71	11436.1	4120.17	11444.5	4119.46	11454	
3491.31	10257.3	3508.48	10244.1	3491.27	10256.4	3484.66	10271.9	
2232.64	6680.63	2249.17	6676.38	2233.69	6688.63	2227.17	6693.97	
1198.56	3059.18	1213.83	3069.12	1199.35	3081.19	1207.6	3067.1	
909.934	2017.84	921.437	2025.81	914.696	2041.2	922.947	2017.27	
875.354	1856.86	887.055	1873.78	869.895	1872.56	882.213	1860.91	
846.418	1741.99	852.343	1761.53	841.84	1777.26	864.386	1765.56	
747.408	1358.95	758.795	1388.93	747.312	1402.19	757.973	1384.29	
575.595	717.613	582.772	762.723	582.353	768.876	583.828	735.362	
498.568	371.329	491.697	430.557	487.262	425.934	498.733	374.824	
490.167	277.148	474.832	343.053	456.181	334.214	484.392	268.582	
496.094	258.125	458.012	320.547	447.91	310.156	481.245	239.611	
483.48	249.719	464.405	298.605	453.032	286.856	486.173	244.76	
457.399	253.655	461.98	268.929	466.389	255.139	487.588	245.615	
426.649	254.409	471.338	235.437	475.935	236.727	486.404	250.992	
409.337	250.917	489.916	218.91	481.437	212.623	469.353	246.246	
6356.74	10494.8	6339.08	10494.9	6304.7	10519.5	6302.9	10523.9	
6329.68	10493.6	6296.78	10491.8	6292.69	10522	6292.72	10520.7	
6286.78	10510.2	6266.24	10476.9	6285.3	10537.4	6262.45	10527	
6238.95	10540.1	6236.17	10495.9	6257.83	10552.5	6220.81	10539.6	
6156.27	10610.9	6171.58	10571.3	6176.16	10613.9	6141.7	10608.4	
5992.05	10742.4	6021.49	10723.7	6015.3	10745.8	5984.02	10755.1	
5793.62	10880.7	5818.05	10880.9	5809.72	10889.1	5786.2	10901.2	
5629.93	10899.8	5649.76	10903.9	5645.85	10910.9	5626.53	10922.8	
5525.72	10888.7	5536.84	10893	5523.86	10910.4	5508.36	10917.6	
5412.12	10858	5422.96	10859.4	5401.69	10890.8	5384.37	10892.4	
5257.4	10884.2	5260.15	10886	5220.85	10932.6	5207.79	10936.8	
5058.79	10999	5059.12	10997	5049.15	11006.6	5041.69	11000.2	
4925.56	11083	4919.7	11082.9	4916.2	11074.2	4913.79	11066.1	
4783.98	11186.9	4787.27	11183	4775.68	11173.4	4773.13	11178.4	
4644.74	11281.7	4650.53	11278.8	4638.72	11268.8	4639.91	11274.5	
4518.93	11304.6	4522.2	11303.1	4509.73	11293.4	4511.4	11301.9	
4235.26	11024.5	4236.74	11025	4227.36	11019.1	4233.39	11020.3	
3323.44	8866.95	3332.12	8861.75	3318.86	8868.06	3317.97	8870.96	
1969.56	5222.29	1982.22	5210.5	1974.93	5220.06	1969.34	5218.92	
1176.63	2771	1185.91	2767.35	1183.63	2777.5	1180.08	2761.13	
946.899	1955.15	963.393	1964.58	951.166	1972.41	962.439	1954.87	
902.464	1812.42	918.167	1814.62	917.074	1835.25	937.174	1810.15	
887.945	1717.53	902.392	1734.16	887.067	1741.3	905.941	1729.36	
803.881	1434.35	811.785	1452.94	803.921	1460.84	815.374	1445.81	
633.917	841.75	632.296	874.135	628.904	865.233	638.709	844.212	
515.542	411.839	497.651	463.096	493.518	431.722	511.334	399.701	
495.75	300.967	459.437	364.296	456.559	310.597	480.616	282.453	
485.26	275.975	456.684	341.774	453.688	271.535	484.944	258.907	
481.279	281.788	451.308	314.506	465.258	256.962	489.519	241.031	
454.004	284.493	462.958	275.245	471.034	250.482	492.261	240.813	
438.359	285.042	475.658	226.513	473.905	234.343	492.168	247.792	
420.355	288.167	473.997	203.431	471.49	246.706	499.794	252.809	
6422.42	10407.1	6408.13	10399.8	6395.24	10429	6381.61	10435.5	
6373.33	10441.7	6361.12	10422.1	6359.37	10470.5	6333.56	10473.6	
6334.45	10470.3	6316	10427.1	6336.21	10484.4	6307.34	10471.6	
6284.75	10493.4	6298.73	10435.6	6301	10500.7	6263.72	10481.7	
6225.05	10514.2	6269.16	10478.3	6249.29	10533.5	6211.16	10520.8	
6148.64	10557.6	6183.63	10538.3	6156.25	10582	6128	10577.5	
5972.23	10620.1	6000.13	10613.6	5981.01	10637.3	5961.01	10642.1	
5697.92	10657.6	5718.38	10657.7	5707.44	10678	5693.08	10683.7	
5509.01	10609.3	5524.31	10608.2	5527.93	10629.4	5510.41	10629.7	
5439.27	10597.6	5447.57	10594.4	5449.88	10613.3	5430.94	10611.6	
5359.94	10629.7	5367.53	10628.8	5367.46	10644.4	5348.33	10638.3	
5202.35	10778	5202.52	10775.4	5197.34	10780.4	5183.03	10772.1	
5028.03	10934.7	5032.85	10925.6	5026.72	10915.9	5017.73	10915.4	
4907.85	11025.4	4920.6	11021.3	4909.87	11006.8	4905.41	11006.7	
4841.32	11045.2	4849.27	11046.2	4840.27	11024.6	4820.51	11034.9	
4677.35	10971.1	4683.77	10972.3	4673.01	10955.1	4662.98	10963.1	
4197.53	10224.3	4201.69	10224.7	4189.44	10215.4	4190.88	10220.4	
3192.8	7920.25	3195.94	7917.31	3187.91	7914.48	3190.78	7912.56	
1695.07	3942.98	1704.96	3929.37	1700.76	3937.52	1694.11	3928.19	
1118.23	2351.57	1130.17	2335.02	1129.93	2341.7	1122.23	2332.95	
976.855	1902.57	985.507	1892.59	989.161	1901.72	988.35	1883.49	
949.072	1771.13	968.556	1779.96	948.282	1788.09	966.713	1774.26	
929.01	1709.28	940.654	1707.7	934.711	1720.44	943.587	1702.89	
866.863	1499.74	870.432	1504.52	864.506	1507.75	876.498	1502.43	
674.231	921.031	669.436	940.115	663.073	921.635	676.307	910.467	
525.768	460.33	505.819	497.007	504.907	441.098	518.827	439.196	
485.708	333.736	451.737	380.427	465.32	297.25	480.758	309.893	
479.412	312.033	453.002	348.862	464.749	249.507	477.101	265.951	
452.433	308.188	468.022	324.756	474.179	232.318	489.263	247.766	
455.902	307.085	466.125	275.026	471.307	236.88	485.43	247.616	
451.033	311.392	465.357	225.112	470.236	248.787	495.223	251.375	
471.456	311.575	471.666	195.926	470.228	228.528	505.765	254.687	
6596.47	10214.6	6592.72	10203.3	6608.3	10219.6	6573.87	10237.6	
6536.23	10272.7	6531.72	10246.8	6548.94	10275.1	6514.11	10283.9	
6460.43	10336.9	6465.3	10300.6	6470.86	10342.1	6439.37	10340	
6388.12	10383.6	6403.72	10347.3	6392.27	10399.9	6366.32	10386.7	
6346.6	10385.6	6370.97	10348.4	6331.44	10421.5	6307.39	10402.6	
6267.64	10385.4	6305.04	10361.2	6272.31	10409.3	6251.14	10403.7	
6127.3	10364.6	6153.74	10357.9	6130.6	10383.7	6117.92	10383.6	
5821.17	10394.5	5842.38	10393.1	5835.82	10410.9	5822.62	10410.6	
5545.5	10468.9	5560.17	10467.8	5566.03	10486.5	5550.49	10485.8	
5453.1	10499.1	5460.04	10497.6	5475.07	10518	5456.24	10510.2	
5416.75	10539	5418.22	10535.4	5422.05	10539.8	5401.09	10527.1	
5347.17	10603.6	5348.17	10594.6	5348.42	10583.6	5322.41	10582.6	
5197.67	10740.6	5204.13	10732.4	5195.85	10713.3	5176.08	10717.5	
5053.35	10856.9	5064.82	10855.6	5056.33	10834.4	5037.98	10838.5	
4940.51	10902.5	4950.96	10904.2	4942.11	10883.5	4929.29	10887.4	
4783.48	10677.5	4789.64	10679.2	4780.65	10658.8	4763.94	10667.6	
4128.16	9239.65	4133.93	9241.84	4123.61	9228.25	4118.19	9234.13	
2670.43	5988.2	2680.63	5986.27	2669.36	5983.71	2669.94	5978.9	
1550.19	3292.68	1559.64	3281.17	1554.71	3283.54	1549.22	3275.61	
1080.18	2051.17	1092.63	2028.06	1093.26	2037.36	1082.8	2026.11	
1003.56	1843.73	1018.26	1817.56	1018.07	1823.5	1006.29	1819.04	
984.601	1771.9	987.394	1749.58	999.229	1750.31	985.616	1738.4	
974.096	1699.87	976.006	1689.11	974.06	1696.19	983.466	1699.39	
904.275	1522.16	907.982	1512.03	905.803	1520.13	915.406	1509.86	
716.682	1003.28	713.274	1010.19	705.385	985.369	717.281	985.79	
535.181	522.272	523.798	535.648	522.65	469.139	530.184	494.703	
472.353	374.689	471.054	382.99	468.977	293.644	473.991	332.463	
450.936	343.085	457.992	351.131	452.763	249.909	472.019	289.173	
456.221	327.375	467.353	314.827	451.355	233.539	473.715	277.265	
451.531	324.002	465.886	271.996	455.553	232.963	476.31	268.4	
464.515	326.633	459.082	227.218	461.497	232.841	474.104	265.083	
470.382	327.415	452.489	208.031	470.924	239.728	467.591	267.238	
6749.69	10057.7	6754.29	10047.1	6796.61	10039.1	6742.27	10068.7	
6725.78	10074.7	6729.51	10064	6749.53	10067	6719.71	10085.9	
6679.22	10111	6686.27	10101.8	6678.41	10116.8	6671.62	10119.8	
6630.44	10148.2	6637.99	10134.5	6605.38	10163.6	6612.4	10162.8	
6540.16	10174.8	6554.03	10152	6515.59	10193.1	6525.78	10188.3	
6389.67	10169.8	6407.2	10157.4	6371.83	10191.9	6375.74	10187	
6185.53	10169.1	6217.02	10168.6	6198.09	10181.8	6188.36	10182.2	
5888	10215.3	5914.58	10223.9	5913.96	10230.6	5897.46	10228.6	
5631.8	10338	5647.02	10342.1	5656.59	10355.5	5638.72	10349.4	
5533.7	10414.9	5536.35	10412.6	5543.7	10423.8	5525.79	10414.8	
5475.64	10474.3	5464.72	10461.6	5476.13	10461	5447.21	10457.1	
5426.56	10526.2	5421.3	10510.9	5416.74	10485.5	5387.88	10493.3	
5363.56	10557.2	5373.36	10555.6	5367.77	10531	5337.09	10534.6	
5299.1	10589.6	5301.3	10589.7	5297.92	10567.8	5276.82	10572	
5179.19	10543.8	5177.23	10543.7	5172.48	10525.1	5159.24	10531.4	
4876.74	10153.2	4876.86	10155	4870.33	10138.1	4863.08	10147.5	
4028.91	8474.51	4035.23	8477.7	4026.91	8464.52	4019.75	8470.67	
2241.83	4570.77	2257.96	4570.93	2247.99	4567.11	2249.5	4564.25	
1311.05	2463.44	1330.4	2456.03	1319.74	2460.62	1319.05	2446.84	
1085.74	1917.88	1100.29	1899.57	1094.22	1903.3	1083.26	1895.96	
1031.93	1779.12	1041.25	1746.77	1044.87	1752.7	1027.85	1745.67	
1020.73	1747.23	1016.1	1704.83	1031.45	1712.59	1024.83	1721.81	
999.813	1699.62	1000.66	1664.87	1012.88	1676.69	1008.9	1665.13	
943.934	1542.52	952.006	1530.35	946.535	1532.86	953.405	1528.58	
764.5	1087.67	765.484	1079.12	756.103	1065.04	763.828	1067.14	
547.029	582.958	551.865	566.948	536.419	511.605	543.894	545.337	
460.907	410.733	477.902	388.226	457.645	309.483	468.349	363.148	
447.282	367.166	467.401	333.937	430.59	265.624	464.09	323.725	
448.618	349.319	457.028	301.742	420.298	245.236	460.239	304.709	
448.794	336.36	448.805	265.885	432.13	237.38	450.717	294.856	
457.573	333.212	444.597	238.492	447.92	234.121	428.877	286.187	
465.354	336.262	435.39	217.019	458.902	234.274	415.588	274.584	
6802.52	10003.3	6811.49	9985.98	6862.14	9977.06	6804.65	10011.4	
6806.88	9991.68	6808.3	9997.71	6825.86	9992.06	6806.34	10001.4	
6813.12	9990.03	6805.62	10000.7	6782.01	9997.92	6805.75	10005.2	
6777.24	10001.6	6785.87	9985.08	6741.65	10002.6	6782.43	10008.8	
6724.5	10011.3	6723.08	9995.96	6678.7	10013.8	6722.92	10017.9	
6523.7	10024.7	6539.49	10018	6507.07	10025.5	6533.34	10033.2	
6159.52	10036.6	6189.4	10059.9	6178.19	10052.6	6175.54	10059.5	
5926.08	10089.8	5960.97	10113.7	5962.88	10106.1	5939.53	10107.3	
5799.95	10149.4	5821.74	10165.5	5830.55	10159	5805.41	10155.2	
5681.72	10261.4	5681.33	10254.9	5693.96	10256.5	5665.67	10249.3	
5593.84	10352.3	5583.68	10338.3	5590.4	10330.6	5564.56	10332.5	
5557.38	10382.1	5546.73	10370.9	5551.43	10359.2	5525.82	10361	
5554.96	10381.2	5540.45	10369.6	5542.49	10351.9	5520.75	10357.3	
5566.68	10324.3	5547.66	10319.4	5548.53	10304.6	5533.71	10312.6	
5496.85	10149.7	5474.09	10147.9	5471.43	10132.9	5468.62	10151.3	
5030.56	9429.16	5017.43	9434.22	5011.28	9418.96	5010.42	9431.24	
3555.42	6918.04	3564.02	6924.08	3559.36	6916.98	3557.13	6924.26	
2009.5	3819.27	2029.09	3818.23	2023.07	3820.92	2026.57	3819.77	
1218.5	2098.64	1244.1	2094.46	1232.1	2094.81	1237.02	2088	
1081.08	1791.04	1103.65	1783.49	1091.34	1785.72	1090.16	1769.12	
1064.21	1731.59	1069.18	1710.02	1066.76	1715.75	1057.96	1717.7	
1048.48	1698.5	1061.29	1668.95	1058.36	1694.22	1047.11	1679.1	
1029.88	1669.38	1047.8	1644.49	1043.01	1651.82	1040.07	1646.09	
983.516	1548.18	992.795	1526.67	987.673	1541.79	984.286	1525.03	
807.89	1152.63	813.279	1134.95	799.161	1128.01	803.595	1132.44	
567.844	646.481	582.02	610.057	551.906	581.105	567.21	608.225	
470.733	440.126	487.448	381.931	438.141	356.223	472.928	400.37	
444.836	383.966	457.837	314.229	412.001	289.245	452.706	342.518	
430.729	364.448	437.076	286.426	400.593	268.404	443.989	324.912	
435.421	345.236	436.774	269.33	410.366	256.376	420.631	307.359	
447.779	327.787	426.429	248.235	424.435	242.371	398.053	301.707	
446.215	327.809	419.522	237.358	442.396	232.076	378.52	302.382	
6837.71	9976.88	6833.45	9973.53	6882.88	9967.76	6831.53	9973.17	
6845.4	9975.56	6838.15	9979.45	6849.81	9963.4	6842.06	9976.94	
6832.82	9965.04	6838.76	9957.73	6807.52	9962.03	6839.53	9972.99	
6837.83	9958.71	6819.64	9947.72	6774.04	9960.54	6832.99	9966.02	
6776.97	9961.48	6787.14	9942.11	6738.72	9945.03	6793.05	9958.64	
6588.71	9953.71	6605.23	9956.97	6576.1	9956.92	6616.55	9963.45	
6187.14	9975.45	6214.08	10006.7	6210.33	9992.9	6212.36	10001.4	
5973.9	9990.57	6010.9	10035.8	6012.66	10006.7	5992.25	10021.8	
5890.19	10040.9	5926.63	10054.4	5936.59	10046.5	5895.44	10044.6	
5833.89	10093.5	5849.35	10088.8	5866.55	10083	5829.66	10072.4	
5826.94	10104.8	5815.08	10090.7	5831.23	10095.6	5805.21	10079.4	
5831.65	10106.3	5793.45	10086.2	5813.08	10091.5	5804.09	10091.6	
5824.94	10107.2	5778.49	10093.1	5788.21	10094.3	5788.02	10103.5	
5800.97	10096.3	5756.94	10085.3	5758.98	10078.4	5764.53	10103.3	
5706.14	9952.63	5673.3	9955.38	5668.09	9940.33	5674.06	9958.29	
5034.67	8898.22	5016.41	8902.15	5010.17	8892.25	5010.16	8908.06	
3215.58	5647.78	3220.26	5651.64	3217.82	5652.8	3214.82	5663.98	
1685.87	2889.51	1712.48	2895.84	1711.32	2899.48	1714.04	2907.16	
1206.98	1961.37	1231.91	1958.12	1227.33	1963.83	1236.91	1961.26	
1094.14	1727.19	1118.5	1721.97	1105.73	1721.74	1116.07	1723.94	
1078.46	1675.4	1111.75	1679.45	1087.42	1691.02	1088.98	1678.11	
1074.72	1646.68	1092.47	1654.39	1093.22	1668.34	1070.11	1661.61	
1068.05	1622.59	1085.66	1608.65	1069.59	1648.54	1058.07	1619.04	
1021.82	1539.91	1034.09	1525.47	1019.79	1540.35	1011.89	1529.12	
851.718	1203.19	864.001	1183.65	843.946	1182.92	843.411	1181.93	
609.966	717.032	615.514	666.954	575.937	676.288	605.933	688.353	
475.478	456.049	481.155	373.493	432.52	398.739	471.584	415.225	
434.927	394.948	444.697	297.803	400.245	327.475	438.054	350.412	
424.963	368.107	436.033	283.153	392.179	301.979	424.447	317.584	
423.486	340.21	424.559	271.708	393.649	276.147	405.64	310.195	
425.404	321.921	419.286	270.723	403.592	253.61	380.79	313.958	
442.763	295.673	402.047	264.868	415.184	243.467	380.12	322.741	
6871.87	9954.27	6848	9962.64	6899.82	9943.05	6867.1	9962.2	
6862.15	9958.31	6861.04	9950.66	6862.75	9943.28	6859.94	9955.49	
6861.26	9961.48	6858.15	9942.83	6817.13	9935.56	6857.69	9955.58	
6830.82	9949.99	6839.73	9923.7	6792.89	9921	6848.17	9948.56	
6789.89	9919.74	6795.46	9915.42	6757.99	9920.65	6822.85	9928.42	
6627.71	9900.01	6643.76	9913.18	6620.4	9909.28	6663.34	9913.76	
6238.34	9910.96	6264.2	9945.61	6260.17	9926.49	6263.38	9934.66	
6027.53	9941.17	6059.49	9972.76	6071.39	9956.29	6048.6	9963.95	
5959.94	9963.14	6002.94	9982.26	6014.09	9964.3	5974.68	9970.28	
5939.32	9970.73	5979.69	9976.55	5985.48	9972.19	5937.71	9953.66	
5952.71	9977.92	5938.21	9956.79	5975.53	9962.23	5950.41	9934.56	
5980.16	9965.95	5922.59	9939.42	5946.96	9964.75	5943.76	9947.09	
5971.49	9967.08	5906.68	9944.04	5919.32	9957.33	5935.65	9987.58	
5939.15	9952.72	5892.46	9954.47	5884.98	9944.17	5904.97	9966.91	
5800.35	9795.1	5760.85	9794	5755.09	9788.3	5765.08	9809.25	
5122.19	8605.95	5099.17	8604.55	5092.03	8607.03	5091.74	8627.21	
3128.11	5142.96	3132.46	5146.21	3131.93	5150.01	3127.63	5163.79	
1601.82	2510.17	1622.71	2517.33	1627.43	2521.76	1625.34	2532.69	
1175.98	1796.74	1206.12	1804.99	1208.42	1809.9	1217.11	1827.68	
1109.66	1677.28	1140.6	1678.66	1133.65	1693.96	1148.75	1695.87	
1094.69	1633.73	1132.06	1651.64	1118.47	1657.59	1121.78	1654.48	
1097.44	1610.27	1132.24	1633	1106.52	1649.84	1093.01	1625.08	
1099.41	1591.69	1106.59	1603.22	1092.81	1619.53	1073.23	1609.46	
1056.51	1523.87	1078.21	1525.26	1053.21	1540.79	1035.1	1527.81	
917.917	1267.86	928.508	1251.49	897.146	1261.22	906.192	1258.87	
636.924	750.156	629.929	699.053	598.561	727.137	628.047	718.777	
474.716	463.553	465.401	379.653	431.507	434.791	469.889	425.758	
438.105	395.391	438.373	300.177	391.665	363.334	425.389	343.907	
423.08	361.861	432.475	279.724	385.632	332.411	413.427	315.229	
418.372	332.017	416.781	283.276	388.4	297.585	394.196	317.336	
418.255	296.381	399.645	296.47	389.447	270.56	390.172	321.102	
412.771	279.182	403.251	300.467	394.461	263.79	388.347	321.934	
6901.99	9898.15	6915.95	9913.57	6926.38	9896.34	6913.85	9912.12	
6903.04	9925.48	6890.42	9916.89	6890.48	9900.84	6895.85	9922.05	
6882.58	9938.33	6891.8	9897.44	6853.29	9901.15	6883.97	9918.58	
6854.76	9912.92	6872.15	9893.56	6826.65	9894.56	6888.59	9912.86	
6796.72	9878.32	6811.01	9888.11	6786.07	9887.01	6844.57	9895.96	
6637.31	9825.61	6652.78	9848.37	6632.42	9841.14	6671.02	9844.79	
6371.96	9792.91	6395.8	9824.68	6390.49	9807.78	6396.12	9808.67	
6182.1	9809.68	6211.03	9837.01	6218.61	9817.66	6200.44	9819.61	
6101.55	9833.09	6133.65	9852.83	6141.53	9839.12	6112.82	9834.21	
6074.58	9850.18	6093.43	9856.24	6109.36	9847.35	6081.53	9836.39	
6060.35	9867.9	6053.06	9857.97	6071.79	9865.3	6050.44	9848.23	
6040.54	9903.56	6003.43	9870.5	6027.98	9893.37	6022.16	9883.23	
6032.97	9899.39	5984.9	9876.79	5987.04	9903.93	5998.47	9904.26	
6030.27	9857.82	5980.04	9842.27	5977.48	9858.42	5992.7	9883.22	
5939.56	9638.5	5901.29	9633.44	5888.14	9645.25	5899.98	9668.67	
5223.81	8373.19	5202.42	8369.84	5196.09	8379.95	5198.23	8397.77	
3271.67	5116.63	3273.15	5121.98	3277.98	5127.84	3270.2	5141.7	
1561.05	2335.48	1577.7	2344.13	1586.77	2349.7	1583.36	2367.25	
1178.72	1712.95	1205.5	1726.44	1213.11	1734.57	1212.85	1754.75	
1119.35	1615.64	1157.81	1642.7	1167.92	1646.01	1170.54	1675.95	
1122.48	1603.18	1146.3	1620.49	1145.26	1630.33	1145.94	1632.74	
1124.96	1592.62	1144.86	1599.86	1121.39	1608.7	1130.42	1610.49	
1118.69	1569.64	1145.36	1591	1109.26	1591.74	1101.63	1585.97	
1096.56	1518.73	1106.3	1528.18	1071.36	1535.06	1074.85	1535.53	
962.652	1289.93	962.363	1276.7	935.331	1297.05	945.813	1282.7	
666.577	788.083	656.22	746.298	633.648	777.114	655.085	759.971	
484.673	471.932	463.597	408.051	437.703	462.62	469.96	427.653	
439.678	390.836	410.379	312.389	389.615	385.248	425.637	348.787	
428.171	359.004	407.583	297.257	385.117	349.087	401.677	319.971	
414.858	318.305	404.74	295.391	382.157	321.058	400.022	312.81	
407.589	279.783	395.511	307.623	379.843	301.805	400.713	317.181	
399.528	252.941	383.851	323.527	386.591	280.654	408.071	326.192	
7061.37	9753.1	7070.59	9753.18	7061.17	9747.38	7065.6	9752.01	
7022.88	9790	7035.6	9776.2	7016.35	9774.61	7028.35	9782.15	
7004.66	9796.99	7014.42	9780.46	6993.49	9782.33	7017.93	9789.33	
6953.36	9806.51	6968.12	9793.12	6938.05	9798.08	6975	9801.33	
6863.9	9788.76	6881.29	9796.04	6851.08	9789.43	6892.38	9798.5	
6695.06	9728.86	6712.92	9756.36	6699.3	9744.4	6721.95	9748.18	
6506.82	9633.77	6533.65	9670.85	6521.69	9652.89	6528.36	9650.07	
6394.96	9592.55	6420.64	9635.35	6414.27	9610.27	6412.28	9600.74	
6346.16	9598.65	6361.91	9628.14	6365.46	9608	6359.49	9598.88	
6298.19	9635.61	6298.98	9650.8	6308.61	9638.51	6299.2	9632.18	
6235.57	9701.61	6222.25	9692.51	6234.24	9692.28	6226.23	9693.78	
6194.58	9736.3	6174.04	9716.46	6180.45	9728.84	6178.96	9730.32	
6187.97	9736.3	6159.77	9707.94	6165.71	9733.33	6164.55	9738.41	
6187.23	9688.33	6154.61	9661.9	6138.88	9712.76	6140.79	9723.23	
6081.61	9473.08	6055.54	9454.94	6043.29	9486.35	6046.37	9503.84	
5442.44	8396.89	5432.95	8395.65	5426.07	8411.02	5421.42	8421.85	
3217.7	4870.51	3213.04	4880.18	3220.96	4886.87	3219.25	4900.8	
1556.07	2250.69	1565.77	2263.88	1583.14	2270.93	1577.34	2290.82	
1196.52	1675.46	1216.69	1694.49	1235.69	1700.1	1226.89	1725.83	
1162.55	1594.34	1173.45	1619.95	1192.32	1618.53	1169.88	1648.98	
1146.39	1567.18	1162.95	1587.62	1178.36	1595.72	1163.7	1619.52	
1159.65	1571.73	1158.89	1574.48	1147.35	1582.63	1158.4	1581.7	
1158.08	1563.05	1155.25	1555.65	1115.4	1565.5	1150.54	1567.54	
1131.07	1513.65	1127.98	1512.14	1094.51	1524.69	1117.01	1512.22	
997.726	1307.77	993.637	1300.43	973.203	1309.19	980.818	1299.9	
703.899	835.263	692.993	807.17	678.11	833.781	688.112	807.916	
493.796	480.427	464.871	444.521	455.293	486.736	476.537	445.573	
440.327	382.258	401.383	356.814	393.73	394.287	414.658	343.266	
423.534	345.304	391.957	332.321	382.886	362.776	404.144	325.176	
406.871	311.21	393.381	321.373	379.718	342.811	403.734	314.071	
391.248	273.787	385.764	305.988	379.334	324.104	411.002	314.593	
389.88	252.499	375.267	299.469	368.481	322.918	407.849	316.229	
7269.52	9546.19	7289.02	9530.63	7275.15	9557.15	7284.47	9533.48	
7270.1	9536.87	7290.67	9530.83	7269.39	9542.92	7279.65	9528.54	
7231.41	9563.38	7246.16	9559.65	7222.6	9563.94	7231.63	9551.16	
7175.82	9584.93	7187.25	9594.08	7162.72	9578.63	7169.45	9582.71	
7049.48	9606.88	7061.03	9621.49	7042.07	9600.22	7044.41	9604.39	
6818.3	9585.97	6837.74	9619.8	6822.28	9594.57	6824.36	9600.02	
6583.82	9518.44	6608.38	9568.91	6600.5	9549.95	6597.8	9543.58	
6493.51	9479.58	6524.22	9526.76	6508.02	9508.09	6512.07	9495.87	
6460.9	9469.81	6472.58	9527.93	6468.19	9492.65	6470.7	9478.9	
6437.11	9510	6424.14	9526.88	6430.47	9502.92	6435.26	9503.84	
6412.43	9538.69	6388.9	9523.22	6394.38	9514.49	6406.16	9531.02	
6401.38	9532.34	6383.23	9505.04	6390.8	9509.68	6389.26	9534.18	
6395.69	9518.29	6385.95	9481.38	6379.77	9512.15	6376.11	9524.76	
6353.65	9500.61	6350.92	9473.45	6341.4	9509.44	6331.19	9511.65	
6238.25	9350.5	6239.84	9338.06	6227.97	9374.31	6210.34	9373.15	
5494.43	8246.93	5489.59	8243.66	5482.6	8265.9	5471.74	8270.43	
3198.75	4735.43	3194.31	4742.73	3205.81	4754.92	3204.53	4763.82	
1580.55	2198.95	1575.72	2221.2	1601.39	2224.5	1602.48	2246.8	
1249.42	1671.58	1239.35	1697.05	1273.44	1694.17	1253.44	1725.67	
1194.73	1574.86	1183.83	1603.94	1212.09	1598.3	1185.91	1633.79	
1188.62	1554.84	1182.58	1578.81	1196.18	1572.58	1170.66	1593.81	
1183.41	1556.23	1170.57	1553.46	1170.66	1566.34	1179.08	1566.88	
1191.67	1551.98	1162.77	1528.93	1147.54	1557.95	1176.57	1529.33	
1156.45	1515.46	1146.43	1503.52	1126.57	1506.18	1145.27	1497.86	
1039.09	1345.39	1043.84	1331.12	1024.29	1333.69	1026.35	1323.64	
742.018	881.325	732.052	868.489	724.313	887.106	728.604	861.447	
503.523	500.806	473.388	505.281	480.288	522.062	483.808	479.967	
432.264	371.107	400.666	396.479	406.827	401.278	410.521	357.745	
410.161	332.983	390.798	371.053	382.591	376.428	396.5	322.778	
390.977	308.335	377.701	339.975	387.529	350.694	408.309	326.297	
375.015	289.045	370.534	311.657	374.069	343.887	405.715	321.467	
358.106	275.827	372.298	294.577	372.039	343.806	405.306	310.457	
7370.82	9441.89	7396.48	9431.28	7395.1	9475.88	7400.25	9438.47	
7368.73	9449.29	7385.97	9427.95	7365.92	9462.41	7373.28	9426.27	
7358.94	9440	7376.05	9453.01	7343.42	9435.5	7342.33	9438.71	
7326.57	9447.03	7332.87	9471.06	7315.25	9435.49	7296.91	9436.83	
7231.89	9450.52	7241.5	9485.17	7225.62	9438.02	7203.83	9449.69	
6961.13	9453.85	6977.1	9496.56	6961.81	9464.67	6953.12	9465.81	
6648.02	9442.63	6671.04	9496.8	6662.05	9478.03	6655.02	9467.16	
6530.48	9423.93	6551.93	9494.17	6548.7	9472.61	6533.83	9456.31	
6508.44	9434.85	6516.43	9490.75	6499.21	9454.64	6505.32	9446.88	
6501.21	9450.23	6476.7	9481.38	6470.78	9437.63	6505.51	9441.29	
6492.61	9460.84	6463.91	9444.32	6483.08	9427.38	6497.52	9458.49	
6493.27	9464.28	6472.94	9404.49	6476.16	9427.29	6481.36	9457.23	
6471.69	9437.94	6471.48	9402.17	6462.59	9432.29	6454.41	9437.36	
6439.64	9404.28	6456.15	9393.4	6449.75	9418.6	6423.85	9412.35	
6335.85	9258.81	6345.63	9255.83	6337.26	9278.91	6312.11	9267.7	
5506.81	8050.53	5511.98	8045.98	5503.83	8071.98	5487.61	8070.86	
3280.74	4701.33	3280.58	4704.75	3292.26	4722.21	3287.14	4730.58	
1719.03	2322.13	1699.34	2338.38	1734.23	2345.23	1731.13	2358.51	
1292.87	1658.23	1258.26	1691.3	1297.44	1684.72	1296.28	1713.51	
1222.16	1555.79	1192.4	1585.68	1232.6	1575.32	1214.21	1606.93	
1213.63	1542.21	1188.28	1561.74	1201.92	1549.11	1203.51	1577.58	
1208.91	1544.93	1191.33	1541.53	1197.09	1546.18	1190.44	1542.48	
1193.06	1543.47	1185.76	1525.45	1192.04	1532.23	1177.38	1515.32	
1171.53	1521.16	1175.25	1492.26	1166.1	1495.43	1157.37	1481.89	
1080.48	1377.31	1085.81	1365.87	1072.49	1369.83	1073.11	1352.74	
801.027	957.1	800.868	962.846	790.217	969.883	794.895	943.917	
514.125	528.895	498.965	555.262	505.711	555.844	502.673	528.231	
413.927	375.754	391.481	423.205	408.328	418.722	402.103	376.98	
387.267	332.201	378.667	382.51	391.449	378.98	390.619	344.564	
373.019	319.815	367.21	358.197	378.456	360.551	390.26	330.174	
350.442	316.67	362.352	333.406	383.103	340.384	389.882	328.082	
340.558	320.216	356.21	318.879	377.16	330.697	398.314	326.388	
7404.71	9418.06	7421.67	9381.81	7417.31	9454.45	7411.07	9408.67	
7399.09	9410.11	7417.05	9407.83	7404.35	9430.97	7402.1	9417.5	
7393.07	9411.65	7401.04	9421.08	7387.37	9400.91	7378.69	9403.03	
7377.9	9396	7389.28	9434.06	7367.26	9375.99	7340.38	9396.42	
7305.52	9377.3	7314.08	9421.48	7293.28	9374.32	7276.88	9381.41	
7070.49	9363.69	7078.24	9407.82	7069.34	9381.99	7056.66	9373.46	
6738.21	9367.89	6751.8	9425.07	6751.09	9403.89	6736.12	9392.19	
6601.37	9376.75	6612.39	9438.42	6600.44	9407.58	6594.93	9403.52	
6560.53	9390.08	6562.13	9442.95	6541.17	9403.3	6562.21	9404.58	
6548.73	9399.19	6538.27	9419.14	6532.17	9383.69	6560.06	9399.96	
6543.81	9407.01	6519.16	9389.88	6531.99	9379.86	6551.29	9396.84	
6530.74	9407.6	6514.26	9366.62	6532.16	9379.98	6534.12	9406.44	
6511.24	9401.99	6512.51	9361.35	6515.35	9391.01	6496.74	9392.11	
6495.1	9359.78	6499.04	9357.14	6493.07	9376.7	6466.23	9356.55	
6400.16	9202.68	6415.21	9199.68	6405.93	9218.6	6380.71	9208.78	
5684.98	8049.51	5701.67	8040.93	5691.44	8062.51	5674.4	8061.07	
3649.21	5026.04	3651.08	5024.41	3658.14	5047.67	3647.3	5050.45	
1855.65	2442.51	1838.51	2454.08	1870.1	2466.43	1865.13	2475.79	
1318.94	1664.14	1281.61	1683.35	1326.34	1687.95	1332.29	1695.75	
1247.76	1538.72	1194.69	1570.45	1230.38	1559.14	1262.2	1580.41	
1222.26	1536.89	1196.12	1541.27	1230.66	1536.56	1230.47	1555.68	
1220.92	1535.75	1212.83	1520.44	1216.42	1525.83	1207.72	1534.85	
1202.45	1527.12	1218.81	1512.7	1211.45	1511.22	1191.03	1501.87	
1179.56	1493.29	1195.92	1486.89	1193.64	1493.16	1174.12	1466.34	
1121.28	1402.46	1137.19	1398.06	1118.3	1407.26	1118.29	1381.69	
878.026	1051.86	887.426	1061.45	868.567	1064.19	875.966	1046.85	
521.046	557.681	521.924	595.708	522.612	587.752	526.737	565.16	
399.812	393.084	400.97	437.027	412.379	428.981	409.316	415.782	
362.53	346.138	363.696	402.868	372.268	392.261	379.714	369.286	
344.75	333.384	366.105	375.69	367.501	361.983	359.895	342.368	
335.578	346.348	350.715	356.752	373.984	339.721	369.849	340.449	
329.501	362.418	353.109	338.265	399.862	309.719	375.241	331.986	
7440.65	9390.41	7450.37	9369.55	7416.63	9421.52	7404.54	9434.61	
7418.24	9396.34	7428.37	9387.72	7418.98	9404.97	7417.4	9411.44	
7405.79	9389.39	7410.42	9416.91	7410.71	9381.25	7404.2	9389.98	
7389.37	9371	7396.62	9413.87	7377.09	9364.33	7373.79	9374.36	
7331.01	9343.97	7334.34	9388	7318.57	9354.5	7306.7	9347.08	
7140.57	9289.71	7145.23	9330.06	7141.97	9306.54	7129.17	9297.94	
6910.67	9237.53	6909.42	9278.29	6910.43	9256.77	6898.2	9250.55	
6770.3	9234.83	6764.25	9275.9	6760.53	9244.76	6765.19	9245.86	
6714.5	9249.5	6705.39	9277.79	6703.94	9244.93	6716.94	9256.28	
6683.59	9268.1	6672.78	9278.12	6674.39	9256.1	6689.41	9269.27	
6669.14	9274.37	6656.29	9262.62	6663.82	9254.25	6676.04	9269.16	
6638.11	9287.85	6630.17	9265.84	6639.6	9270.05	6641.33	9279.57	
6614.78	9288.19	6612.74	9266.64	6618.16	9277.37	6608.26	9283.45	
6595.52	9255.8	6603.03	9232.6	6598.64	9252	6581.92	9250.26	
6507.12	9092.64	6522.6	9078.33	6508.25	9099.7	6489.93	9090.31	
6035.85	8305.11	6061.28	8290.17	6043.05	8317.84	6025.89	8314.6	
4089.31	5478.23	4098.49	5469.8	4095.8	5498.25	4082.77	5495.31	
1931.65	2489.09	1915.57	2495.12	1941.65	2515.33	1938.58	2513.02	
1330.14	1661.15	1303.21	1669.3	1339.54	1682.88	1356.86	1681.74	
1245.91	1555.13	1218.31	1546.4	1267.07	1568.86	1278.85	1551.87	
1234.09	1532.36	1218.19	1521	1244.61	1534.53	1260.41	1536.18	
1222.7	1521.53	1225.69	1505	1236.37	1506.27	1239.13	1517.32	
1214.53	1499.38	1233.51	1487.48	1217.72	1501.62	1223.3	1495.59	
1200.12	1472.6	1234.57	1482.23	1200.43	1495.02	1208.55	1468.46	
1153.09	1404.14	1181.34	1405.16	1147.83	1417.33	1152.86	1400.95	
934.235	1109.8	946.998	1120.72	930.765	1120.83	937.758	1108.93	
581.749	652.058	596.99	687.818	592.939	677.64	604.628	670.041	
393.073	423.937	418.117	480.006	405.98	456.648	433.864	449.761	
342.504	365.323	371.643	418.592	359.121	390.474	375.173	384.74	
319.305	357.686	347.047	399.805	341.666	378.488	354.777	363.593	
325.735	373.683	342.891	365.821	362.662	342.695	346.714	356.876	
333.678	386.946	326.949	351.509	378.287	315.326	347.253	364.219	
7446.39	9400.02	7444.27	9353.79	7439.14	9379.39	7430.57	9431.38	
7441.83	9377.03	7441.31	9379.49	7431.2	9380.05	7424.62	9402.9	
7412.74	9367.32	7425.82	9397.67	7416.91	9374.77	7430.1	9366.82	
7394.56	9352.1	7384.41	9395.04	7401.39	9359.15	7400.77	9344.04	
7336.29	9323.93	7338.71	9354.8	7340.03	9323.41	7339.99	9319.05	
7208.51	9217.28	7211.62	9248.28	7203.49	9230.93	7195.63	9222.51	
7044.46	9084.16	7036.74	9109.49	7039.53	9101.11	7028.19	9095.49	
6970.96	9041.26	6951.13	9054.96	6969.33	9046.07	6956.05	9044.27	
6931.84	9037.65	6910.11	9047.91	6932.1	9033.06	6926.57	9034.66	
6903.25	9052.62	6876.09	9055.64	6896.95	9034.75	6905.06	9042.46	
6858.37	9074.21	6842.82	9074.88	6853.81	9053.16	6867.97	9067.76	
6838.64	9076.29	6839.77	9066.47	6836.14	9052.98	6847.56	9070.24	
6830.23	9061.31	6846.28	9044.8	6835.1	9043.89	6836.48	9061.18	
6801.14	9044.12	6830.1	9011.66	6807.86	9033.45	6803.11	9041.71	
6715.69	8938.15	6749.8	8901.91	6721.39	8940.2	6711.31	8938.2	
6283.12	8354.55	6310.68	8324.84	6281.94	8367.83	6266.46	8356	
4357.53	5766.28	4366.42	5754.81	4361.51	5786.06	4351.01	5778.98	
1995.27	2534.34	1980.82	2534.23	2000.41	2558.59	2006.78	2550.24	
1356.95	1681.06	1351.96	1666.86	1381.45	1703.29	1380.4	1680.21	
1250.59	1558.47	1268.61	1530.8	1289.61	1569.2	1290.12	1549.41	
1235.62	1535.24	1252.54	1500.45	1268.99	1536.71	1270.96	1510.31	
1232.14	1502.59	1243.95	1484.95	1254.94	1507.99	1265.85	1499.77	
1238.49	1473.05	1249.15	1482.97	1234.57	1478.76	1253.19	1485.41	
1228.65	1457.84	1262.96	1450.81	1205.96	1468.63	1232.85	1475.97	
1181.98	1399.69	1208.97	1404.63	1173.18	1410.62	1191.9	1410.32	
1015.74	1188.28	1039.25	1203.68	1023.34	1206.3	1036.06	1204.28	
693.813	794.893	721.223	836.745	708.147	816.478	730.123	815.515	
411.968	477.646	455.675	533.734	431.233	493.883	464.505	491.503	
322.138	391.3	375.154	451.998	341.038	408.423	394.622	400.678	
318.375	397.74	345.863	410.205	336.375	384.709	357.663	374.906	
326.146	404.883	319.556	382.667	335.714	362.604	330.733	373.178	
325.231	403.748	309.582	363.643	341.851	343.241	309.686	391.27	
7488.65	9342.19	7482.49	9330.39	7484.14	9337.82	7463.08	9375.56	
7467.94	9352.54	7463.75	9340.75	7462.33	9345.6	7463.88	9362.11	
7456.89	9330.14	7447.4	9352.01	7447.86	9338.94	7452.05	9331.68	
7425.43	9310.72	7423.01	9345.63	7442.76	9316.29	7446.34	9307.43	
7375.36	9267.58	7372.34	9298.94	7388.1	9271.54	7389.18	9260.87	
7245.07	9148	7245.99	9167.93	7241.49	9154.97	7239.15	9149.97	
7106.27	9003.3	7101.72	9017.67	7097.13	9023.46	7087.94	9013.76	
7047.48	8952.74	7029.44	8963.36	7045.43	8968.59	7027.84	8963.02	
7032.46	8950.55	6988.86	8948.74	7029.72	8950.62	7013.11	8940.6	
6999	8944.42	6962.73	8959.96	7000.65	8935.25	7005.33	8936.29	
6971.73	8953.99	6954.14	8970.31	6966.34	8915.33	6997.95	8943.05	
6956.15	8947.05	6966.89	8953.64	6960.61	8915.98	6979.11	8948.94	
6952.33	8946.07	6990.86	8913.41	6957.48	8931.07	6961.19	8940.91	
6937.31	8927.56	6987.1	8885.45	6945.98	8927.91	6941.32	8929.17	
6880.51	8859.17	6924.3	8809.9	6878.45	8868.99	6867.3	8857.88	
6399.84	8280.92	6431.11	8244.69	6395.7	8297.89	6384.65	8283.21	
4400.49	5700.29	4407.43	5684.74	4398.94	5720.34	4395.05	5709.62	
2191.78	2763.29	2190.53	2746.09	2206.87	2781.68	2203.29	2764.72	
1420.61	1727.38	1433.06	1703.52	1441.28	1746.2	1435.61	1720.61	
1284.37	1547.84	1307.95	1520.09	1310.77	1572.52	1295.92	1538.02	
1248.94	1508.88	1287.12	1481.72	1293.74	1528.64	1282.36	1506.14	
1244	1488.71	1278.51	1480.78	1277.36	1497.03	1276.61	1485.56	
1255.18	1466.78	1275.55	1462.26	1253.5	1466.54	1264.7	1478.12	
1250.02	1441.59	1259.53	1449.56	1240.93	1431.32	1262.78	1461.44	
1212.33	1394.99	1239.08	1401.21	1212.53	1410.12	1239.88	1425.44	
1108.71	1268.34	1140.7	1299.38	1121.97	1286.41	1142.3	1296.96	
807.056	925.916	841.739	966.064	822.918	937.422	844.448	942.591	
484.502	583.121	533.22	633.458	503.453	587.511	545.655	583.94	
353.84	476.312	401.413	501.21	378.56	445.007	414.16	437.84	
323.916	444.105	343.859	444.386	334.108	396.134	361.634	396.613	
328.926	437.421	309.82	413.462	319.58	386.26	321.371	389.057	
335.456	444.914	285.019	388.379	317.605	391.653	293.52	382.438	
7628.47	9188.13	7630.34	9191.9	7636	9183.99	7619.4	9193.89	
7603.27	9204.67	7599.49	9211.78	7606.38	9202.39	7593.71	9206.63	
7590.22	9201.23	7586.74	9209	7598.48	9195.9	7590.84	9197.65	
7561.49	9187.78	7567.71	9204.57	7568.08	9187.64	7566.09	9181.44	
7477.91	9147.08	7490.34	9168.54	7490.42	9152.47	7488.78	9139.86	
7305.82	9052.83	7306.06	9065.61	7302.06	9060.51	7299.98	9052.84	
7137.47	8965.09	7127.02	8966.36	7122.66	8975.99	7118.49	8971.38	
7083.47	8925.81	7059.06	8925.26	7066.04	8949.46	7064.4	8929.98	
7062.91	8904.75	7010.46	8918.09	7051.65	8931.44	7045.51	8919.22	
7028.92	8905.63	6995.32	8929.73	7036.63	8897.44	7041.19	8907.74	
6999.07	8893.24	6997.55	8938.28	7019.35	8869.91	7033.58	8903.31	
6994.64	8910.22	7021.93	8920.53	7000.11	8874.94	7028.05	8900.48	
6986.9	8906.51	7035.75	8877.99	6994.54	8897.26	7012.57	8902.91	
6993.94	8895.99	7039.98	8841.67	6987.65	8907.49	6977.47	8892.1	
6941.1	8831	6987.71	8783.35	6933.76	8848.26	6926.49	8831.66	
6504.98	8243.29	6536.47	8207.74	6492.43	8264.58	6486.02	8249.64	
4692.75	5886.58	4704.32	5861.65	4686.15	5909.5	4679.89	5894.28	
2468.62	3032.99	2478.77	3012.75	2484.94	3048.77	2476.16	3030.59	
1528.47	1814.99	1542.03	1790.22	1545.55	1827.67	1534.2	1806.92	
1332.31	1548.56	1352.93	1529.3	1349.24	1572.59	1340.36	1545.92	
1278.11	1483.06	1315.57	1474.66	1312.25	1517.26	1302.27	1496.21	
1268.47	1470.93	1306.2	1454.28	1293.63	1482.89	1292.54	1487.87	
1266.78	1454.91	1286.93	1451.64	1280.7	1455.76	1291.26	1471.65	
1255.88	1418.89	1275.36	1425.09	1270.12	1431.87	1279.87	1456.26	
1235.59	1385.29	1262.18	1424.03	1255	1392.62	1270.96	1425.12	
1173.09	1313.74	1199.4	1340.56	1183.24	1324.12	1201.26	1344.2	
969.902	1091.38	997.951	1123.39	975.946	1095.18	999.217	1104.28	
687.897	817.126	716.956	838.451	693.516	781.936	720.158	781.48	
463.185	619.357	482.367	618.902	467.447	536.424	491.591	538.344	
375.756	571.645	370.817	556.508	370.111	437.707	380.883	443.056	
343.932	517.82	307.928	486.636	325.454	416.463	324.961	405.757	
332.631	503.277	286.071	486.843	308.613	429.721	302.696	404.421	
7842.91	8967.56	7838.87	8992.42	7864.9	8957.35	7841.12	8958.97	
7840.9	8959.64	7851.37	8980.05	7868.12	8952.77	7839.98	8946.34	
7812.01	8981.23	7841.48	8984.69	7830.56	8968.67	7813.61	8961.98	
7757.17	8991.88	7792.79	8992.5	7769.49	8988.41	7755.57	8973.79	
7646.14	8985.57	7669.14	8982.36	7640.84	8979.68	7641.81	8973.63	
7400.49	8957.08	7408.4	8953.48	7393.18	8956.12	7395.16	8951.69	
7196.48	8921.16	7178	8914.61	7177.68	8931.68	7182.29	8923.41	
7117.6	8895.49	7085.67	8893.16	7095.45	8912.86	7106.12	8913.26	
7072.03	8881.93	7056.08	8895.72	7071.85	8904.41	7084.51	8904.64	
7053.89	8863.61	7023.99	8901.99	7064.58	8873.69	7066.47	8896.25	
7036.05	8866.43	7041.7	8900.4	7058.92	8846.12	7061.68	8872.36	
7018.98	8866.26	7056.11	8884.11	7032.04	8845.06	7063.51	8873.38	
7029.13	8873	7063.28	8850.81	7017.02	8862.96	7038.09	8870.5	
7025.31	8856.02	7066.85	8816.11	7011.17	8867.21	7013.19	8858.14	
6997.12	8789.26	7035.68	8744.68	6974.23	8810.19	6968.44	8792.17	
6725.12	8337.13	6753.64	8302.09	6697.67	8366.46	6694.72	8351.78	
5300.22	6447.54	5319.99	6429.53	5296.84	6469.29	5288.87	6455.65	
2981.31	3530.66	2991	3517.75	2995.32	3543.99	2981.9	3527.18	
1742.15	2010.41	1753.89	1998.18	1763.51	2022.95	1752.35	2008.76	
1367.99	1552.39	1383.57	1538.59	1385.46	1563.59	1379.93	1558.75	
1321.73	1483.03	1333.28	1468.04	1317.24	1500.65	1321.55	1487.61	
1295.3	1456.04	1311	1451.15	1306.06	1476.97	1317.4	1473.81	
1274.78	1424.31	1299.93	1429.01	1298.64	1459.15	1312.49	1475.87	
1270.95	1403.78	1286	1424.44	1290.87	1431.41	1295.6	1446.3	
1264.4	1382.39	1277.91	1402.56	1272.02	1394.62	1275.03	1415.24	
1235.96	1348.9	1248.02	1374.29	1235.86	1348.93	1246.34	1373.19	
1161.67	1262.36	1167.9	1276.89	1141.88	1252.05	1160.33	1262.8	
963.51	1086.4	970.836	1082.42	941.977	1028.77	962.97	1036.24	
716.662	916.654	711.19	896.239	695.638	762.923	706.974	772.496	
497.195	789.193	459.997	760.454	471.868	549.255	472.354	544.998	
423.968	915.155	373.255	907.674	391.112	483.971	388.337	471.09	
399.082	905.6	344.586	899.241	364.17	459.89	361.801	445.29	
7937.63	8870.14	7912.91	8912.67	7979.06	8863.5	7938.03	8865.32	
7928.53	8883.82	7953.51	8896.18	7953.05	8867.22	7937.27	8864.14	
7906.92	8878.21	7963.67	8885.04	7932.6	8879.76	7903.43	8852.31	
7878.93	8888.24	7922.96	8872.14	7873.5	8871.05	7871.67	8863.15	
7767.71	8883.34	7802.25	8860.66	7759.1	8862.06	7762.79	8860.48	
7547.07	8858.66	7552.5	8840.02	7532.57	8846.63	7543.68	8847.1	
7334.7	8833.33	7319.32	8822.16	7321.06	8836.45	7334.35	8839.42	
7205.08	8820.25	7194.07	8819.37	7198.74	8832.07	7216.32	8837.5	
7146.76	8811.08	7133.01	8824.31	7145.35	8823.26	7158.69	8836.47	
7122.9	8804.51	7123.11	8827.43	7129.16	8816.74	7135.72	8825.27	
7124.27	8784.82	7130.05	8806.15	7132.17	8785.78	7146.54	8801.64	
7122.65	8778.42	7142.75	8784.77	7127.19	8770.46	7141.36	8782.19	
7118.59	8771.34	7146.59	8769.23	7113.17	8767.72	7131.64	8774.31	
7137.62	8740.18	7160.91	8723.41	7113.3	8745.35	7127.46	8742.59	
7139.5	8650.97	7160.2	8624.57	7089.86	8684.83	7096.39	8675.21	
6938.32	8381.58	6965.85	8360.96	6918.63	8405.92	6912.07	8392.72	
6033.85	7127.04	6058.44	7126.52	6037.68	7140.74	6028.73	7135.23	
3884.63	4479	3900.43	4484.27	3905.47	4490.17	3893.4	4483.29	
1916.07	2158.04	1918.39	2156.53	1935.5	2171.99	1924.44	2161.72	
1416.87	1573.5	1415.11	1564.8	1427.04	1577.52	1422.07	1575	
1333.01	1474.16	1325.16	1463.86	1341.92	1468.54	1346.86	1486.39	
1320.8	1436.86	1297.76	1438.97	1315.38	1467.8	1337.34	1468.16	
1306.07	1415.32	1287.95	1430.53	1316.07	1458.37	1321.93	1449.3	
1300.11	1396.46	1300.7	1410.7	1303.33	1430.86	1311	1434.83	
1304	1380.76	1301.13	1397.25	1283.03	1398.5	1287.78	1414.96	
1306.41	1372.04	1294.74	1378.49	1265.37	1369.48	1275.49	1379.09	
1274.62	1351.92	1272.72	1345.1	1236.9	1323.22	1254.62	1336.63	
1203.74	1295.01	1205.57	1264.54	1162.96	1227.49	1177.62	1244.36	
1005.08	1196.01	984.263	1160.7	970.703	1015.09	979.734	1030.32	
837.095	1330.41	793.429	1313.42	802.944	845.509	809.262	850.782	
749.482	1733.79	681.035	1734.45	697.725	733.445	701.972	736.441	
660.587	2867.62	544.27	2909.1	570.52	578.106	552.127	591.105	
7951.29	8861.76	7955.69	8873.76	8006.51	8854.03	7974	8850.92	
7952.42	8851.13	7962.47	8867.58	7975.83	8859.21	7954.47	8849.96	
7942.56	8852.62	7977.84	8853.6	7935.63	8849.59	7936.73	8840.21	
7914.44	8859.34	7963.79	8837.93	7909.23	8834.07	7908.35	8828.7	
7852.51	8842.85	7874.65	8814.93	7838.12	8810.7	7848.1	8813.93	
7699.29	8775.59	7704.48	8751.53	7690.37	8753.44	7703.72	8764.27	
7513.95	8687.23	7521.69	8672.25	7515.67	8680.91	7538.8	8694.65	
7391.01	8634.52	7396.95	8625.38	7394.51	8639.81	7418.08	8649.67	
7341.67	8622.32	7349.95	8612.01	7339.12	8628.14	7359.51	8633.01	
7329.17	8615.7	7334.32	8603.12	7322.38	8622.03	7343.52	8620.38	
7309.7	8619.93	7314.57	8611.41	7301.78	8628.45	7318.07	8624.79	
7329.56	8584.06	7330.88	8586.34	7317.08	8593.74	7331.36	8582.42	
7352.84	8542.99	7360.49	8551.15	7347.4	8546.44	7356.7	8532.95	
7360.98	8515.39	7365.76	8528.23	7345.67	8522.68	7359.63	8509.99	
7319.62	8474.93	7335.64	8489.15	7316.03	8484.4	7318.34	8478.95	
7181.71	8304.57	7204.57	8322.12	7181.69	8316.13	7177.99	8319.02	
6633.25	7640.91	6664.59	7663.49	6656.48	7645.6	6644.68	7651.18	
4463.1	5083.06	4479.75	5100.34	4485.58	5096.85	4478.27	5096.31	
2133.43	2371.44	2127.06	2371.71	2144.63	2379.93	2137.24	2373.71	
1446.07	1573.71	1420.76	1575.54	1460.29	1576.34	1451.92	1575.49	
1351.4	1449.8	1313.92	1461.17	1368.64	1466.76	1358.72	1462.36	
1341.7	1424.45	1287.76	1433.75	1358.25	1448.33	1334.1	1447.16	
1335.01	1408.44	1295.79	1420.79	1342.15	1443.53	1333.85	1428.89	
1337.14	1395.52	1308.89	1403.32	1320.41	1428.25	1315.08	1413.43	
1344.33	1380.54	1324.44	1387.25	1298	1403.81	1308.86	1400.87	
1341.68	1381.22	1328.3	1363.9	1290.68	1374.23	1309.09	1382.96	
1336.23	1385.9	1340.06	1344.51	1285.42	1343.73	1296.22	1361.34	
1310.01	1376.41	1303.19	1334.98	1271.62	1292.53	1284.51	1320.55	
1266.4	1399.65	1248.88	1357.82	1233.03	1224.63	1247.41	1254.37	
1226.4	1650.8	1189.57	1622.51	1183.77	1168	1209.41	1190.16	
1131.02	2727.5	1054.5	2755.35	1080.92	1053.73	1095.21	1070.34	
1037.35	3165.73	935.98	3220.76	986.72	951.645	989.78	964.089	
7978.82	8834.97	7967.15	8843.05	8001.72	8871.27	7979.98	8853.86	
7973.85	8841.46	7969.67	8836.9	7981.25	8850.92	7968.26	8849.84	
7963.84	8838.71	7964.58	8833.41	7947.36	8827.71	7953.96	8842.16	
7945.1	8837.57	7954.95	8825.14	7918.5	8810.89	7939.6	8823.46	
7903.34	8826.84	7913	8801.71	7896.67	8789.07	7903.38	8802.44	
7792.65	8731.26	7799.65	8715.46	7794.33	8711.84	7808.66	8722.94	
7613.8	8563.71	7632.96	8547.26	7619	8563.71	7643.82	8575.49	
7521.73	8481.05	7545	8458.27	7529.21	8476.48	7563.06	8496.28	
7502.99	8457.21	7521.87	8428.96	7507.36	8465.79	7538.76	8464.15	
7497.19	8454.8	7507.76	8414.09	7485.05	8460.69	7512.26	8458.23	
7497.51	8455.29	7487.96	8412.25	7468.47	8457.93	7486.8	8439.12	
7499.27	8442.92	7485.51	8421.55	7469.52	8444.26	7480.27	8422.12	
7506.57	8409.28	7491.55	8425.44	7481.67	8420.88	7495.45	8388.94	
7476.12	8390.09	7491.59	8423.69	7501.06	8395.72	7492.32	8378.96	
7451.92	8368.36	7471.65	8412.71	7480.14	8361.72	7476.67	8367.28	
7367.76	8286.21	7401.77	8336.26	7409.74	8278.12	7399.35	8294.09	
6869.4	7746.96	6899.42	7789.69	6899.97	7757.8	6896.36	7774.16	
4888.23	5511.48	4902.43	5531.13	4907.23	5521.19	4902.46	5526.77	
2299.33	2531.15	2283.67	2537.98	2313.57	2538.65	2307.48	2533.09	
1508.72	1600.24	1464.53	1615.61	1520.7	1621.9	1506.57	1604.78	
1383.46	1443.55	1319.99	1466.65	1404.29	1470.56	1368.83	1443.62	
1354.45	1405.77	1310.41	1443.49	1386.14	1439.76	1350.42	1405.64	
1365.27	1395.37	1313.51	1420.05	1370.12	1425.41	1328.11	1407.7	
1363.91	1380.67	1322.92	1398.01	1350.61	1418.22	1322	1396.15	
1359.2	1381.82	1332.64	1366.04	1335.97	1402.43	1330.8	1382.07	
1358.76	1373.54	1363.69	1349.11	1324.12	1371.93	1329.4	1377.77	
1362.03	1381.21	1355.65	1336.72	1325.52	1335.06	1336.54	1363.53	
1358.38	1397.05	1353.46	1344.99	1331.63	1304.85	1339.09	1342.96	
1364.42	1448.27	1343.98	1403.17	1325.03	1291.9	1356.38	1323.46	
1342.27	1654.38	1327.9	1635.8	1311.92	1269.67	1344.06	1302.46	
1324.65	2170.66	1286.07	2187.55	1303.83	1242.93	1328.69	1269.05	
1292.85	3860.92	1181.24	3963.63	1294.47	1201.46	1298.55	1210.69	
8007.2	8838.85	7980.4	8796.46	7991.43	8859.88	7979.44	8857.68	
8000.62	8826.26	7969.94	8814.68	7985.76	8836.12	7978.19	8848.49	
7986.99	8827.17	7960.98	8816.61	7963.51	8807.31	7973.48	8829.05	
7965.23	8817.61	7947.63	8808.36	7938.57	8784.97	7969.07	8826.75	
7928.79	8792.64	7930.21	8790.5	7925.83	8772.35	7946.89	8790.17	
7836.81	8708.29	7852.65	8695.29	7848.46	8694.88	7859.55	8706.08	
7655.43	8506.37	7665.1	8492.98	7661.71	8510.75	7684.86	8523.77	
7570.24	8425.45	7594.72	8403.47	7574.46	8436.92	7607.91	8444.04	
7543.28	8407.17	7563.55	8373.51	7556.87	8409.39	7593.7	8428.79	
7548.95	8399.39	7559.53	8349.1	7539.09	8411.52	7564.28	8406.2	
7564.35	8403.07	7557.79	8341.42	7525.02	8395.7	7540.66	8381.73	
7570.23	8398.93	7530	8359.2	7523.06	8388.99	7535.31	8356.32	
7546.42	8375.57	7538.51	8388.88	7537.87	8374.22	7527.75	8358.18	
7518.74	8349.39	7538.94	8400.92	7542.84	8357.01	7534.43	8355.07	
7489.68	8337.31	7530.53	8396.58	7546.82	8328.09	7530.68	8340.25	
7435.18	8273.77	7472.71	8335.02	7487.37	8275.61	7482.45	8301.13	
7043.1	7837.52	7074.93	7886.28	7082.01	7841.56	7079.98	7867.02	
5087.92	5644	5094.92	5671.52	5107	5651.64	5105.23	5661.11	
2609.08	2817.71	2579.39	2833.72	2620.94	2837.95	2610.63	2819.85	
1606.98	1667.78	1557.35	1686.99	1622.13	1698.51	1595.38	1662.4	
1426	1454	1381.41	1486.27	1442.12	1489.82	1415.81	1446.76	
1392.77	1402.73	1343.27	1435.06	1405.49	1435.83	1365.07	1394.24	
1382.44	1376.69	1340.9	1416.64	1391.61	1419.58	1335.01	1374.09	
1382.9	1368.74	1332.38	1383.43	1383.98	1410.78	1332.96	1370.58	
1369.98	1356.3	1349.72	1358.08	1374.67	1386.57	1342.24	1371.28	
1360.65	1363.16	1361.11	1337.9	1364.11	1358.46	1355.52	1373.77	
1368.37	1371.95	1377.64	1334.2	1359.16	1327.21	1364.8	1356.93	
1386.44	1392.31	1372.37	1341.76	1354.96	1306.45	1381.39	1339.39	
1366.22	1428.08	1377.08	1399.7	1354.95	1297.04	1383.1	1339.42	
1376.61	1510.74	1369	1502.03	1360.72	1293.41	1391.57	1329.63	
1383.17	1826.19	1362.92	1852.84	1387.5	1274.14	1399.12	1317.94	
1394.01	2068.26	1357.34	2116.74	1399.53	1248.58	1401.49	1303.34	
8046.45	8802.95	8004.38	8787.96	8010.99	8810.41	8005.03	8831.35	
8036	8814.48	7992.13	8774.44	8000.58	8801.13	7988.13	8822.59	
8014.5	8797.13	7978.67	8782.52	7998.19	8779.67	8000.45	8810.58	
7985.23	8780.79	7974.05	8787.22	7987.73	8761.97	8013.88	8781.4	
7951.72	8748.35	7966.11	8745.6	7965.64	8739.7	7985.13	8763.91	
7868.09	8656.72	7879.94	8651.55	7876.3	8651.14	7893.68	8667.26	
7690.8	8483.11	7702.54	8469.28	7700.24	8489.35	7720.89	8499.66	
7605.05	8399.4	7601.23	8386.28	7615.94	8417.43	7641	8432.44	
7570.96	8386.29	7590.84	8349.38	7580.41	8403.07	7608.26	8408.67	
7572.47	8388.12	7581	8325	7563.32	8376.5	7582.24	8397.07	
7588.38	8384.83	7570.22	8324.72	7557.42	8375.72	7564.69	8361.86	
7592.66	8374.29	7574.3	8344.18	7553.25	8356.67	7553.76	8344.49	
7574.2	8362.98	7566.64	8374.15	7566.04	8337.35	7553.23	8335.47	
7544.34	8327.97	7565.79	8391.56	7564.89	8327.59	7561.83	8348.53	
7512.62	8301.36	7552.08	8377.32	7559.72	8323.62	7563.97	8349.63	
7471.17	8269.48	7511.93	8325.81	7526.27	8274.71	7519.81	8302.97	
7153.1	7879.3	7183.09	7931.8	7195.27	7882.01	7192.54	7908.82	
5551.8	6016.14	5554.65	6052.49	5574.3	6024.35	5570.24	6034.23	
3024.24	3163.1	2988.28	3181.29	3030.63	3184.41	3016.26	3159.97	
1876.08	1900.26	1840.66	1921.09	1885.94	1932.24	1869.19	1883.71	
1494.83	1487.64	1464.55	1507.56	1499.05	1525.91	1476.98	1468.98	
1418.11	1397.63	1387.02	1426.93	1415.06	1443.17	1386.28	1386.13	
1401.78	1369.08	1355.97	1390.06	1410.34	1422.3	1360.93	1354.13	
1394.49	1341.96	1348.35	1381.38	1410.71	1398.89	1349.07	1340.68	
1384.71	1340.78	1363.85	1346.2	1400.5	1377.37	1358.19	1363.27	
1367.27	1340.66	1378.69	1327.15	1392.29	1340.15	1377.71	1366.28	
1371.37	1347.29	1390.86	1325.28	1382.32	1316.92	1395.16	1352.03	
1370	1358.19	1403.8	1346.33	1382.76	1296.15	1395.59	1345.19	
1376.86	1389.36	1395.62	1372.79	1388.56	1287.51	1412.1	1331.6	
1387.01	1431.57	1394.11	1444.73	1410.6	1275.64	1418	1328.46	
1413.96	1450.13	1403.68	1476.26	1421.13	1259.93	1424.89	1327.29	
1432.53	1474.83	1416.2	1519.03	1438.49	1248.1	1429.91	1320.82	
8147.6	8701.56	8106.45	8676.07	8113.68	8696.06	8108.85	8715.92	
8136.72	8698.43	8098.19	8678.72	8108.77	8687.93	8105.77	8714.31	
8114.46	8697.8	8086.62	8679.16	8101.54	8685.72	8104.21	8704.52	
8092.28	8671.39	8083.34	8666.71	8098.43	8666.82	8104.88	8683.8	
8044.07	8640.79	8049.51	8643.31	8054.75	8634.24	8068.97	8651.92	
7936	8554.44	7947.61	8549.39	7945.37	8551.91	7958.86	8574.59	
7770.04	8444.62	7773.55	8431.39	7782.04	8451.47	7797.99	8467.55	
7659.36	8383.64	7671.64	8356.39	7677.58	8398.18	7696.67	8401.82	
7618.79	8359.67	7614.88	8319.25	7624.38	8378.22	7643.51	8380.87	
7607.17	8358.29	7597.78	8305.79	7597.54	8361.18	7615.61	8361.23	
7614.52	8362.62	7600.18	8305.22	7584.17	8335	7590.52	8351.27	
7615.41	8344.01	7603.55	8321.96	7598.95	8318.5	7585.66	8321.19	
7604.11	8319.63	7609.64	8350.22	7600.39	8301.22	7599.57	8311.77	
7579.14	8296.38	7596.29	8362.25	7600.56	8297.55	7600.29	8323.16	
7562.02	8269.01	7584.02	8341.47	7582.16	8285.78	7590.95	8324.98	
7522.61	8207.77	7552.23	8276.11	7558.72	8228.42	7564.69	8258.06	
7325.47	7927.13	7352.25	7981.09	7366.85	7932.1	7360.87	7957.56	
6186.69	6505.6	6187.18	6545.17	6209.26	6513.12	6199.41	6524.87	
4016.23	4072.75	3997.33	4090.86	4021.09	4087.7	4013.51	4072.54	
2194.72	2163.35	2162.66	2170.7	2182.55	2189.15	2177.96	2139.51	
1576.91	1537.17	1551.86	1549.65	1567.68	1578.07	1557.2	1508.75	
1435.67	1397.15	1416.76	1398.16	1436.44	1447.74	1416.91	1362.16	
1418.45	1356.67	1383.21	1371.93	1413.83	1416.96	1386.6	1333.79	
1407.6	1332.29	1381.25	1344.24	1420.56	1398.97	1380.97	1338.68	
1393.8	1322.18	1389.74	1335.78	1412.12	1366.96	1380.66	1336.3	
1387.38	1321.91	1411.41	1314.89	1404.77	1335.17	1394.42	1345.16	
1376.35	1310.54	1418.59	1318.76	1401.26	1303.53	1408.41	1347.94	
1366.85	1327.2	1418.46	1327.79	1404.2	1285.24	1430.27	1328.04	
1378.51	1338.73	1426.44	1354.22	1425.19	1271.6	1436.79	1317.39	
1402.35	1343.49	1422.66	1358.25	1437.47	1254.1	1443.3	1314.41	
1433.04	1333.01	1422.18	1371.28	1450.91	1239.14	1440.3	1316.02	
1454.25	1345.96	1437.13	1380.6	1463.39	1235.43	1439.41	1317.04	
8367	8470.74	8330.66	8445.5	8349.95	8477.45	8363.06	8478.12	
8362.74	8463.34	8337.49	8443.82	8349.29	8465.64	8357.51	8472.64	
8348.48	8453.53	8333.36	8444.06	8339.9	8457.6	8338.86	8469.35	
8311.13	8458.71	8309.26	8453.12	8306.81	8458.45	8299.5	8477.59	
8244.08	8437.39	8247.6	8437.15	8247.46	8428.79	8238.5	8457.09	
8099.64	8409.31	8106.66	8398.3	8107.94	8402.29	8107.45	8424.71	
7955.24	8350.54	7965.92	8329	7967.87	8357.59	7974.45	8366.42	
7815.54	8305.37	7816.01	8265.9	7824.21	8313.58	7831.61	8316.79	
7736.32	8287.04	7726.76	8242.81	7736.25	8292.56	7746.05	8291.68	
7705.48	8279.69	7689.77	8237.01	7692.56	8277.23	7701	8283.11	
7695.16	8270.59	7685.12	8237.18	7682.73	8255.01	7683.68	8265.25	
7695.65	8252.91	7692.91	8244.26	7686.19	8230.43	7684.47	8249.5	
7692.62	8222.65	7695.75	8250.66	7696.15	8215.97	7692.45	8232.91	
7696.1	8190.4	7702.24	8239.6	7700.92	8189.03	7702.57	8217	
7696.23	8156.24	7703.58	8217.64	7708.9	8161.37	7709.27	8191.24	
7689.67	8077.2	7697.97	8139.41	7703.29	8089.5	7704.16	8122.77	
7563.09	7834.41	7569.94	7888.85	7584.25	7848.76	7578.85	7872.85	
6970.32	7101.75	6971.79	7139.09	6989.43	7107.25	6978.78	7128.61	
4922.97	4895.63	4914.8	4918.36	4924.42	4910.69	4917.8	4900.53	
2566.21	2491.83	2549.38	2489.84	2546.63	2512.97	2550.27	2469.78	
1625.93	1553.89	1595.68	1539.36	1600.24	1584.14	1607.49	1509.03	
1463.95	1383.91	1431.76	1383.34	1444.99	1430.39	1444.7	1339.86	
1435.52	1346.84	1416.85	1343.74	1428.26	1407.68	1411.85	1316.74	
1421.73	1323.86	1420.99	1331.29	1409.22	1387.72	1409.24	1314.04	
1405.45	1305.8	1429.82	1305.13	1414.06	1364.88	1409.38	1318.53	
1398.97	1288.98	1430.15	1308.66	1420.78	1327.6	1408.71	1316.99	
1392.29	1291.39	1440.77	1306.72	1415.67	1297.36	1430.46	1309.53	
1387.12	1284.29	1442.26	1315.1	1424.18	1277.14	1455.42	1307.53	
1391.33	1293.57	1442.82	1307.67	1443.93	1256.94	1467.47	1295.16	
1410.09	1285.33	1449.93	1322.28	1470.01	1237.32	1456.53	1306.79	
1446.56	1300.08	1444.82	1310.54	1482.67	1225.35	1454.63	1310.06	
1473.83	1302.09	1439.41	1318.1	1500.53	1213.78	1447.43	1291.5	
8503.89	8342.48	8464.23	8318.14	8497.37	8355.76	8519.89	8339.83	
8493.39	8329.58	8468.9	8305.81	8487.83	8352.91	8503.08	8335.52	
8479.74	8322.76	8487.47	8313.93	8474.44	8333.74	8466.89	8344.84	
8455.63	8316.81	8462.15	8321.41	8452.95	8305.27	8429.46	8342.27	
8402.85	8316.05	8413.78	8304.71	8404.44	8304.22	8383.32	8333.4	
8311.73	8283.33	8319.75	8273.42	8316	8280.59	8306.51	8291.69	
8165.24	8226.91	8164.02	8189.72	8169.61	8219.33	8161.51	8220.32	
8043.72	8145.41	8033.62	8098.75	8044.28	8146.69	8035.38	8147.87	
7956.73	8095.97	7949.27	8046.16	7954.91	8091.8	7944.21	8099.63	
7913.36	8076.17	7906.13	8034.46	7909.2	8065.34	7902.48	8075.87	
7903.89	8060.81	7894.91	8040.5	7894.87	8050.73	7895.77	8063.64	
7886.26	8053.77	7880.83	8055.48	7879.5	8047.65	7886.97	8064.03	
7881.97	8040.38	7879.24	8059.69	7873.51	8030.98	7880.45	8052.18	
7905.28	7990.16	7900.78	8033.15	7903.73	7994.75	7901.48	8005.54	
7930.38	7941.41	7921.73	7987.78	7933.21	7943.9	7923.16	7967.69	
7920.43	7898.04	7911.37	7945.56	7927.73	7903.51	7913.46	7928.63	
7854.32	7796.45	7846.73	7836.92	7863.48	7803.08	7850.66	7836.35	
7412.34	7334.35	7415.05	7378.5	7428.59	7350.03	7417.72	7366.37	
5636.03	5542.91	5642.36	5562.43	5638.5	5553.81	5633.55	5548.01	
2777.16	2668.77	2764.52	2656.97	2752.27	2686.24	2759.1	2644.7	
1655.14	1547.23	1630.65	1521.1	1616.02	1565.53	1635.97	1508.54	
1487.74	1376.97	1452.08	1349.88	1443.56	1402.17	1464.85	1330.25	
1461.83	1333.78	1442.16	1332.32	1416.5	1377.99	1439.19	1311.8	
1445.42	1312.22	1448.44	1306.92	1406.86	1369.8	1426.4	1304.38	
1432.29	1289.19	1450.41	1298.08	1413.5	1349.46	1425.14	1303.35	
1419.43	1274.03	1454.86	1290.4	1426.89	1327.45	1440.4	1281.54	
1412.91	1257.77	1457.62	1295.9	1431.57	1291.71	1450.67	1269.91	
1409.74	1262.3	1463.56	1291.35	1440.74	1267.93	1472.33	1263.7	
1415.84	1255.36	1458.73	1294.24	1465.67	1249.96	1483.2	1281.81	
1429.76	1263.8	1450.85	1276.51	1488.67	1234.64	1481.16	1293.16	
1451.32	1270.84	1459.95	1272.03	1512.9	1217.63	1467.27	1295.46	
1479.64	1280.98	1470.18	1262.23	1526.47	1208.82	1464.74	1303.07	
8530.59	8296.56	8499.12	8284.33	8541.65	8331.58	8555.49	8289.93	
8524.81	8288.38	8524.03	8281.78	8528.97	8322.07	8541.12	8303.8	
8510.9	8289.15	8518.94	8284.56	8516	8292.33	8503.07	8305.82	
8499.4	8289.7	8518.04	8267.75	8501.49	8270.67	8465.34	8306.96	
8473.68	8269.71	8482.06	8268.25	8473.02	8264.15	8451.58	8280.8	
8419.9	8248.39	8412.4	8226.67	8420.69	8241.19	8408.57	8235.21	
8315.21	8160.85	8296.83	8126.43	8308.95	8142.4	8290.56	8144.18	
8162.41	8027.23	8158.09	7972.39	8161.59	8008.42	8137.06	8013.87	
8085.36	7938.8	8081.97	7880.7	8086.92	7942.93	8067.78	7949.35	
8063.41	7920.95	8061.42	7869.67	8066.84	7915.79	8048.93	7929.22	
8046.18	7916.08	8039.51	7882.4	8042.28	7908.65	8048	7923.4	
8040.53	7916.5	8023.45	7911.99	8013.43	7901.52	8037.82	7914.53	
8034.3	7895.46	8022.75	7928.31	8015.27	7891.31	8039.46	7897.98	
8037.28	7865.66	8030.75	7920.99	8027.63	7865.98	8035.42	7878.8	
8041.61	7833.55	8032.46	7896.22	8039.41	7849.3	8024.85	7850.27	
8033.58	7818.56	8021.68	7855.18	8038.64	7822.83	8019.53	7853.62	
7977.8	7766.18	7977.47	7808.08	7997.2	7778.37	7979.61	7800.8	
7675.66	7479.09	7688.94	7512.39	7689.92	7488.48	7677.72	7503.55	
5991.37	5834.2	5995.83	5850.68	5989.51	5848.25	5985.28	5842.19	
2869.44	2736.37	2862.15	2721.25	2839.94	2746.55	2854.61	2713.58	
1677.68	1537.99	1660.25	1506.49	1628.42	1548.45	1650.74	1507.2	
1506.85	1361.33	1497.58	1322.92	1443.28	1365.2	1483.46	1341.79	
1490.66	1330.52	1468.21	1295.03	1407.17	1342.12	1456.22	1314.28	
1478.92	1299.78	1469.56	1286.29	1411.92	1330.95	1443.06	1309.57	
1470.02	1274.69	1462.94	1285.01	1419.81	1327.66	1443.42	1283.21	
1452.96	1254.54	1468.65	1280.55	1430.21	1312.81	1451.85	1262.1	
1434.95	1240.25	1477.28	1279.64	1442.86	1302.87	1476.66	1235.83	
1432.34	1226.99	1476.52	1276.85	1462.97	1266.98	1472.86	1238.97	
1443.84	1233.59	1464.03	1266.55	1481.52	1247.87	1483.02	1250.6	
1458.4	1241.22	1465.75	1254.15	1510.34	1239.48	1494.23	1270.99	
1464.81	1248.92	1470.33	1238.41	1527.62	1227.33	1497.97	1286.05	
1464.99	1264.14	1485.55	1231.79	1542.96	1211.96	1487.37	1278.79	
8532.38	8260.54	8542.87	8276.98	8537.94	8307.64	8585.09	8284.08	
8530.86	8271.13	8537.68	8289.73	8544.9	8284.5	8552.31	8286.8	
8523.06	8273.1	8540.17	8278.62	8540.59	8281.54	8507.63	8288.72	
8518.3	8272.49	8523.35	8271.36	8529.31	8267.75	8483	8269.97	
8507.74	8276.01	8494.73	8248.28	8506.16	8255.03	8472.95	8251.39	
8486.83	8248.03	8452.16	8224.1	8472.84	8224.37	8446.26	8223.19	
8361.75	8136.56	8339.03	8112.73	8358.98	8122.66	8335.23	8119.83	
8187.43	7967.63	8183.04	7922.12	8181.81	7947.07	8160	7960.14	
8121.03	7906.22	8124.43	7839.87	8120.22	7883.09	8093.33	7894.77	
8093.3	7866.62	8094.26	7812.34	8102.86	7883.73	8100.25	7891.66	
8085.34	7881.05	8079.21	7821.42	8078.91	7867.1	8091.48	7878.53	
8084.32	7875.18	8069.04	7858.46	8057.79	7856.16	8097.97	7854.6	
8096.51	7850.69	8062.82	7895.45	8052	7841.67	8092.98	7842.77	
8086.62	7826.31	8074.35	7895.83	8063.78	7824.57	8081.25	7830.36	
8075.24	7799.97	8079.47	7868.94	8068.63	7814.52	8071.78	7822.17	
8058.4	7780.25	8070.55	7845.98	8071.96	7806.97	8057.52	7808.33	
8024.59	7762.45	8043.54	7796.06	8040.97	7771.34	8026.53	7786.75	
7781.52	7531.03	7790.25	7561.14	7790.93	7544.6	7776.33	7555.44	
6167.73	5967.62	6171.58	5983.57	6163.23	5979.7	6159.01	5977.01	
2989.79	2832.83	2985.33	2813.76	2955.13	2839	2973.64	2814.94	
1721.49	1555.93	1727.42	1523.44	1668.08	1553.54	1703.61	1537.8	
1534.63	1347.34	1530.87	1308.25	1456.87	1343.21	1494.87	1341.02	
1505.81	1311.26	1508.19	1260.65	1425.9	1296.82	1480.75	1320.23	
1516.41	1289.58	1483	1265.92	1422.51	1298.39	1477.92	1292.24	
1507.13	1259.61	1476.3	1268.52	1417.92	1290.7	1469.78	1275.55	
1484.9	1235.63	1472.79	1270.4	1430.93	1299.13	1464.45	1240.87	
1467.71	1224.16	1479.88	1266.33	1463.38	1288.32	1452.11	1227.41	
1464.85	1214.46	1481.59	1260.7	1484.23	1278.99	1462.95	1222.74	
1469.87	1213.62	1487.8	1241.06	1509	1266.31	1478.56	1235.35	
1478.7	1218.51	1483.4	1229.31	1521.37	1246.93	1503.43	1245.72	
1489.73	1233.97	1489.16	1226.27	1535.16	1232.41	1520.29	1248.79	
1495.61	1249.42	1474.26	1227.25	1541.52	1218.11	1524.45	1248.95	
8530.8	8275.23	8546.06	8293.82	8544.74	8243.82	8595.38	8283.81	
8528.91	8257.66	8553.35	8286.63	8545.24	8272.71	8555.73	8279.07	
8534.71	8252.25	8550.42	8302.16	8555.19	8267.96	8503.84	8272.42	
8534.17	8271.86	8523.75	8270.82	8542.47	8268.5	8488.29	8256.57	
8541.13	8281.74	8495.85	8238.88	8534.37	8244.41	8480.76	8230.75	
8493.4	8243.99	8464.66	8218.78	8498.36	8221.22	8459.5	8204.39	
8371.31	8124.65	8346.78	8102.56	8366.25	8108.98	8339.43	8109.18	
8191.81	7942.5	8177.81	7915.29	8184.74	7930.68	8164.36	7945.05	
8131.21	7887.8	8142.29	7833.6	8130.06	7865.93	8120.86	7889.2	
8093.96	7883.29	8118.42	7794.63	8108.99	7850.33	8108.55	7864.49	
8089.47	7862.43	8082.37	7797.63	8084.48	7865.48	8122.28	7852.96	
8101.42	7864.56	8074.88	7844.38	8071.64	7843.68	8105.97	7842.28	
8117.02	7853.35	8076.16	7878.47	8065.33	7812.65	8100.84	7819.31	
8114.66	7805.56	8086.61	7886.76	8066.14	7819.24	8097.68	7818.83	
8081.81	7779.91	8096.43	7877.26	8094.39	7809.88	8091.08	7811.3	
8068.85	7779.54	8112.71	7827.25	8080.52	7792.39	8083.8	7791.9	
8045.49	7748.02	8063.42	7790.63	8047.46	7772.82	8036.59	7769.04	
7817.22	7545.04	7827.61	7576.47	7824.26	7559.04	7808.79	7568.04	
6319.37	6088.66	6324.19	6103.5	6313.96	6098.81	6309.68	6099.55	
3280.96	3093.85	3286.97	3077.51	3242.84	3095.33	3266.39	3087.17	
1778.49	1590.43	1788.49	1554.93	1716.02	1581.52	1755.67	1580.78	
1541	1344.19	1564.03	1300.47	1482.23	1322.62	1530.63	1335.46	
1538.11	1301.56	1523.29	1264.93	1449.17	1286.74	1495.79	1301.96	
1538.54	1268.84	1502.27	1244.43	1420.59	1258.71	1502.41	1295.82	
1531.01	1247.88	1472.46	1258.03	1421.82	1283.46	1504.76	1256.13	
1505.81	1224.99	1478.77	1266.25	1436.82	1274.25	1460.04	1240.86	
1494.16	1203.88	1486.1	1259.28	1461.85	1275.24	1429.2	1214.89	
1489.86	1218.38	1480.39	1248.91	1515.61	1288.02	1434.88	1217.15	
1490.13	1206.27	1488.51	1226.43	1524.19	1277.77	1479.44	1231.32	
1486.44	1198.17	1521.71	1207.13	1527.72	1263.31	1510.67	1234.1	
1502.34	1219	1489.45	1218.12	1534.46	1233.57	1531.2	1221.85	
1530.17	1252.62	1474.3	1228.62	1546.63	1214.95	1550.37	1222.47	