
7218.5	
7204.5	
7180.15	
7131.92	
7038.84	
6944.79	
6881.47	
6824.28	
6780.86	
6745.42	
6697.75	
6595.26	
6416.98	
6239.78	
6110.75	
5989.61	
5833.95	
5680.08	
5510.59	
5334.89	
5217.4	
5142.4	
5087.59	
5034.61	
4989.63	
4952.97	
4925.91	
4903.27	
4879.94	
4857.31	
4835.32	
4822.01	
7250.11	
7236.75	
7212.83	
7167.23	
7078.33	
6974.51	
6896.1	
6836.68	
6789.02	
6751.99	
6706.8	
6597.85	
6392.08	
6224.73	
6112.86	
5989.15	
5836.52	
5683.42	
5503.99	
5331.55	
5229.73	
5152.45	
5084.36	
5029.79	
4985.75	
4949.59	
4922.31	
4897.07	
4868.53	
4839.41	
4818.01	
4803.26	
7275.84	
7266.69	
7249.46	
7208.83	
7135.12	
7019.13	
6918.17	
6854.02	
6799.94	
6761.21	
6710.05	
6588.48	
6392.28	
6215.75	
6094.09	
5973.18	
5837.26	
5683.2	
5505	
5353.34	
5252.38	
5163.77	
5078.59	
5021.21	
4979.18	
4944.87	
4915.71	
4880.88	
4843.17	
4813.86	
4790.58	
4778.04	
7300.42	
7295.31	
7282.94	
7253.52	
7189.39	
7086.14	
6963.76	
6874.43	
6820.65	
6773.38	
6707.57	
6586.33	
6397.51	
6219.47	
6067.48	
5944.24	
5823.2	
5680.69	
5529.23	
5394.57	
5282.96	
5163.83	
5073.73	
5013.26	
4972.24	
4938.46	
4896.42	
4850.08	
4803.87	
4773.83	
4757.5	
4746.14	
7333.99	
7327.72	
7317.52	
7296.31	
7248.69	
7154.5	
7033.19	
6922.48	
6846.04	
6788.45	
6711.7	
6584.09	
6418.19	
6236.35	
6048.04	
5899.25	
5795.36	
5687.3	
5572.15	
5450.48	
5294.52	
5160.3	
5069.37	
5006.08	
4962.53	
4921.88	
4868.38	
4806.01	
4760.83	
4734.07	
4722.7	
4714.42	
7371.28	
7367.02	
7357.21	
7340.51	
7300.38	
7235.72	
7134.91	
6997.22	
6889.2	
6804.1	
6710.59	
6604.84	
6441.7	
6252.09	
6049.73	
5865.48	
5764.27	
5694.96	
5618.6	
5476.64	
5300.89	
5156.75	
5060.37	
4998.62	
4942.59	
4889.68	
4822.21	
4759.21	
4718.88	
4700.52	
4689.33	
4684.57	
7413.26	
7407.35	
7398.3	
7384.39	
7358.13	
7307.29	
7227.25	
7103.14	
6953.44	
6824.46	
6725.05	
6619.25	
6467.22	
6258	
6051.34	
5860.88	
5750.45	
5698.9	
5630.21	
5489.54	
5306.05	
5155.14	
5054.86	
4979.23	
4904.5	
4829.77	
4767.47	
4709.42	
4681.63	
4668.25	
4662.7	
4658.55	
7461.07	
7453.33	
7445.31	
7432.06	
7409.58	
7374.22	
7314.91	
7205.01	
7041.04	
6866.58	
6731.23	
6635.03	
6490.22	
6266.53	
6046.62	
5868.11	
5761.83	
5692.08	
5620.45	
5486.44	
5310.92	
5159.61	
5045.7	
4950.78	
4841.25	
4758.86	
4697.11	
4663.06	
4644.09	
4638.72	
4635.54	
4631.85	
7515.07	
7508.63	
7497.38	
7487.76	
7474.74	
7449.93	
7398.89	
7306.25	
7127.45	
6910.89	
6754.7	
6646.55	
6500.6	
6279.09	
6056.34	
5902.86	
5800.58	
5690.25	
5578.99	
5460.55	
5306.78	
5158.14	
5032.78	
4910.71	
4777.45	
4676.59	
4634.1	
4612.19	
4602.07	
4598.43	
4595.21	
4591.69	
7581.62	
7577.59	
7574.72	
7572	
7558.44	
7530.65	
7484.77	
7386.4	
7215.87	
6999.56	
6799.95	
6653.73	
6497.18	
6282.61	
6093.3	
5969.1	
5846.82	
5697.27	
5542.64	
5405.03	
5274.82	
5146.87	
5014.35	
4856.49	
4700.92	
4610.93	
4574.68	
4555.43	
4541.89	
4530.1	
4528.23	
4529.66	
7680.17	
7682.19	
7689.57	
7677.37	
7658.51	
7625.35	
7571.49	
7469.97	
7330.19	
7111.06	
6855.06	
6671.07	
6478.56	
6279.75	
6143.6	
6029.11	
5887.24	
5714.55	
5509.45	
5352.61	
5241.65	
5122.96	
4978.54	
4784.27	
4636.55	
4539.3	
4493.31	
4464.28	
4439.66	
4424.56	
4419.92	
4421.91	
7798.48	
7808.58	
7802.52	
7789.68	
7762.04	
7726.91	
7654.11	
7554.7	
7423.82	
7217.35	
6933.03	
6695.46	
6467.29	
6281.41	
6178.81	
6070.88	
5908.34	
5709.44	
5505.39	
5322.53	
5199.09	
5087.31	
4921.85	
4713.14	
4560.3	
4465.28	
4391.48	
4348.71	
4319.6	
4299.23	
4285.62	
4286.37	
7902.28	
7903.63	
7891.76	
7871.75	
7847.96	
7806.79	
7732.27	
7633.57	
7511.34	
7322.7	
7044.61	
6746.19	
6466.89	
6293.53	
6199.75	
6086.08	
5900	
5704.85	
5500.03	
5314.95	
5170.9	
5017.12	
4820.93	
4632.66	
4465.53	
4364.1	
4299.08	
4246.2	
4205.45	
4170.72	
4144.61	
4127.12	
7984.86	
7972.11	
7952.33	
7931.75	
7914.42	
7878.1	
7815.7	
7716.18	
7593.71	
7436.79	
7178.85	
6801.12	
6481.49	
6317.64	
6222.12	
6079.28	
5865.98	
5687.35	
5511.49	
5306.66	
5134.14	
4939.93	
4719	
4518.46	
4371.8	
4261.07	
4200	
4139.39	
4092.7	
4048.77	
4014.68	
3991.93	
8050.31	
8031.69	
8012.23	
8001.29	
7982.52	
7955.24	
7898.8	
7810.55	
7684.83	
7531.73	
7280.59	
6891.19	
6536.42	
6362.85	
6236.99	
6058.34	
5829.12	
5674.63	
5521.48	
5291.73	
5083.65	
4847.68	
4613.42	
4425.7	
4247.81	
4131.84	
4055.02	
4001.05	
3948.68	
3934.61	
3908.66	
3896.55	
8127.57	
8115.19	
8108.01	
8095.31	
8072.74	
8040.49	
7993.98	
7913.79	
7787.86	
7628.02	
7400.76	
6997.4	
6644.42	
6440.61	
6251.57	
6032.5	
5810.73	
5658.52	
5507.87	
5268.06	
5007.46	
4749.3	
4469.39	
4295.39	
4131.88	
3938.67	
3838.81	
3791.74	
3770.81	
3754.2	
3772.03	
3752.42	
8253.38	
8249.2	
8237.66	
8217.88	
8198.23	
8162.51	
8117.43	
8026.18	
7901.8	
7746.01	
7504.76	
7168.29	
6825.85	
6517.75	
6283.05	
6056.07	
5802.09	
5620.47	
5464.01	
5239.07	
4927.33	
4603.81	
4351.13	
4110.26	
3944.27	
3770.35	
3641.2	
3585.54	
3547.21	
3512.52	
3469.99	
3446.24	
8401.61	
8395.16	
8380.03	
8372.07	
8351.11	
8315.14	
8244.94	
8151.14	
8024.63	
7851.63	
7632.38	
7364.83	
7020.38	
6616.22	
6334.2	
6088.81	
5807.19	
5585.56	
5390.44	
5147.27	
4829.18	
4486.83	
4209.61	
3962.75	
3728.3	
3576.46	
3442.6	
3366.7	
3276.88	
3177.17	
3078.45	
3030.34	
8536.38	
8530.75	
8527.22	
8508.98	
8472.92	
8423.16	
8359.52	
8278.18	
8140.78	
7970.19	
7768.71	
7529.22	
7176.64	
6723.93	
6386.21	
6103.11	
5824.56	
5546.01	
5290.2	
5016.46	
4674.97	
4351.86	
4064.62	
3764.68	
3501.63	
3307.44	
3153.96	
3007.03	
2873.93	
2693.88	
2580.73	
2516.95	
8686.26	
8673.99	
8652.76	
8613.68	
8573.18	
8518.83	
8456.29	
8369.17	
8252.56	
8081.91	
7894.97	
7649.8	
7289.17	
6855.49	
6432.03	
6125.5	
5826.97	
5481.95	
5167.39	
4852.83	
4515.61	
4188.22	
3844.31	
3523.28	
3237.53	
2986.65	
2769.56	
2510.15	
2311.56	
2192.91	
2082.7	
2017.31	
8834.32	
8813.44	
8779.03	
8745.69	
8698.44	
8627.21	
8545.61	
8449.88	
8333.58	
8195.34	
8003.46	
7740.72	
7420.97	
6997.61	
6508.59	
6159.66	
5822.67	
5423.98	
5056.8	
4664.16	
4351.87	
4011.19	
3641.8	
3288.89	
2948.82	
2608.62	
2295.5	
2087.77	
1929.01	
1851.83	
1820.26	
1793.66	
8974.71	
8945.18	
8927.3	
8894.19	
8835.29	
8761.28	
8666.23	
8546.15	
8428.46	
8289.59	
8103.04	
7873.93	
7575.78	
7104.14	
6609.17	
6217.43	
5800.65	
5391.77	
4941.17	
4520.25	
4135.97	
3828.94	
3485.21	
3070.87	
2616.24	
2200.56	
1943.27	
1811.09	
1740.46	
1698.46	
1677.22	
1670.95	
9149.64	
9128.56	
9090.67	
9042.71	
8979.86	
8916.49	
8835.59	
8703.35	
8542.36	
8401.12	
8232.49	
8015.14	
7674.59	
7213.96	
6711.61	
6260.3	
5832.05	
5336.36	
4825.12	
4359.6	
4005.63	
3690.52	
3320.35	
2817.9	
2276.06	
1917.85	
1761.1	
1674.17	
1633.59	
1611.9	
1601.01	
1593.29	
9334.61	
9310.41	
9277.08	
9240.76	
9180.53	
9114.57	
9018.8	
8860.5	
8691.83	
8527.34	
8363.43	
8110.49	
7772.93	
7322.62	
6784.16	
6319.59	
5834.31	
5280.92	
4729.58	
4264.43	
3890.03	
3581.83	
3166.96	
2523.14	
2022.26	
1777.02	
1661.92	
1603.53	
1569.42	
1553.98	
1541.64	
1536.16	
9525.18	
9486.9	
9467.33	
9447.29	
9426.3	
9354.54	
9208.88	
9033.42	
8826.38	
8641.55	
8447.45	
8199.35	
7875.88	
7403.81	
6838.15	
6358.52	
5831.95	
5213.11	
4667.55	
4163.14	
3805.39	
3444.22	
2907.27	
2263.38	
1863.05	
1694.49	
1601.5	
1546.57	
1521.2	
1504.52	
1492.18	
1482.06	
9829.46	
9779.74	
9758.55	
9730.98	
9655.07	
9552.57	
9412.54	
9216.73	
8963.76	
8722.12	
8517.72	
8290.66	
7948.8	
7481.27	
6900.97	
6367.73	
5796.58	
5174.55	
4623.82	
4135.17	
3646.97	
3186.45	
2624.17	
2045.1	
1763.09	
1629.58	
1543.45	
1490.12	
1466.7	
1452.87	
1443.77	
1434.79	
10297.1	
10265.8	
10189.7	
10023.2	
9878.23	
9758.57	
9583.56	
9365.96	
9096.17	
8816.15	
8587.97	
8348.96	
8022.93	
7580.01	
6979.6	
6343.32	
5761.4	
5161.42	
4607.81	
4072.26	
3518.29	
2908.25	
2283.4	
1907.97	
1687.92	
1572.54	
1490.66	
1436.42	
1407.96	
1397.44	
1386.1	
1381.91	
10788.6	
10671.3	
10469.3	
10285.6	
10129	
9924.67	
9756.43	
9533.07	
9233.26	
8909.5	
8672.84	
8407.38	
8106.96	
7690.35	
7020.08	
6317.08	
5747.86	
5178.11	
4575.51	
4031.62	
3417.56	
2675.44	
2116.35	
1791.85	
1631.32	
1524.57	
1447.77	
1387.9	
1355.79	
1338.8	
1329.57	
1320.75	
11071.4	
10944.3	
10791.1	
10611.7	
10289.2	
10092.1	
9924.04	
9677.93	
9326.56	
9027.35	
8733.21	
8456.88	
8181.55	
7740.24	
7033.63	
6307.78	
5754.4	
5183.32	
4584.2	
3975.22	
3327.89	
2557.31	
1999.86	
1739.8	
1585.44	
1491.89	
1411.44	
1353.01	
1309.2	
1287.89	
1270.18	
1255.3	
11475	
11357.3	
11161.2	
10756.6	
10465.1	
10231.1	
9998.69	
9752.05	
9418.08	
9100.56	
8775.57	
8502.83	
8214.25	
7737.84	
7041.5	
6332.99	
5762.46	
5191.07	
4580.82	
3955.05	
3240.54	
2463.04	
1929.15	
1692.08	
1557.18	
1459.66	
1388.62	
1326.89	
1274.71	
1223.64	
1200.39	
1175.32	
12103.9	
11815	
11358.3	
10913.2	
10570.9	
10298.7	
10041.3	
9802.06	
9479.65	
9146.28	
8794.65	
8550.88	
8234.93	
7709.85	
7033.56	
6374.76	
5778.95	
5182.68	
4600.11	
3950.35	
3172.23	
2383.98	
1882.72	
1657.73	
1531.05	
1438.81	
1372.65	
1309.63	
1245.76	
1178.99	
1099.51	
1069.23	
12725.5	
12064.6	
11500.7	
10984.1	
10643.6	
10358.1	
10084.1	
9805.86	
9520.55	
9172.53	
8849.95	
8579.14	
8216.77	
7686.07	
7005.06	
6386.46	
5803.46	
5207.23	
4629.91	
3940.16	
3107.78	
2313.23	
1849.29	
1638.88	
1511.12	
1424.48	
1361.47	
1301.46	
1229.14	
1146.91	
1050.35	
932.211	