
7981.17	8827.64	8045.83	8857.39	7917.24	8795.28	7939.94	8841.77	
8015.24	8820.85	8062.22	8813.18	7943.84	8778.42	7969.51	8822.93	
8098.69	8719.24	8146.5	8722.85	8060.61	8701.61	8080.74	8733.39	
8323.24	8476.11	8361.87	8519.38	8323.41	8474.55	8330.7	8499.55	
8478.51	8320.15	8507.91	8389.09	8487.56	8327.44	8489.71	8346.33	
8527.98	8286.66	8531.31	8348.07	8538.43	8277.09	8531.76	8312.63	
8535.1	8270.8	8542.65	8310.07	8553.35	8277.28	8546.43	8275.05	
8546.92	8269.65	8538.27	8257.94	8551.14	8285.16	8558.71	8287.43	
8521.98	8281.77	8525.26	8242.57	8548.39	8275.79	8521.82	8278.44	
8529.42	8289.29	8496.96	8229.37	8536.06	8260.62	8501.4	8239.27	
8494.62	8237.57	8472.59	8215.24	8495.25	8241.33	8471.1	8209.23	
8372.62	8126.57	8355.38	8099.28	8368.24	8127.25	8350.68	8110.23	
8191.87	7945.89	8178.23	7909.11	8191.2	7945.94	8171.65	7950.29	
8143.08	7888.37	8130.94	7840.06	8118.89	7868.86	8120.3	7891.63	
8111.35	7863.89	8105.96	7802.58	8094.42	7857.79	8125.44	7861.7	
8093.04	7857.74	8093.13	7818.44	8077.54	7840.64	8115.23	7845.49	
8099.65	7830.81	8092.41	7854.05	8074.81	7825.54	8099.28	7825.56	
8109.78	7801.19	8103.76	7868.91	8077.38	7814.31	8093.55	7802.1	
8073.82	7786.92	8117.58	7841.15	8090.98	7796.13	8089.33	7788.9	
8037.07	7752.74	8063.67	7796.02	8058.17	7756.39	8046.52	7763.46	
7754.93	7477.1	7767.68	7517.47	7766.34	7485.24	7755.21	7492.23	
5974.21	5717.05	5982.89	5741.75	5981.95	5727.35	5980.79	5730.18	
2819.06	2573.23	2828.5	2573.74	2816.23	2590.92	2840.51	2592.74	
1684.95	1425.39	1697.44	1418.34	1683.31	1450.7	1719.14	1460.21	
1537.17	1259.94	1544.56	1246.95	1530.98	1283.44	1571.9	1312.15	
1498.44	1252.43	1498.14	1244.92	1500.98	1261.58	1566.17	1294.88	
1506.73	1262.27	1463.84	1242.19	1487.44	1252.48	1557.78	1261.15	
1478.85	1260.47	1460.11	1255.03	1499.1	1224.3	1542.05	1229.27	
1483.28	1232.96	1461.35	1246.61	1491.7	1222.77	1515.5	1220.2	
1504.38	1207.5	1477.45	1249.28	1478.34	1210.86	1494.28	1210.12	
1515.92	1209.54	1489.01	1234.68	1511.28	1235.49	1471.41	1201.32	
1504.91	1205.56	1516.95	1219.95	1519.29	1266.17	1453.3	1195.73	
7984.45	8839.41	8040.72	8819.93	7936.67	8814.81	7950.69	8855.37	
7990.51	8817.02	8051	8814.36	7954	8804.1	7974.71	8834.98	
8055.82	8742.5	8111.89	8748.25	8043.95	8727.99	8058.97	8760.33	
8254.67	8536.6	8295.86	8577.55	8264.55	8533.43	8270.97	8556.47	
8446.24	8359.98	8454.95	8415.99	8457.42	8356.75	8456.07	8375.97	
8504.06	8305.08	8499.19	8356.08	8517.55	8309.41	8517.19	8304.54	
8525.06	8290.48	8510.24	8308.4	8532	8295.33	8532.53	8305.28	
8519.59	8282.46	8517.6	8279.6	8528.75	8283.83	8530.21	8297.1	
8519.31	8285.31	8512.59	8246.85	8519.35	8283.19	8525.97	8283.94	
8503.43	8275.63	8495.25	8232.72	8503.67	8267.24	8491.75	8263.56	
8479.61	8256.65	8460.53	8212.34	8471.42	8245.39	8458.92	8218.64	
8360.92	8132.7	8344.62	8105.38	8358.4	8133.93	8340.38	8115.91	
8176.31	7945.16	8169.42	7911	8173.61	7940.02	8158.55	7950.39	
8106.79	7882.73	8112.56	7829.57	8124.61	7890.76	8106.99	7892.49	
8098.97	7870.23	8097.05	7822.66	8092.57	7871.96	8096.67	7881.7	
8091.3	7858.12	8086.41	7841.87	8071.12	7854.82	8101.03	7856.13	
8098.28	7840.53	8081.33	7870.29	8059.46	7824.12	8100.95	7832.95	
8086.25	7812.4	8084.62	7864.39	8076.14	7811.02	8083.62	7817.11	
8080.68	7789.48	8077.49	7845.98	8078.44	7797.26	8063.44	7803.96	
8038.32	7755.84	8049.37	7804.22	8043.26	7770.24	8031.69	7772.86	
7732.72	7463.84	7742.75	7501.76	7745.09	7471.72	7732.94	7478.83	
5775.09	5536.05	5782.44	5559.42	5782.94	5546.46	5780.47	5545.23	
2657.63	2435.02	2666.51	2436.1	2659.02	2452.37	2677.31	2444.05	
1650.05	1408.89	1660.81	1401.64	1643.79	1430.34	1676.91	1429.76	
1519.8	1282.81	1533.71	1281.69	1518.27	1309.16	1564.82	1302.13	
1507.35	1266.62	1500.57	1256.23	1484.99	1285.1	1543.99	1283.45	
1481.92	1265.77	1480.66	1256.16	1480.5	1271.97	1534.03	1262.1	
1475.64	1257.82	1466.95	1255.24	1478.83	1258.62	1521.76	1244.21	
1469.81	1244.64	1469.09	1256.84	1484.3	1234.61	1503.7	1225.47	
1489.38	1230.29	1473.07	1251.71	1492.48	1229.74	1479.94	1225.19	
1503.73	1221.22	1485.19	1245.17	1502.7	1238.03	1459.24	1221.93	
1519.18	1229.49	1478.16	1232.62	1524.86	1261.16	1444.25	1227.87	
7974.94	8840.88	8031.56	8810.46	7949.08	8858.04	7967.5	8861.4	
7975.37	8817.15	8035.83	8806.57	7977.77	8816.48	7989.08	8839.2	
8017.71	8759.01	8073.65	8776.77	8035.95	8751.69	8044.14	8775.52	
8169.11	8631.63	8185.03	8654.59	8182.45	8623.66	8181.34	8638.6	
8335.26	8469.89	8327.49	8505.09	8346.42	8471.65	8345.67	8471.17	
8424.56	8382.58	8402.53	8405.3	8428.87	8387.01	8431.01	8389.96	
8466.17	8332.1	8441.39	8349.2	8470.44	8333.19	8469.39	8347.63	
8490.05	8317.71	8463.98	8295.92	8485.08	8306.74	8503.52	8326.56	
8481.69	8297.84	8481	8267.3	8472.55	8287.17	8488.54	8306.84	
8466.28	8268.33	8474.1	8241.77	8454.38	8285.46	8478.73	8281	
8409.19	8242.54	8406.29	8205.7	8407.53	8245.22	8403.32	8233.95	
8290.74	8135.24	8277.72	8096.86	8286.27	8126.25	8272.87	8117.13	
8147.07	7990.14	8148.06	7948.45	8156.88	7992.74	8139.62	7992.54	
8081.27	7922.73	8091.49	7873.48	8089.2	7919.85	8069.71	7934.32	
8061.38	7893.73	8070.91	7862.81	8077.63	7901.13	8061.05	7907.69	
8073.29	7877.2	8066.17	7875.47	8049.03	7874.14	8073.02	7883.69	
8075.94	7858.88	8057.73	7884.78	8049.1	7851.71	8072.99	7853.35	
8068	7837.87	8051.68	7873.76	8059.91	7821.9	8056	7839.82	
8055.25	7800.31	8032.9	7852.26	8055.5	7803.27	8042.5	7830.67	
8008.94	7744.31	7992.69	7791.43	8008.99	7753.34	7990.93	7766.4	
7638.99	7388.92	7645.85	7428.34	7644.89	7400.07	7633.88	7403.44	
5605.25	5388.3	5611.55	5412.61	5611.73	5399.59	5610.84	5395.4	
2525.38	2325.81	2530.96	2326.74	2527.14	2342.21	2540.74	2325.13	
1640.45	1450.2	1649.65	1449.19	1640.66	1468.59	1666.88	1440.42	
1515.23	1319.04	1519.51	1312.24	1494.84	1333.75	1531.55	1302.27	
1486.8	1291.97	1496.8	1285.81	1471.15	1317.43	1507.43	1272.66	
1477.23	1268.4	1480.94	1274.52	1455.08	1310.52	1508.77	1260.9	
1449.72	1262.78	1482.72	1263.82	1460.4	1290.66	1495.58	1251.27	
1461.55	1255.55	1470.17	1268.43	1466.83	1271.35	1476.12	1244.83	
1472.54	1253.36	1467.25	1267.04	1485.45	1242.45	1461.35	1244.23	
1489.58	1251.89	1467.84	1255.87	1509.34	1233.02	1446.67	1263.79	
1499.15	1248.72	1467.94	1260.53	1519.68	1226.44	1436.95	1264.05	
7947.85	8839.97	8013.85	8831.6	7983.56	8854.26	7978.02	8847.48	
7970.38	8827.56	8011.92	8826.04	7993.79	8834.44	7988.54	8832.75	
8008.09	8800.21	8018.36	8797.76	8025.67	8794.93	8020.62	8795.62	
8069.35	8738.73	8050.87	8749.7	8076.48	8737.31	8075.13	8742.56	
8150.55	8668.29	8107.74	8672.9	8147.1	8665.34	8151.42	8670.41	
8239.07	8555.29	8194.04	8567.71	8239.62	8555.76	8240.96	8568.31	
8329.56	8447.09	8288.63	8440.98	8324.07	8441.33	8331.83	8459.97	
8370.53	8387.35	8343.41	8371.96	8362.57	8377.42	8372.5	8399.34	
8386.83	8335.75	8377.57	8309.51	8376.95	8334.11	8400.45	8346.86	
8342.15	8296.11	8347.37	8268.87	8334.48	8300.44	8355.21	8306.78	
8264.23	8242.7	8269.69	8213.72	8257.4	8258.15	8274.28	8253.68	
8105.28	8172.84	8107.84	8137.74	8110.54	8178.27	8103.02	8175.54	
8006.59	8113.64	8010.6	8077.93	8013.24	8111.03	7999.94	8113.01	
7955.41	8052.74	7963.99	8028.04	7966.96	8053.28	7952.51	8061.19	
7964.25	7994.52	7968.29	7981.55	7963.47	7993.51	7961.21	8004.71	
7986.59	7953.35	7982.21	7956.66	7982.44	7953.26	7981.6	7959.57	
8012.31	7916.17	7994.66	7935.34	7998.74	7909.42	7998.48	7920.58	
8020.86	7874.71	7994.43	7907.16	8016.42	7862	8009.91	7889.64	
8001.61	7832.72	7979.88	7860.01	8007.53	7823.08	7999.25	7849.15	
7896.95	7710.82	7875.48	7752.76	7899.42	7713.95	7889.12	7738.51	
7361.48	7164.16	7347.27	7206.98	7359.99	7174.03	7349.93	7184.66	
5254.79	5070.35	5260.77	5093.01	5258.44	5082.62	5257.82	5075.56	
2561.31	2400.91	2563.5	2411.28	2561.56	2417.18	2573.44	2385.21	
1634.28	1491.68	1632.55	1489.96	1628.82	1504.37	1640.47	1453.57	
1486.93	1349.79	1490.17	1345.57	1484.41	1369.61	1494.94	1304.03	
1469.5	1313.42	1469.72	1308.82	1444.21	1353.51	1480.43	1274.81	
1446.06	1286.76	1477.3	1289.07	1443.63	1339.11	1474.8	1262.3	
1445.99	1264.19	1467.97	1282.1	1437.26	1331.12	1465.33	1256.91	
1447.94	1265.54	1463.5	1284.28	1450.61	1296.96	1451.08	1264.24	
1459.88	1266.58	1453.9	1280.97	1472.56	1262.61	1439.77	1279.84	
1469.48	1271.74	1454.93	1271.18	1493.99	1227.16	1433.89	1289.35	
1473.04	1272.29	1471.5	1254.86	1520.77	1206.42	1440.93	1309.55	
7923.6	8854.55	7987.57	8858.22	7996.1	8858.29	7973.6	8833.46	
7951.47	8849.62	7979.74	8846.17	8007.94	8851.86	7975.32	8825.62	
7998.95	8824.76	7972.56	8831.01	8008.95	8839.54	7991.45	8821.49	
8027.96	8815.45	7964.31	8812.37	8008.65	8812.75	8020.47	8810.86	
8034.33	8770.16	7969.88	8783.46	8030.19	8773.05	8037.2	8786.22	
8079.38	8720.75	8009.71	8715.7	8070.16	8712.65	8065.71	8734.34	
8109.58	8652.04	8049.5	8632.89	8100.26	8637.14	8089.52	8661.21	
8120.41	8530.44	8085.58	8504.89	8113.55	8521.38	8117.96	8533.6	
8108.43	8423.92	8095.38	8402.34	8105.23	8419.75	8122.52	8433.55	
8044.61	8344.35	8045.01	8316.96	8040.32	8345.85	8066.08	8358.43	
7929.28	8303.28	7935.51	8269.71	7925.65	8307.64	7946.3	8313.98	
7845.63	8280.77	7850.87	8248.87	7846.02	8295.29	7858.04	8291.33	
7757.29	8266.31	7765.61	8243.76	7765.9	8272.3	7759.35	8273.46	
7736.69	8238.87	7742.59	8228.56	7743.87	8240.97	7736.86	8242.53	
7746.16	8200.1	7749.87	8204.83	7752.59	8194.71	7739.14	8206.73	
7789.59	8133.86	7792.11	8151.28	7797.35	8125.83	7784	8139.38	
7842.58	8058.3	7836.16	8086.62	7849.73	8049.35	7836.29	8073.15	
7875.08	7991.61	7857.93	8016.14	7877.04	7982.17	7874.31	8004.27	
7843.93	7911.07	7822.95	7938.72	7847.87	7903.13	7848.25	7928.59	
7646.4	7647.1	7629.61	7676.38	7652.16	7643.78	7654.84	7666.12	
6761.53	6681.88	6746.91	6717.02	6766.53	6687.98	6762.29	6702.79	
4660.36	4525.58	4650.8	4550.49	4660.04	4537.58	4659.46	4525.17	
2457.54	2344.52	2455.58	2351.69	2452.68	2357.23	2457.22	2315.72	
1612.64	1514.98	1606.42	1522.66	1608.93	1534.11	1610.95	1467.5	
1468.72	1370.9	1460.67	1373.7	1465.04	1395.47	1468.82	1313.06	
1436.97	1330.99	1450.77	1338.24	1442.62	1374.63	1446.16	1283.89	
1432.82	1311.52	1450.78	1307.57	1424.1	1373.35	1434.19	1274.68	
1436.52	1284.23	1444.66	1302.38	1432.64	1351.94	1426.51	1284.13	
1438.33	1270.1	1436.34	1296.65	1440.15	1319.81	1424.3	1294.45	
1435.21	1274.99	1435.32	1293.49	1461.73	1277.37	1422.23	1303.29	
1444.4	1279.87	1452.57	1277.97	1481.08	1236.77	1431.55	1321.29	
1448.86	1283.7	1460.68	1258.1	1470.84	1216.04	1437	1314.14	
7894.91	8874.82	7959.89	8866.26	8000.01	8870.52	7957.95	8827.33	
7932.22	8862.73	7955.42	8859.88	7993.14	8873.02	7953.56	8844.99	
7980.53	8855.83	7939.81	8851.45	7991.44	8867.24	7969.16	8849.42	
8004.24	8831.25	7920.84	8854.14	7987.82	8850.85	7992.72	8839.89	
8008.12	8811.83	7917.46	8825.44	7979.18	8814.39	7989.57	8832.54	
7999.26	8801.26	7918.65	8791.71	7982.36	8786.21	7966.46	8820.75	
7986.65	8783.58	7923.88	8738.46	7985.1	8749.97	7961.44	8763.62	
7920.79	8664.13	7886.17	8631.52	7924.51	8641.33	7918.72	8654.23	
7791.25	8468.24	7771.64	8457.2	7782.96	8478.99	7807.21	8491.24	
7720.01	8394.3	7719.87	8376.46	7715.65	8400.64	7751.98	8418.49	
7669.99	8370.18	7681.51	8341.45	7669.02	8375.69	7702.59	8388.67	
7642.07	8361.53	7652.12	8317.28	7639.64	8358.12	7664.54	8364.08	
7634.05	8337.81	7635.94	8300.21	7633.85	8356.45	7641.28	8345.74	
7620.99	8327.96	7628.33	8318.29	7626.06	8328.18	7600.6	8336.17	
7614.49	8314.59	7634.43	8333.33	7632.89	8301.34	7608.9	8306.9	
7623.9	8282.14	7636.36	8322.71	7643.22	8266.15	7620.9	8293.02	
7641.5	8243.01	7638.22	8277.98	7654.07	8229.88	7652.45	8252.12	
7639.13	8178.05	7628.88	8212.22	7651.29	8172.07	7659.07	8198.93	
7580.63	8024.12	7568.27	8055.04	7585.41	8023.45	7606.01	8041.31	
7211.05	7493.99	7204.44	7524.75	7225.23	7491.26	7232.95	7511.36	
5856.61	5897.04	5845.32	5924.69	5867.07	5900.08	5869.47	5908.9	
3662.17	3604.74	3644.41	3626.49	3663.94	3612.82	3662.59	3597.73	
2116.47	2055.66	2102.31	2064.67	2115.01	2069.08	2112.98	2021.62	
1563.42	1509.54	1555.74	1516.18	1558.74	1529.55	1559.31	1463.97	
1443.03	1382.98	1440.14	1402.07	1443.26	1416.62	1438.18	1337.14	
1420.6	1356.7	1425.87	1359.23	1431.55	1400.54	1408.88	1311.5	
1418.44	1320.74	1409.4	1346.92	1425.44	1389.23	1402.8	1306.18	
1420.43	1304.24	1404.17	1324.01	1429.68	1368.45	1395.39	1312.46	
1412.52	1291.53	1404.57	1311.24	1445.68	1333.38	1393.38	1323.5	
1416.38	1284.03	1420.05	1299.64	1444.96	1288.06	1409.57	1331.26	
1412.72	1290.47	1438.34	1290.34	1447.28	1261.27	1430.96	1332.78	
1423.78	1295.95	1453.56	1274.59	1441.4	1245.72	1445.13	1335.68	
7856.23	8916.62	7913.56	8919.04	7941.47	8932.25	7893.63	8898.14	
7887.15	8913.04	7909.06	8903.6	7944.32	8917.1	7915.78	8887.14	
7923.53	8893.09	7886.22	8906.7	7946.1	8906.48	7927.95	8898.99	
7952.68	8870.31	7876.67	8893.87	7944.93	8883.72	7931.68	8888.76	
7977.92	8849.11	7877.99	8869.29	7941.31	8856.97	7930.97	8863.32	
7957.45	8848.96	7881.42	8830.06	7928.75	8818.64	7927.76	8844.33	
7916.04	8832.08	7870.16	8796.85	7920.32	8792.19	7900.71	8817.65	
7832.34	8726.85	7796.46	8695.19	7834.78	8704.03	7826.22	8717.65	
7671.92	8504.53	7655.8	8495.65	7666.59	8510.06	7693.28	8522.22	
7610.38	8405.98	7597.46	8405.82	7596.61	8431.59	7638.84	8445.07	
7576.06	8400.59	7595.89	8368.05	7578.29	8394.33	7627.77	8416.56	
7571.56	8381.3	7597.64	8329.7	7571.16	8385.15	7603.89	8395.06	
7588.71	8379.03	7590.28	8319.43	7572.69	8368.32	7575.83	8377.89	
7583.73	8360.11	7600.34	8340.75	7588.43	8366.94	7563.36	8356.62	
7572.06	8345.75	7598.67	8379.47	7589.65	8333.66	7551.13	8349.25	
7570.42	8340.97	7579.07	8379.39	7581.09	8316.88	7573.13	8329.49	
7555.29	8314.86	7553	8352.57	7574.34	8302.66	7577.57	8330.43	
7530	8273.87	7520.27	8311.15	7538.95	8275.93	7571.63	8290.83	
7383.88	8079.11	7391.08	8115.89	7411.19	8076.77	7425.52	8097.1	
6611.7	7075.38	6613.86	7103.81	6630.15	7074.02	6641.14	7090.96	
4624.96	4799	4614.83	4823.27	4634.76	4803.77	4643.5	4804.23	
2667.64	2694.09	2647.81	2718.5	2677.1	2708.79	2677.01	2684.23	
1749.73	1741.57	1724.89	1759.92	1753.78	1754.26	1750.61	1716.29	
1484.35	1471.71	1469.29	1483.84	1486.89	1491.24	1481.33	1435.77	
1417.3	1406.01	1416.79	1408.38	1421.94	1430.97	1408.07	1370.03	
1402.55	1367.31	1383.98	1397.9	1410.85	1414.36	1377.61	1341.54	
1399.37	1346.82	1370.15	1373.31	1420.91	1400.06	1364.76	1338.37	
1403.5	1324.19	1357.99	1351.32	1427.42	1379.48	1363.69	1340.24	
1396.07	1313.08	1384.99	1319.8	1430.1	1342.56	1377.9	1351.07	
1383	1311.17	1413.04	1307.39	1430.26	1310.26	1400.03	1358.8	
1392.06	1303.03	1430.65	1312.28	1415.1	1282.87	1426.13	1353.16	
1387.81	1287.83	1443.64	1326.35	1412.41	1268.14	1449.88	1345.07	
7709.55	9093.06	7727.81	9086.82	7756.6	9101.07	7731.95	9084.39	
7738.03	9065.59	7739.07	9070.39	7772.25	9077.39	7752.75	9067.32	
7765.32	9041.81	7744.08	9050.19	7785.84	9048.54	7770.6	9047.16	
7817.76	8994.26	7764.81	9013.14	7811.14	9001.05	7795.14	9008.7	
7848.22	8957.84	7786.08	8964.31	7827.29	8951.75	7816.09	8962.8	
7851.82	8927	7790.35	8924.3	7827.32	8913.48	7817.95	8926.67	
7817.91	8885.05	7770.12	8868.67	7796.88	8863.74	7793.84	8887.14	
7738.68	8770.02	7708.59	8752.06	7730.68	8756.98	7730.43	8779.06	
7615.58	8547.61	7599.21	8541.2	7606.9	8556.24	7633.55	8569.46	
7557.55	8448.46	7562.73	8434.37	7558.41	8447.67	7602.89	8461.47	
7546.88	8406.59	7559.57	8377.34	7537.49	8427.84	7592.52	8437.73	
7538.84	8405.43	7564.86	8349.76	7541.37	8401.92	7570.22	8417.75	
7544.61	8392.46	7579.62	8340.14	7552.8	8401.52	7540.21	8395.75	
7562.4	8384.29	7569.42	8363.72	7557.42	8380.93	7533.04	8381.68	
7560.49	8367.1	7558.35	8383.67	7553.47	8370.53	7538.04	8357.98	
7542.21	8350.85	7548.73	8392.37	7545.89	8344.56	7547.66	8355.62	
7528.69	8338.56	7527.21	8377.98	7531.48	8329.16	7560.01	8336.03	
7484.33	8301	7500.52	8342.79	7523.05	8295.01	7531.22	8315.4	
7271.11	8043.3	7280.94	8081.16	7299.57	8041.4	7314.68	8061.98	
5928.1	6507.83	5938.17	6532.86	5951.83	6505.35	5962.9	6522.14	
3509.85	3780.34	3509.88	3793.74	3524.58	3784.72	3532.34	3783.02	
1988.12	2078.23	1972.99	2100.56	1999.01	2092.27	2007.02	2070.22	
1522.15	1560.99	1500.23	1591.62	1536.45	1583.06	1535.76	1550.54	
1416.67	1440.55	1390.43	1461.43	1428.7	1454.86	1418.15	1424.69	
1392.38	1411.76	1361.4	1428.66	1402.56	1432.77	1383.92	1385	
1387.46	1393.69	1353.89	1410.48	1398.07	1415.53	1354.05	1373.7	
1395.63	1365.34	1330.1	1400.63	1403.46	1403.16	1334.52	1352.83	
1391.18	1351.09	1343.58	1358.36	1403.94	1385.98	1342.41	1365.11	
1375.94	1343.84	1367.6	1332.75	1404.24	1359.82	1366.25	1367.8	
1372.78	1326.96	1401	1324.84	1400.42	1321.43	1390.85	1367.22	
1368.18	1310	1427.61	1331.94	1392.21	1303.05	1419.92	1367.68	
1392.32	1311.15	1441.2	1350.28	1385.31	1278.58	1434.12	1355.47	
7516.83	9303.96	7507.76	9290.05	7549.32	9306.33	7540.16	9306.69	
7524.11	9292.66	7515.75	9288.94	7547.62	9294.75	7536.98	9297.99	
7556.03	9254.78	7548.79	9268.57	7558.35	9261.35	7549.31	9267.23	
7583.74	9218.65	7576.24	9230.61	7576.07	9220.05	7568.19	9225.97	
7609.73	9174.89	7592.11	9186.27	7589.7	9176.92	7578.31	9188.63	
7619.2	9108.5	7591.84	9123.34	7590.69	9116.25	7579.79	9130.22	
7606.13	8997.21	7572.44	9008.31	7567.68	9011.86	7570.31	9024.35	
7558.24	8820.57	7532.04	8819.93	7525.66	8835.8	7543.09	8852.31	
7508.78	8644.28	7501.11	8632.89	7494.62	8651.57	7521.8	8669.03	
7479.07	8526.21	7484	8503.95	7465.05	8542.9	7507.59	8555.83	
7474.95	8484.33	7489.45	8450.78	7472.55	8491.23	7506.92	8501.9	
7480.96	8459.08	7510.01	8416.82	7486.06	8473.55	7497.1	8472.22	
7489.46	8444.29	7518.4	8407.78	7499.7	8447.54	7490.39	8451.54	
7518.46	8415.99	7527.59	8398.52	7509.99	8420.78	7499.13	8408.14	
7542.99	8399.19	7516.68	8398.63	7507.09	8395.36	7515.48	8383.06	
7525.18	8377.83	7504.34	8391.69	7507.58	8383.25	7536.06	8355.75	
7489.91	8351.35	7500.75	8395.78	7512.27	8347.04	7525.52	8347.5	
7441.06	8296.69	7452.64	8339.31	7463.34	8288.79	7479.18	8300.32	
7161.77	7985.3	7178.03	8021.21	7196.15	7981.38	7201.62	8000.15	
5497.5	6135.75	5509.87	6157.94	5521.13	6139.31	5529.51	6150.93	
2783.14	3077.76	2794.31	3084	2804.87	3076.45	2812.57	3083.17	
1648.29	1784.43	1649.99	1792.8	1664.52	1792.3	1669.86	1780.77	
1406.27	1491.9	1393.32	1515.36	1422.01	1507.26	1428.7	1487.04	
1363.41	1428.91	1337.15	1466.66	1387.47	1453.67	1384.5	1426.28	
1365.17	1418.82	1325	1442.03	1383.44	1421.09	1366.04	1411.09	
1377.02	1406.18	1313.81	1420.05	1375.71	1422.32	1337.01	1391.29	
1380.1	1393.84	1318.03	1390.72	1374.81	1410.2	1323.02	1388.09	
1371.68	1376.95	1332.57	1368.14	1373.05	1401.09	1331.88	1375.79	
1370.48	1363.03	1364.14	1345.74	1370.33	1369.6	1350.49	1376.77	
1371.4	1350.04	1395.28	1339.39	1366.15	1339.2	1378.58	1373.59	
1373.62	1339.25	1412.66	1351.38	1368.7	1310.87	1397.88	1359.72	
1383.76	1345.42	1426.88	1354.83	1367.74	1296.96	1412.35	1360.4	
7431.87	9393.5	7418.85	9352.17	7469.84	9392.45	7464.57	9389.93	
7443	9377.57	7433.43	9382.98	7467.23	9372.28	7462.85	9377.95	
7448.34	9361.83	7460.98	9375.27	7455.95	9358.35	7445.12	9360.13	
7467.19	9337.93	7478.12	9349.54	7442.14	9348.15	7429.21	9357.47	
7467.5	9309.36	7469.37	9335.69	7434.93	9327.73	7422.37	9343.42	
7457.78	9248.05	7453.38	9277.03	7411.52	9276.28	7412.84	9291.01	
7411.61	9111.98	7392.66	9134.32	7373.87	9137.43	7385.89	9144.54	
7353.91	8908.62	7334.32	8915.06	7318.05	8940.39	7334.37	8941.14	
7313.33	8765.46	7304.03	8754.61	7267.41	8807.93	7294.12	8820.07	
7273.89	8724.35	7270.97	8714.09	7259.61	8743.87	7281.55	8760.4	
7279.19	8676.67	7286.84	8661.52	7280.62	8691.67	7291.67	8701.15	
7307.21	8631.17	7317.58	8619.58	7313.48	8639.78	7315.85	8650.39	
7357.42	8570.53	7370.01	8559.3	7357.77	8574.96	7361.18	8580.21	
7405.72	8521.07	7406.03	8513.49	7392.71	8517.63	7401.22	8517.43	
7441.63	8477.07	7431.55	8473.98	7422.56	8476.83	7439.66	8458.97	
7449.24	8447.04	7437.52	8458.15	7437.92	8443.93	7455.53	8427.56	
7432.24	8406.76	7428	8426.35	7432.42	8408.44	7450.95	8391.61	
7332.31	8282.2	7344.2	8318.03	7350.97	8281.28	7360.34	8278.45	
6839.34	7738.3	6851.4	7770.21	6858.57	7739.56	6867.27	7740.71	
5135.77	5788.23	5150.21	5806.9	5161.63	5792.63	5165.53	5799.89	
2446.31	2737.59	2458.76	2743.04	2467.51	2747.53	2471.26	2750.26	
1498.72	1665.36	1512.93	1665.88	1524.38	1664.44	1527.91	1669.17	
1352.23	1485.42	1358.11	1492.53	1372.89	1491.66	1377.01	1481.17	
1330.95	1444.05	1318.06	1465.94	1350.29	1448.34	1358.4	1449.17	
1338.46	1418.07	1298.93	1445.7	1349.85	1440.96	1338.84	1436.49	
1351.35	1408.07	1290.52	1423.77	1346.95	1432.77	1327.22	1425.19	
1349.04	1412.16	1300.94	1384.7	1341.36	1423.36	1334.58	1407.67	
1357.4	1396.05	1331.87	1370.08	1340.17	1407.43	1322.97	1396.31	
1360.84	1378.62	1364.99	1357.78	1331.64	1383.67	1331.2	1387.4	
1364.54	1370.66	1388.5	1360.37	1333.9	1349.78	1351.55	1371.85	
1381.15	1381.07	1389.94	1353.9	1338.23	1328.97	1375.29	1347.57	
1394.43	1379.31	1394.35	1348.42	1349.3	1310.98	1386.5	1340.82	
7410.41	9412.06	7394.23	9387.23	7437.67	9418.33	7446.4	9401.22	
7403.41	9415.77	7418.64	9395.65	7435.81	9404.68	7430.78	9395.08	
7422.04	9402.26	7431.89	9402.69	7427.04	9391.13	7402.79	9390.23	
7428.04	9372.65	7445.64	9399.43	7410.93	9383.45	7378.17	9396.23	
7436.33	9338.7	7449.84	9371.81	7379.31	9374.74	7375.78	9394.04	
7406.39	9304.22	7397.36	9345.14	7363.8	9332.05	7375.54	9345.83	
7326.98	9168.49	7316.84	9197.08	7291.67	9201.45	7299.33	9199.81	
7209.97	8968.96	7195.21	8966.79	7173.2	9001.45	7189.26	8993.38	
7143.96	8882.87	7125.91	8881.89	7113.75	8922.44	7129.08	8913.48	
7115.94	8852.49	7109.16	8854.38	7107.79	8886.53	7116.41	8890.85	
7107.34	8833.12	7094.44	8849.52	7110.57	8850.63	7112.04	8875.16	
7124.54	8796.27	7122.75	8815.17	7134.34	8796.15	7143.06	8827.15	
7159.49	8756	7164.29	8769.32	7163.46	8742.14	7180.82	8766.05	
7192.04	8721.29	7200.29	8724.73	7190.03	8707.11	7203.96	8716.6	
7217.31	8689.23	7229.14	8691.82	7216.82	8677.08	7225.95	8673.97	
7256.81	8639.55	7265.73	8633.01	7248.2	8635.06	7253.29	8625.72	
7262	8557.71	7265.23	8551.88	7252.34	8561.25	7255.38	8538.41	
7116.58	8319.95	7121.68	8323.12	7115.07	8330.78	7116.79	8303.43	
6369.19	7330.69	6384.68	7349.78	6384.74	7334.29	6389.22	7324.7	
4172.52	4752.32	4181.8	4769.6	4192.39	4759.91	4201.54	4753.67	
2198.97	2487.17	2207.3	2490.75	2220.5	2500.12	2224.29	2497.58	
1444.49	1626.05	1456.84	1626.41	1467.33	1637.45	1466.93	1638.06	
1320.07	1489.99	1341.39	1489.08	1353.43	1483.56	1354.08	1502.8	
1307.46	1450.12	1319.37	1462.92	1327.25	1469.79	1325.56	1473.48	
1311.12	1423.13	1285.06	1450.5	1308.73	1460.36	1328.81	1460.97	
1306.33	1415.48	1275.05	1416.45	1318.55	1445.51	1325.99	1451.88	
1316.46	1405.75	1294.73	1396.58	1318.73	1427.05	1318.01	1431.93	
1328.42	1403.36	1319	1377.59	1305.36	1410.29	1310.78	1410.08	
1342.22	1386.79	1350.72	1383.8	1299.29	1383.05	1315.13	1389.15	
1357.48	1386.14	1371.73	1367.62	1301.8	1362.66	1328.17	1359.13	
1389.06	1398.38	1377.22	1346.48	1320.29	1331.39	1345.79	1340.69	
1417.06	1401.03	1361.45	1333.45	1330.51	1312.78	1382.5	1326	
7370.23	9436.91	7394.41	9413.89	7401.19	9443.06	7435.88	9417.62	
7398.4	9440.91	7398.2	9404.84	7405.5	9430.99	7398.03	9411.54	
7394.75	9429.78	7423.81	9419.38	7407.4	9413.93	7368.2	9409.63	
7399.9	9403.2	7420.88	9424	7379.45	9399.75	7352.64	9413.37	
7393.28	9365.33	7401.83	9415.68	7355.47	9385.14	7347.82	9409.66	
7377.28	9327	7376.54	9372.02	7333	9365.82	7332.22	9369.18	
7288.84	9210.83	7280.31	9239.49	7252.36	9244.61	7261.01	9242.75	
7133.61	9005.23	7126.46	9012.31	7107.4	9036.74	7117.14	9023.82	
7085.26	8931.6	7070.63	8921.03	7065.32	8958.72	7076.19	8942.92	
7069.18	8892.19	7041.79	8905.95	7060.8	8936.84	7053.34	8928.23	
7049.88	8875.34	7039.58	8904.46	7058.74	8890.66	7062.47	8922.89	
7037.11	8864.6	7033.82	8904.11	7049.66	8850.95	7072.28	8901.52	
7040.98	8859.49	7044.99	8886.08	7054.79	8831.48	7074.02	8864.15	
7050.37	8856.86	7068.67	8865.06	7062.44	8825.16	7077.2	8833.66	
7071.59	8841.69	7093.02	8822.47	7065.7	8826.37	7065.01	8833.47	
7080.48	8818.22	7104.52	8793.2	7074.66	8824.11	7060.55	8800.66	
7074.05	8749.01	7093.41	8722.95	7064.11	8764.92	7040.49	8731.84	
6872.33	8354.72	6890.3	8334.64	6859.98	8360.46	6855.18	8330.67	
5607.57	6613.69	5618.82	6614.5	5612.13	6612.98	5620	6588.85	
3258.15	3782.39	3269.23	3787.91	3279.03	3782.75	3288.66	3769.09	
1772.35	2046.81	1775.2	2051.4	1793.45	2058.63	1801.89	2044.73	
1395.24	1602.67	1403.35	1601.71	1418.33	1617.39	1421.34	1617.32	
1311.85	1489.62	1323.04	1492.52	1329.59	1518.84	1322.41	1518.88	
1287.33	1458.57	1298.33	1465.03	1303.5	1489.55	1312.86	1498.13	
1278.49	1438.39	1286.99	1436.97	1296.43	1474.53	1312.03	1487.74	
1273.15	1418.22	1283.63	1420.61	1288.07	1450.81	1303.18	1466.11	
1279.2	1394.17	1281.53	1397.07	1282.77	1422.92	1293.08	1444.26	
1289.19	1378.44	1299.39	1397.4	1279.89	1390.06	1290.78	1420.82	
1314.38	1385.17	1319.73	1383.55	1271.96	1380.87	1290.77	1371.35	
1346.07	1392.14	1344.18	1356.98	1280.5	1350.3	1302.72	1342.63	
1376.86	1385.34	1357.5	1331.03	1297.54	1318.43	1327.25	1336.16	
1389.14	1373.9	1363.54	1314.03	1315.74	1288.77	1332.47	1321.42	
7312.18	9505.59	7325.81	9479.81	7326.25	9504.32	7341.78	9486.85	
7332.2	9481.45	7354.27	9462.48	7343.95	9480.25	7344.23	9468.04	
7346.76	9478.71	7359.48	9470.83	7337.64	9466.75	7317.6	9464.11	
7336.42	9461.29	7347.77	9478.28	7320.59	9454.18	7299.1	9457.53	
7315.95	9431.07	7324.84	9465.09	7291.54	9438.32	7278.73	9448.66	
7282.15	9377.17	7286.92	9418.84	7247.77	9400.12	7247.3	9412.47	
7205.85	9257	7205	9284.99	7171.51	9289.42	7178.68	9287.76	
7094.28	9050.64	7087.31	9059.48	7073.86	9081.2	7080.88	9068.87	
7049.25	8946.44	7041.83	8960.34	7042.39	8984.83	7035	8971.96	
7035.31	8926.61	7013.58	8932.75	7039.84	8949.2	7035.02	8953.83	
7028.63	8911.42	6995.97	8940.15	7023.53	8912.22	7033.12	8936.45	
7005.47	8897.9	7000.88	8940.02	7013.42	8875.88	7035.16	8925.83	
6996.15	8897.86	7003.24	8934.2	7016.29	8863.72	7037.72	8890.19	
7010.49	8902.26	7022.19	8891.64	7017.23	8872.66	7029.62	8880.32	
7016.99	8897.14	7046.71	8856.5	7017.84	8883.33	7016.13	8867.23	
7024.02	8871.12	7052.16	8834.07	7021.58	8888.53	6984.7	8859.86	
6997.24	8825.94	7030.99	8788.78	6979.42	8832.42	6961.91	8799.62	
6660.87	8303.53	6685.37	8275.94	6649.79	8289.12	6640.81	8256.25	
4798.49	5847.23	4809.9	5839.01	4799	5807.11	4804.29	5780.56	
2472.91	2962.17	2480.15	2963.76	2487.01	2936.73	2502.93	2917.18	
1532.88	1830.94	1541.89	1828.49	1556.14	1826.57	1569.64	1812.69	
1323.98	1560.48	1323.04	1565.06	1342.07	1583.57	1348.93	1561.04	
1285.67	1502.9	1280.81	1503.91	1296.84	1538.24	1311.72	1525.54	
1273.72	1476.02	1272.97	1469.72	1282.62	1508.74	1297.89	1504.47	
1260.87	1463.96	1280.12	1438.64	1268.07	1483.26	1287.55	1494.39	
1255.56	1421.99	1281.25	1411.54	1262.39	1453.85	1274.53	1481.99	
1250.11	1383.91	1273.85	1408.84	1261.23	1399.86	1276.31	1445.26	
1242.06	1354.34	1250.24	1370.93	1238.24	1362.91	1254.03	1383.67	
1245.36	1330.4	1248.96	1330.75	1217.22	1320.25	1231.9	1327.52	
1267.93	1321.67	1259.12	1293.37	1212.04	1285.93	1232.18	1286	
1275.17	1301.28	1264.83	1257.83	1211.7	1243.55	1226.8	1257.84	
1253.98	1267.19	1242.53	1219.88	1191.94	1203.86	1206.86	1227.43	
7125.2	9687.27	7138.46	9677.61	7132.8	9679.6	7134.75	9682.11	
7131.43	9675.94	7146.15	9671.57	7130.48	9667.84	7136.71	9674.06	
7150.27	9649.62	7159.23	9651.33	7143.1	9643.83	7150.5	9650.13	
7161.57	9621.66	7168.29	9623.66	7145.02	9613.3	7147.05	9618.32	
7134.21	9583.25	7143.03	9596.17	7112.59	9579.48	7118.02	9585.17	
7061.05	9508.42	7070.1	9529.7	7036.18	9516.16	7052.01	9525.74	
7021.37	9326.37	7022.36	9348.47	6997.4	9346.43	7011.04	9350.54	
6996.45	9125.03	6992.07	9145.39	6983.73	9158.62	6982.88	9150.07	
6968.66	9037.44	6957.07	9052.71	6967.95	9062.61	6963.51	9059.97	
6967.23	8997.73	6947.81	9016.37	6966.66	9010.01	6966.9	9011.04	
6964	8973.08	6941.77	8993.91	6965.68	8958.44	6976.32	8986.56	
6978.88	8948.92	6951.82	8975.8	6973.58	8910.38	6998.25	8945.76	
6973.52	8934.78	6974.88	8940.35	6979.3	8899.05	6999.74	8931.44	
6976.4	8926.27	6997.65	8902.66	6987.48	8899.78	7005.38	8901.57	
6999.83	8914.23	7018.97	8864.28	6992.15	8909.98	6977.27	8885.78	
6987.46	8894.79	7035.32	8841.15	6977.3	8893.83	6968.16	8864.88	
6948.15	8817.3	6984.99	8775.41	6938.65	8821.06	6919.15	8788.97	
6459.93	8223.62	6483.61	8195.74	6449.17	8133.5	6437.75	8099.24	
4226.22	5387.04	4234.57	5380.02	4227.86	5222.8	4230.64	5193.32	
2044.1	2587.17	2049.9	2590.86	2056.23	2478.5	2073.28	2459.17	
1400.88	1737.11	1405.25	1741.36	1413.33	1699.37	1433.97	1679.83	
1276.16	1568.67	1278.26	1566.61	1294.1	1565.53	1318.07	1542.46	
1263.04	1520.13	1247.01	1521.84	1273.79	1533.66	1301.57	1497.55	
1260.54	1508.03	1252.62	1484.66	1254.11	1509.84	1286.63	1495.78	
1258.67	1459.49	1264.98	1452.61	1232.34	1485.34	1260.2	1492.74	
1244.62	1431.12	1260.96	1422.77	1239.76	1438.99	1264.37	1472.68	
1228.34	1384.22	1240.35	1382.48	1224.37	1399.11	1249.14	1424.26	
1168.75	1293.89	1181.21	1308.65	1166.75	1300.68	1186.29	1325.05	
1026.05	1130.92	1027.87	1131.52	1016.18	1124.53	1029.09	1133.56	
942.504	1026.65	942.086	1015.34	922.903	1008.79	929.112	1011.51	
878.664	956.575	875.782	935.788	852.716	932.932	858.33	926.724	
809.428	883.953	806.077	858.211	784.714	856.344	788.873	851.135	
6935.1	9881.52	6940.47	9878.64	6953.8	9864.29	6930.73	9881.04	
6927.87	9883.18	6928.6	9885.15	6924.89	9869.8	6932.23	9888.3	
6924.03	9873.11	6934.76	9864.24	6908.49	9859.24	6938.66	9875.21	
6931.76	9839.61	6941.48	9835.15	6905.29	9830.36	6949.86	9843.93	
6910.02	9778.2	6921.61	9778.26	6886.76	9773.22	6930.9	9787.72	
6869.92	9626.7	6870.16	9639.09	6846.58	9630.95	6876.04	9639.81	
6805.36	9410.45	6806.48	9438.14	6789.02	9431.33	6804.99	9430.83	
6760.75	9300.39	6759.62	9324.04	6750.74	9314.44	6761.6	9321.54	
6744.85	9249.92	6736.93	9270.13	6738.86	9259.11	6745	9261.86	
6765.51	9188.34	6754.65	9205.5	6766.38	9185.53	6769.85	9198.09	
6830.18	9107	6814.58	9118.99	6833.61	9087.52	6842.11	9102.56	
6864.89	9058.68	6853.13	9057.68	6867.08	9027.07	6881.18	9050.99	
6911.1	8997.38	6909.75	8983.91	6913.56	8969.75	6926.6	8985.86	
6936.64	8949.73	6956.39	8914.99	6945.56	8935.96	6935.84	8945.11	
6937.38	8913.87	6974.18	8879.79	6937.15	8903.73	6938.48	8897.4	
6928.5	8864.42	6962.91	8812.53	6922.02	8861.33	6916.26	8834.33	
6831.95	8719.73	6874.73	8667.94	6824.19	8706.49	6816.77	8677.16	
6175.77	7916.26	6198.71	7887.67	6168.09	7819.09	6153.32	7786.57	
3808.66	5239.33	3802.27	5244.14	3811.66	4765.48	3810.97	4733.87	
1877.76	2652.5	1871.1	2665.64	1887.39	2312.29	1902.16	2285.31	
1340.39	1803.74	1338.8	1814.53	1348.45	1646.77	1376.11	1624.64	
1262.57	1616.84	1249.36	1622.51	1258.56	1542.22	1296.77	1514.85	
1255.86	1570.02	1238.55	1553.9	1240.92	1520.64	1280.61	1496.83	
1259.74	1503.11	1245.45	1512.08	1233.33	1486.23	1268.99	1485.09	
1240.34	1473.32	1241.79	1472.97	1231.39	1464.34	1257.27	1475.39	
1223.47	1432.54	1227.03	1419.68	1200.76	1437.66	1245.13	1444.45	
1165	1337.78	1169.49	1329.34	1150.9	1340.88	1183.43	1357.51	
1011.46	1136.71	1015.26	1141.24	1002.98	1147.55	1025.94	1160.3	
764.103	866.837	767.577	881.011	761.205	871.886	779.437	874.368	
521.527	641.871	523.662	637.525	528.785	639.225	531.53	625.4	
445.856	563.394	448.755	555.55	454.321	563.632	451.506	543.656	
416.273	533.222	418.04	523.435	424.132	533.264	419.802	510.721	
6868.86	9954.02	6855.18	9953.15	6901.21	9938.04	6860.13	9961.63	
6863.05	9960.27	6867.24	9943.93	6868.4	9937.79	6854.66	9954.56	
6861.74	9949.94	6864.19	9938.93	6822.69	9934.46	6866.16	9947.27	
6835.21	9926.97	6852.9	9919.87	6804.76	9917.42	6871.68	9938.51	
6825.92	9873.89	6828.25	9872.16	6798.52	9874.1	6859.06	9889.17	
6753.6	9689.76	6755.42	9707.45	6739.48	9700.99	6774.53	9701.08	
6647.59	9488.16	6641.23	9515.58	6632.49	9494.91	6644.28	9503.43	
6590.52	9409.5	6589.89	9443.62	6574.98	9424.17	6591.03	9427.8	
6575.65	9384.55	6574.99	9404.03	6570.81	9381.95	6581.6	9399.9	
6589.33	9355.57	6583.41	9352.89	6597.6	9344.02	6599.27	9348.55	
6609.73	9317.38	6610.91	9303.44	6620.57	9295.94	6622.81	9305.62	
6677.29	9228.13	6680.18	9216.31	6687.23	9220.07	6684.28	9218.49	
6753.24	9117.18	6762.99	9101.65	6761.33	9113.39	6749.19	9115.6	
6800.93	9018.64	6819.94	9003.66	6802.97	9014.71	6795.54	9017.03	
6804.44	8876.13	6833.3	8846.95	6811.18	8868.92	6803.98	8871.73	
6699.78	8631.52	6731.56	8597.33	6701.16	8620.84	6700.24	8611.9	
6400.33	8201.54	6426.05	8154.17	6394.16	8175.48	6383.78	8149.92	
5437.54	7037.17	5457.11	7005.48	5431.22	6913.26	5421	6887.29	
3358.72	4669.92	3345.15	4674.15	3357.69	4238.7	3350.31	4208.38	
1766.35	3064.53	1728.8	3097.41	1773.87	2193.54	1784.43	2160.21	
1326.99	2156.67	1296.98	2181.22	1324.46	1628.22	1353.79	1596.97	
1254.24	1809.54	1231.14	1821.17	1229.23	1522.79	1271.88	1504.07	
1247.58	1566.97	1228.13	1594.12	1209.27	1493.73	1251.81	1499.71	
1229.29	1511.53	1231.66	1535.43	1230.51	1473.25	1245.55	1483.19	
1225.5	1484.85	1221.39	1488.5	1212.93	1444.76	1244.38	1447.23	
1172.45	1399.94	1168.65	1399.22	1159.52	1376.17	1189.78	1377.17	
1035.58	1202.5	1030.04	1204.65	1017.01	1199.98	1047.46	1199.15	
776.186	876.656	765.223	892.661	763.897	881.318	785.902	879.181	
530.853	607.992	524.208	633.136	524.42	623.798	543.375	611.122	
387.715	479.552	386.835	497.585	390.114	494.546	408.994	473.484	
327.882	452.906	327.798	447.195	341.039	455.948	338.573	432.707	
322.775	441.323	321.082	423.025	331.639	443.035	322.909	416.823	
6825.51	9992.26	6828.09	9971.66	6878.3	9967.02	6813.62	9990.45	
6837.62	9981.24	6831.63	9983.47	6839.32	9970.42	6827.9	9981.85	
6823.56	9974.96	6836.38	9963.11	6799.16	9965.24	6828.78	9979.27	
6823.51	9957.05	6818.51	9943.52	6772.55	9954.64	6839.81	9966.65	
6780.26	9907.58	6787.62	9918.24	6755.32	9923.1	6817.98	9917.71	
6693.53	9750.67	6695.22	9767.12	6681.26	9758.93	6717.83	9761.11	
6569.88	9524.5	6567.62	9551.89	6566.16	9528.49	6576.99	9533.55	
6542.52	9448.1	6529.46	9477.23	6532.35	9449.15	6526.12	9467.48	
6524.53	9426.8	6521.6	9436.7	6527.71	9429.53	6532.64	9435.26	
6509.31	9430.07	6516.78	9408.61	6515.84	9397.59	6533.34	9417.23	
6518.52	9395.67	6520.04	9383.16	6524.54	9394.83	6522.46	9384.78	
6531.33	9343.14	6545.42	9342.74	6543.91	9355.95	6524.33	9345.2	
6555.53	9268.54	6572.02	9281.84	6560.92	9288.65	6540.85	9273.74	
6553.06	9067.73	6569.17	9065.25	6561.35	9075.59	6543.5	9069.52	
6436.56	8603.49	6452.66	8588	6441.58	8599.4	6432.04	8602.07	
5965.47	7782.33	5986.98	7760.1	5971.79	7771.43	5960.65	7776.37	
5034.51	6508.94	5044.24	6485.35	5031.36	6471.32	5017.74	6465.44	
3866.36	5061.76	3857.96	5041.64	3857.73	4931.6	3835.93	4911.43	
2530.38	3567.85	2503.73	3569.67	2522.39	3209.34	2508.72	3184.65	
1616.73	2765.96	1566.23	2793.46	1610.61	2031.19	1609.66	2000.76	
1307.97	2904.94	1234	2955.23	1294.03	1603.04	1311.19	1570.72	
1241.41	1878.74	1212.35	1912.9	1209.75	1508.5	1238.86	1504.7	
1217	1603.47	1221.35	1635.26	1196.73	1481.88	1223.66	1486.08	
1210.51	1535.05	1216.54	1555.94	1187.89	1461.9	1217.2	1468.94	
1184.06	1477.39	1184.51	1499	1179.17	1411.1	1194.58	1415.16	
1092.15	1342.59	1086.9	1355.99	1084.9	1270.77	1104.8	1269.99	
821.2	980.703	809.647	1003.36	816.737	928.485	828.39	917.24	
579.626	653.784	557.719	689.915	573.283	639.091	577.301	620.36	
427.731	457.09	406.638	494.671	420.771	482.063	434.118	461.258	
359.394	411.051	349.752	444.371	355.508	441.407	371.258	418.294	
323.698	404.757	315.223	417.977	319.905	419.622	339.281	392.565	
305.384	425.655	294.394	395.641	311.137	415.526	296.038	396.486	
6760.54	10059	6760.28	10048.5	6779.51	10046.7	6740.88	10063	
6770.62	10039.9	6774.99	10023.2	6783.43	10019	6762.6	10044.3	
6768.54	10026	6765.92	10022.3	6747.44	10021.9	6771.61	10031.4	
6736.73	10021.4	6739.84	10016.7	6707.83	10024.6	6747.31	10027.2	
6707.57	9967.92	6705.85	9965.82	6675.86	9971.79	6724.75	9973.38	
6618.58	9810.3	6621.54	9825.27	6606.98	9819.08	6638.72	9817.05	
6535.85	9578.01	6528.78	9604.6	6534.57	9581	6534.44	9594.23	
6506.28	9473.87	6497.03	9493.62	6516.64	9476.42	6506.43	9490.67	
6501.7	9465.31	6486.38	9447.12	6496.48	9436.39	6499.02	9468.59	
6488.15	9441.7	6489.42	9437.95	6482.28	9444.17	6501.89	9439.42	
6478.98	9419.74	6490.07	9419.57	6475.25	9427	6482.94	9424.38	
6479.93	9382.16	6491.7	9410.29	6478.33	9410.21	6460.42	9390.01	
6450.79	9327	6467.37	9339.76	6461.53	9348.19	6434.18	9332.51	
6300.03	8998.27	6311.14	9003.93	6306.04	9014.61	6284.98	9004.03	
5573.02	7727.6	5583.73	7726.08	5580.93	7737.18	5564.51	7741.25	
4355.63	5822.96	4365.24	5813.7	4367.47	5817.12	4349.12	5829.3	
3085.17	4050.9	3086.54	4041.07	3094.24	4019.86	3065.05	4028.38	
2162.34	2861.72	2133.64	2853.21	2150.98	2773.95	2119.51	2775.89	
1673.26	2356.41	1628.58	2358.79	1658.38	2131.64	1628.52	2116.65	
1396.9	2268.82	1338.88	2283.62	1377.61	1770.9	1362.17	1747.36	
1258.55	1982.33	1209.56	2003.16	1236.9	1589.98	1228.34	1575.56	
1214.85	1875.34	1183.75	1899.72	1194.5	1515.74	1193.88	1506.87	
1193.08	1702.86	1180.25	1721.96	1168.92	1471.55	1178.71	1465.79	
1168.91	1602.84	1162.61	1626.74	1141.81	1419.22	1161.34	1415.56	
1093.66	1487.13	1095.68	1506.93	1074.47	1297.32	1093.41	1302.66	
905.982	1232.95	910.216	1256.41	905.707	1032.97	914.943	1039.3	
653.639	865.193	649.685	897.483	657.483	699.882	658.606	693.656	
454.358	486.626	438.638	531.831	461.532	471.05	456.277	445.408	
398.615	395.425	373.449	445.42	401.082	420.987	393.154	394.851	
362.588	370.855	344.63	412.548	358.501	401.358	372.12	378.186	
332.95	378.856	320.046	396.969	326.471	395.234	338.17	377.714	
320.682	373.039	304.206	400.916	306.464	376.292	336.346	375.131	
6570.91	10247.5	6569.43	10233	6553.4	10258.8	6537.03	10265.6	
6569.22	10237	6567.99	10227.4	6561.73	10236.3	6555.11	10246.4	
6567.02	10224.3	6566.37	10217.5	6564.1	10221	6561.88	10230.2	
6551.66	10185.1	6549.59	10183.1	6543.17	10185.2	6551.3	10184.5	
6510.19	10097.2	6513.56	10094	6501.45	10101.6	6510.78	10097.5	
6476.42	9904.79	6476.53	9915.05	6470.74	9908.74	6478.61	9914.93	
6451.77	9664.39	6447.23	9679.86	6458.94	9665.69	6455.44	9677.67	
6446.72	9549.37	6436.06	9544.67	6454.04	9524.39	6445.88	9552.88	
6447.75	9504.61	6440.99	9501.46	6453.09	9496.88	6450.02	9499.21	
6452.28	9479.26	6446.79	9474.49	6431.28	9484.8	6443.22	9490.17	
6452.74	9427.99	6464.35	9470.61	6432.18	9466.89	6449.71	9447.08	
6430.98	9411.56	6445.99	9435.37	6434.75	9427.12	6425.15	9423.5	
6386.99	9334.41	6391.95	9348.43	6383.53	9351.7	6365.06	9339.24	
6025.43	8780.86	6034.74	8792.38	6027.95	8807.58	6007.02	8798.94	
4667.6	6683.08	4682.52	6693.83	4683.1	6705.57	4664.19	6709.18	
2710.23	3734.93	2719.33	3736.17	2735.79	3739.35	2712.68	3764.87	
1791.99	2401.88	1794.78	2397.32	1814.4	2391.56	1782.95	2412.4	
1436.36	1923.66	1425.59	1922.58	1445.9	1883.19	1409.08	1894.01	
1311.42	1784.99	1268.58	1781.82	1296.27	1684.43	1259.99	1691.84	
1258.16	1699.23	1209.4	1698.9	1240.66	1612.33	1205.1	1604.12	
1231.46	1670.44	1182.02	1666.9	1203.61	1571.79	1179.47	1553.99	
1192.85	1669.08	1155.64	1672.72	1173.6	1531.55	1151.2	1508.58	
1157.93	1713.7	1122.26	1717.42	1131.56	1450.81	1121.1	1430.41	
1060.74	1849.9	1034.08	1858.89	1029.25	1260.3	1022.11	1259.28	
900.624	1633.92	883.339	1648.55	865.505	1005.81	874.348	1019.11	
687.171	1242.82	683.335	1260.06	665.105	707.126	674.047	724.082	
490.579	643.363	505.822	667.408	501.946	482.355	506.714	488.466	
406.123	429.84	411.928	468.448	424.253	392.959	416.116	380.499	
378.242	366.186	373.284	415.48	393.362	372.634	388.237	344.799	
365.224	347.782	357.581	397.748	369.341	364.925	366.955	355.255	
353.414	337.429	337.494	383.978	338.887	358.879	371.393	361.282	
348.363	332.368	331.066	371.364	325.468	361.143	362.387	370.778	
6381.14	10437.6	6377.42	10444	6367.6	10437.4	6367.73	10448.5	
6361.34	10453.8	6355.53	10446.6	6347.91	10461.8	6344.82	10462.8	
6350.43	10438.2	6345.98	10427.4	6351.89	10438	6338.18	10432.3	
6354.4	10378.2	6355.98	10367.4	6361.19	10384	6341.29	10374.7	
6324.52	10238.7	6332.28	10249.6	6334.34	10249	6314.98	10248.3	
6288.08	9985.6	6295.21	9997.01	6301.8	9989.29	6284.49	9992.32	
6258.43	9811.42	6259.84	9810.09	6273.21	9800.08	6262.32	9812.78	
6261.73	9718.27	6260.18	9716.8	6274.25	9711.98	6264.5	9715.15	
6282.09	9659.44	6280.61	9659.14	6285.1	9660.16	6279.09	9661.83	
6337.42	9573.37	6337.8	9590.42	6328.97	9590.06	6330.19	9581.95	
6357.6	9524.04	6356.4	9540.53	6338.83	9545.23	6343.73	9543.63	
6345.25	9469	6345.83	9494.91	6324.43	9500.32	6330.21	9491.9	
6251.53	9290.45	6252.17	9305.67	6238.22	9314.84	6230.55	9317.99	
5740.93	8463.69	5747.06	8478.96	5739.37	8490.76	5724.56	8484.5	
3831.68	5574.18	3854.07	5590.93	3856.91	5603.69	3841.71	5609.03	
1988.53	2802.18	2012.54	2818.06	2026.65	2824.34	2004.86	2847.96	
1346.93	1839.48	1356.98	1843.31	1383.26	1841.09	1354.48	1876.66	
1232	1661.35	1234.01	1662.3	1256.71	1651.44	1224.9	1676.38	
1216.59	1601.65	1205.83	1602.98	1224.14	1602.33	1188.46	1617.65	
1231.52	1582.76	1184.3	1567.33	1208.27	1575.94	1168.31	1585.42	
1214.02	1578.96	1172.83	1569.89	1194.07	1561.2	1154.48	1533.54	
1191.18	1581.23	1148.6	1565.33	1165.64	1529.58	1141.94	1491.06	
1112.62	1593.26	1087.76	1576.59	1105.03	1412.86	1070.47	1388.89	
904.866	1692.09	865.923	1676.77	877.836	1043.18	852.099	1053.96	
684.084	2117.81	621.615	2116.3	620.627	626.795	604.67	666.042	
510.235	950.295	497.423	939.207	479.295	454.242	491.883	484.014	
419.154	522.214	434.892	524.134	415.137	365.648	427.021	382.261	
376.089	407.762	406.298	427.244	397.491	334.553	405.36	341.93	
371.169	360.902	388.183	396.173	391.98	327.06	382.72	328.965	
376.794	328.23	369.762	380.222	369.623	326.176	390.452	331.8	
379.9	302.383	363.9	366.388	356.668	326.898	390.01	347.526	
372.994	289.549	348.786	349.329	348.13	329.631	401.69	359.185	
6308.58	10515.3	6309.62	10542	6292.1	10513.8	6313.49	10529.3	
6290.67	10522.2	6279.55	10520.2	6289.77	10507.9	6287.19	10511.9	
6282.62	10509.4	6277.38	10482	6286.43	10516.7	6262.8	10495.9	
6264.3	10462.7	6274	10469.8	6275.73	10477.2	6246.18	10472.5	
6224.64	10324.3	6233.49	10338.6	6238.54	10335	6212.81	10336.7	
6130.31	10056.2	6140.97	10074.8	6153.02	10064.3	6127.46	10064.6	
6075.63	9931.73	6090.37	9941.24	6104.9	9933.99	6074.88	9928.71	
6053.38	9895.22	6064.42	9894.12	6079.59	9894.27	6060.35	9892.36	
6080.92	9848.74	6077.93	9849.36	6086.97	9849.83	6075.76	9846.49	
6116.3	9797.74	6102.03	9794.04	6109.15	9799.06	6107.52	9797.38	
6153.29	9726.76	6127.4	9722.61	6127.19	9740.78	6126.88	9741.61	
6164.36	9563.55	6140.41	9572.9	6114.02	9609.76	6119.41	9623.29	
5998.02	9137.56	5992.89	9161.08	5969.4	9175.68	5976.64	9178.28	
5148.16	7683.04	5155.49	7696.04	5146.76	7708.28	5141.13	7710.67	
3208.22	4701.99	3230.54	4718.86	3232.26	4733.85	3224.47	4739.86	
1630.28	2327.82	1665.71	2348.34	1677.25	2358.11	1666.58	2378.03	
1230.36	1708.21	1259.25	1726.37	1278.19	1728.45	1254.47	1760.19	
1177.26	1593.88	1189.17	1598.31	1215.99	1606.29	1186.5	1646.87	
1182.05	1564.15	1183.9	1559.05	1202.45	1584.64	1176.26	1609.2	
1188.24	1559.38	1184.37	1545.58	1194.26	1578.18	1166.14	1570.53	
1198.62	1547.15	1168.25	1526.57	1175.05	1566.61	1154.59	1538.14	
1163.58	1535.83	1157.97	1508.87	1171.2	1512.12	1122.44	1475.49	
1057.52	1492.6	1039.44	1468.57	1057.77	1339.85	1017.8	1318.07	
778.416	1418.03	734.511	1380.8	765.832	865.924	723.559	887.402	
524.892	980.159	483.624	921.638	499.408	463.81	477.874	513.472	
430.023	721.514	408.096	671.046	402.697	338.267	406.217	382.634	
394.827	470.853	396.769	442.502	374.14	311.366	394.533	345.244	
384.814	398.689	403.627	386.464	378.145	299.392	388.388	326.397	
383.671	358.348	396.493	371.127	380.574	292.596	400.707	324.151	
387.533	319.033	397.453	359.898	367.788	292.896	402.175	321.573	
392.731	283.07	378.511	346.394	363.303	297.746	418.408	324.141	
397.928	257.456	364.62	349.516	375.729	296.706	420.54	332.867	
6228.67	10580	6233.62	10602.9	6225.83	10575.7	6240.5	10586.4	
6236.71	10568	6231.93	10567.8	6237.72	10571.6	6235.38	10561.5	
6218.8	10548.5	6219.47	10544.8	6231.55	10558.1	6207.49	10553.4	
6195.31	10533.4	6195.15	10535.5	6197.21	10542.7	6174.67	10538.3	
6144.13	10409.9	6151	10424	6157.63	10420	6131.11	10421.9	
6038.33	10124.8	6055.26	10150.8	6070.53	10143.4	6040.76	10140.5	
5996.07	9979.55	6014.67	10006.3	6028.84	9994.86	5997.02	9988.45	
5983.24	9951.63	6002.08	9959.94	6014.3	9952.99	5976	9941.23	
5984.15	9944.34	5976.39	9928.83	5993.25	9927.71	5987.5	9929.11	
6005.9	9923.35	5963.71	9903.34	5977.74	9917.91	5979.62	9924.22	
6002.84	9866.55	5961.1	9857.41	5965.08	9877.12	5973.15	9890.59	
5942.5	9633.5	5910.98	9637.44	5905.31	9653.14	5915.22	9667.4	
5510.51	8650.55	5495.34	8660.87	5474.04	8686.54	5480.27	8698.84	
4195.54	6387.12	4207.03	6402.5	4190.15	6416.93	4196.04	6419.97	
2393.67	3545.89	2418.27	3556.03	2416.01	3573.91	2416.05	3579.49	
1428.1	2062.03	1461.31	2078.3	1467.74	2094.02	1467.47	2111.24	
1179.09	1665.68	1217.78	1684.47	1230	1698.09	1222.38	1722.92	
1143.14	1579.78	1175.68	1601.96	1192.49	1611.15	1173.35	1646.25	
1145.38	1559.72	1167.25	1563.3	1182.55	1579.07	1174.82	1608.95	
1155.09	1545.43	1168.95	1532.57	1163.05	1580.23	1164.97	1576.64	
1150.79	1539.74	1176.76	1517.68	1171.03	1559.31	1144.3	1531.29	
1128.91	1503.27	1134.05	1487.8	1139.34	1497.34	1103.34	1470.54	
976.722	1372.41	968.412	1341.03	986.214	1224.13	942.152	1214.86	
662.429	937.2	636.19	873.322	672.789	714.678	630.553	743.037	
461.183	601.172	423.013	520.959	467.741	395.814	426.377	448.693	
406.55	479.87	376.473	398.984	391.713	307.443	376.673	366.869	
392.425	443.044	375.843	372.665	374.642	288.098	375.469	340.022	
398.468	390.158	394.53	341.159	369.841	276.843	390.674	329.896	
396.045	354.008	421.064	333.088	363.639	270.988	403.114	311.453	
403.583	315.193	410.51	333.043	367.207	269.879	414.532	316.339	
407.584	273.778	405.226	339.876	369.434	273.027	426.852	306.761	
404.348	245.3	392.266	326.092	368.274	275.22	445.364	299.466	
6028.21	10778.5	6029.04	10785.6	6027.71	10782	6028.96	10776.1	
6049.74	10741.4	6053.54	10748	6054.96	10747.1	6048.98	10744.3	
6037.63	10736.8	6038.21	10742.6	6040.62	10742.6	6031.95	10738.7	
6032.34	10659.5	6026.86	10663.7	6040.04	10664.9	6021.57	10666.6	
6001.07	10501.2	6005.82	10510.5	6016.45	10514.5	5992.96	10513.4	
5962.92	10196.7	5980.33	10221.2	5995.53	10215	5964.94	10211.7	
5937.44	10025.4	5961.13	10058	5978.44	10046.9	5944.74	10038.1	
5943.42	9994.77	5956.05	10007.8	5962.27	9995.95	5937.8	9978.49	
5955.15	9988.79	5935.63	9963.8	5955.79	9973.02	5930.97	9965.37	
5960.02	9967.76	5912.51	9944.38	5923	9953.33	5932.83	9982.56	
5940.78	9917.6	5898.03	9916.17	5904.37	9916.22	5922.23	9937.03	
5770.82	9604.24	5736.88	9601.98	5738.17	9610.09	5748.22	9624.1	
4855.82	7913.41	4837.83	7913.48	4832.4	7925.31	4837.32	7935.25	
3021.17	4735.97	3029.88	4740.83	3020.11	4756.67	3026.57	4764.73	
1724.32	2610.35	1753.02	2614.39	1744.07	2629.74	1752.19	2638.06	
1251.56	1839.69	1283.01	1845.28	1282.01	1866.93	1287.4	1877.11	
1142.86	1647.81	1176.75	1668.02	1180.46	1684.74	1187.52	1705.82	
1118.09	1595.75	1152.78	1620.06	1160.19	1625.37	1165.22	1651.92	
1115.31	1570.1	1156.85	1583.87	1148.56	1603.56	1145.93	1616.79	
1121.7	1555.01	1160.89	1559.19	1138.75	1585.23	1139.95	1577.83	
1108.29	1520.38	1152.21	1528.77	1127.06	1547.95	1114.07	1538.28	
1062.6	1450.6	1089.08	1440.21	1081.94	1436.1	1052.69	1421.84	
868.812	1141.54	869.102	1103.34	887.117	1072.94	848.737	1079.44	
570.407	698.033	559.411	620.486	596.64	576.414	555.874	616.913	
428.997	481.597	404.587	389.407	452.304	352.954	409.717	409.502	
398.338	426.16	360.207	335.114	416.309	298.796	366.729	361.076	
398.445	399.652	372.501	306.562	386.416	276.72	368.914	348.689	
397.201	379.503	393.373	299.798	373.336	265.44	393.249	317.818	
411.578	343.59	413.736	296.008	370.315	255.367	405.782	311.346	
418.726	312.063	429.528	303.904	370.352	253.971	424.928	301.761	
424.382	274.898	429.789	310.317	373.016	253.281	445.891	299.181	
435.325	252.057	434.962	328.078	372.288	254.866	457.403	291.815	
5814.5	11004.3	5810.53	11004.1	5811.09	10996.7	5808.65	10993.1	
5794.48	11010.8	5794.93	11018.1	5791.89	11013.2	5790.18	11007.9	
5817.61	10960.9	5804.41	10967.2	5817.96	10961.8	5810.75	10965.7	
5823.86	10843.8	5825.89	10851.2	5841.14	10860.1	5826.02	10861.5	
5803.24	10582.4	5814.09	10587.2	5830.21	10591.9	5806.74	10591.3	
5798.33	10334	5813.06	10348.3	5826.46	10346	5797.36	10341.4	
5809.13	10194.6	5820.33	10207.8	5830.38	10202	5805.24	10191.7	
5839.35	10112.9	5836.7	10112.1	5851.6	10114.2	5826.49	10103.7	
5861.14	10074	5843.75	10063.1	5853.18	10067.7	5839.64	10069.2	
5877.64	10029.8	5852.25	10009.8	5859.73	10016.7	5853.98	10026.4	
5857.85	9952.38	5819.12	9938.11	5823.32	9939.32	5834.25	9962.81	
5652.15	9559.99	5616.85	9555.05	5618.72	9556.21	5628.95	9572.59	
4271.83	7132.74	4253.56	7123.73	4254.09	7128.39	4257.11	7139.07	
2229.24	3611.59	2233.06	3605.36	2236.68	3610.93	2239.08	3615.1	
1347.25	2103.75	1370.05	2102.95	1370.73	2111.27	1377.37	2119.9	
1146.92	1746.08	1178.7	1746.04	1168.51	1759.5	1181.6	1772.61	
1109.64	1662.81	1138.88	1659.03	1131.65	1679.39	1145.19	1690.16	
1095.72	1626.49	1133.7	1624.4	1120.91	1647.87	1133.45	1664.84	
1096.91	1589.24	1133.83	1613.02	1123.4	1629.3	1114.58	1620.64	
1094.3	1558.82	1143.42	1597.03	1114.49	1606.92	1091.31	1586.75	
1075.48	1507.81	1109.77	1530.68	1082.82	1537.57	1072.53	1527.21	
956.648	1284.6	989.094	1284.58	975.468	1285.63	955.571	1288.54	
725.175	898.92	743.024	860.412	758.965	849.58	718.925	873.443	
502.838	557.917	502.697	483.638	541.477	466.214	495.803	516.508	
414.752	436.925	404.485	342.627	454.615	325.046	408.477	385.056	
393.574	395.495	383.715	299.614	434.813	288.995	379.276	350.6	
399.944	375.84	387.085	283.35	414.923	270.98	376	331.766	
411.593	352.521	395.576	270.764	396.403	253.025	381.056	320.682	
421.564	336.924	406.474	272.606	388.846	243.417	412.857	302.605	
429.875	307.309	439.061	270.512	389.33	238.511	439.105	296.015	
439.509	283.981	461.827	279.562	387.385	236.356	468.671	291.457	
455.504	273.617	468.079	281.057	383.671	228.842	483.68	299.766	
5695.52	11122.4	5720.07	11113	5704.43	11118.1	5702.66	11102.7	
5720.01	11106	5684.76	11108.7	5703.71	11088.4	5701.05	11095.2	
5700.27	11060.9	5693.88	11071.2	5711.61	11085	5698.67	11086.9	
5666.76	10994	5678.47	10992.8	5692.58	11002.9	5676.83	11005.6	
5627.67	10747.6	5641.23	10751.3	5651.85	10759.3	5632.32	10758.9	
5574.33	10537.6	5583.02	10535.4	5594.69	10541.8	5573.23	10538.1	
5579.35	10427.3	5581.32	10421.1	5593.64	10430.2	5566.59	10425.1	
5599.96	10354	5594.81	10347.2	5605.97	10355.5	5584.26	10352.1	
5651.25	10272.5	5643.04	10265.8	5651.12	10267.1	5630.02	10267.7	
5687.7	10187.5	5673.59	10178.6	5674.15	10174.8	5660.67	10174.7	
5677.73	9983.81	5656.76	9967.36	5655.17	9965.91	5647.69	9971.05	
5359.03	9209.11	5327.92	9194.69	5328.84	9194.28	5335.04	9212.78	
3888.08	6603.17	3870.55	6590.12	3874.53	6591.16	3872.98	6601.56	
1847.4	3068.67	1848.25	3050.38	1854.57	3049.45	1849.27	3055.62	
1200.21	1939.88	1210.65	1928.51	1218.63	1927.97	1221.04	1932.11	
1089.13	1731.61	1111.89	1723.79	1113.41	1725.97	1122.79	1737.76	
1075.61	1687.79	1110.45	1670.9	1088.32	1684.68	1103.37	1697.03	
1078.29	1649.83	1108.23	1648.06	1100.13	1669.38	1091.42	1661.05	
1081.2	1612.07	1109.04	1620.95	1095.52	1646.1	1081.51	1635.15	
1081.87	1569.65	1090.96	1594.82	1078.43	1611.28	1065.02	1588.65	
1021.54	1449.3	1055.24	1478.9	1032.29	1489.23	1011.79	1471.92	
846.238	1113.33	878.13	1121.47	870.124	1122.84	847.593	1126.04	
591.454	655.805	615.456	633.173	630.968	614.859	588.342	650.035	
461.332	460.048	473.764	403.014	511.068	383.658	457.885	436.833	
415.508	398.814	428.882	323.813	473.575	312.783	412.855	372.017	
402.95	372.378	414.183	287.33	455.954	286.348	396.671	335.804	
403.299	346.355	399.078	263.58	448.522	264.814	379.333	318.495	
430.086	342.509	400.241	252.958	428.071	245.962	389.094	311.146	
435.679	324.329	415.76	250.082	414.744	232.416	410.243	300.088	
437.115	307.49	439.417	260.782	418.235	219.944	450.743	286.297	
445.108	290.499	480.459	251.05	413.165	219.03	482.5	291.965	
438.815	274.577	500.713	247.788	406.107	228.921	506.837	296.121	
5564.12	11254.3	5564.76	11251.4	5564.52	11248.7	5561.48	11238.8	
5566.72	11232	5569.1	11233	5572.63	11237.7	5567.15	11230	
5540.53	11230.4	5532.55	11234.7	5543.72	11236.3	5536.61	11234.7	
5498.62	11181.2	5503.69	11187.1	5503.51	11204.6	5494.76	11205.6	
5451.19	11018.9	5461.49	11019	5458.06	11034.4	5447.33	11036	
5451.91	10685	5461.31	10683.8	5467.97	10701.5	5448.5	10700.5	
5456.32	10515.1	5462.31	10504.1	5477.96	10523.9	5455.48	10515.1	
5466.48	10475.5	5468.67	10462.2	5480.64	10466.3	5444.58	10467.4	
5482.88	10441.6	5472.24	10435.8	5469.99	10424.7	5448.58	10421.1	
5492.24	10341.7	5482.66	10338.2	5469.1	10323	5452.88	10320.2	
5399.92	9885.38	5387.29	9876.61	5380.97	9870.04	5369.26	9867.68	
4776.21	8480.02	4761.39	8460.59	4762.82	8460.41	4753.65	8462	
3163.61	5481.02	3155.48	5458.74	3158.78	5460.89	3149.84	5468.51	
1670.46	2840.34	1670.76	2817.81	1679.87	2816.78	1665.52	2820.46	
1137.58	1898.74	1141.84	1872.35	1152.91	1866.65	1142.43	1872.99	
1063.26	1755.83	1070.38	1730.64	1077.37	1727.84	1077.44	1731.01	
1048.61	1708.82	1061.87	1689.88	1079.8	1700.7	1068.7	1702.91	
1050.98	1677.79	1067.97	1662.92	1066.11	1677.52	1059.83	1672.81	
1062.15	1649.4	1070.58	1629.86	1058.53	1653.78	1047.57	1637.19	
1039.87	1570.77	1058.01	1567.92	1036.44	1598.34	1027.77	1581.63	
948.029	1349.84	965.375	1369.06	954.389	1387.61	939.381	1370.68	
715.032	887.431	748.271	907.391	751.86	913.382	716.644	908.369	
517.915	520.963	546.112	514.893	568.857	503.651	522.469	524.335	
449.974	392.451	477.327	370.469	504.262	343.668	445.969	388.659	
427.104	361.324	450.016	320.57	489.75	306.247	422.94	350.878	
419.43	342.535	432.062	286.312	480.628	283.697	399.902	325.281	
425.73	340.487	422.212	254.843	470.652	264.746	395.912	308.927	
438.784	333.83	419.25	235.952	466.073	241.489	398.888	293.782	
450.073	319.621	429.688	233.419	453.919	221.178	425.67	289.451	
443.432	300.738	454.549	240.301	448.505	208.985	456.813	282.321	
426.198	287.15	483.436	251.785	448.26	212.108	489.609	277.967	
417.176	280.358	503.348	253.106	447.537	222.548	501.91	278.026	
5290.17	11504	5301.3	11504.9	5294.12	11513.2	5289.75	11499.9	
5239.27	11552.5	5258.9	11554.5	5251.32	11565	5246.89	11543.1	
5241.51	11537.3	5249.61	11538.4	5240.55	11544.1	5239.79	11535.6	
5274.73	11444.2	5274.47	11445.6	5264.31	11452.8	5264.49	11452	
5316.75	11193.6	5322.35	11200.4	5299.64	11232.7	5295.38	11238.3	
5378.01	10752.4	5386.63	10750.7	5387.5	10773.8	5369.09	10773.8	
5399.64	10568.7	5412.31	10565.5	5426.45	10573.1	5395.23	10575.2	
5416.23	10531.2	5418.29	10513	5427.09	10506.1	5394.52	10502.6	
5424.03	10493	5419.1	10488.4	5399.4	10463.3	5375.77	10464.1	
5357.79	10383.9	5350.1	10381.6	5334.91	10365.6	5320.56	10361.1	
5028.06	9672.83	5022.17	9667.21	5013.61	9657.48	5000.2	9651.94	
3916.01	7283.85	3909.35	7270.27	3907.76	7266.87	3893.88	7262.16	
2307.61	4168.61	2308.8	4143.43	2311.25	4145.16	2294.44	4141.6	
1361.76	2406.14	1370.76	2373.95	1376.95	2378.05	1354.92	2377.85	
1094.95	1901.18	1097.66	1866.89	1110.93	1866.85	1087.32	1865.85	
1035.24	1780.9	1033.17	1740.82	1058.09	1738.46	1026.54	1743.83	
1021.72	1741.84	1018.9	1710.28	1042.98	1713.37	1033.06	1714.33	
1024.18	1713.28	1023.57	1680.96	1033.12	1691.22	1034.51	1680.88	
1015.74	1662.98	1035.82	1640.97	1016.16	1654.57	1022.43	1645.78	
982.911	1540.43	998.14	1524.97	976.559	1550.75	979.014	1534.73	
838.105	1189.51	858.374	1190.57	847.131	1221.75	833.993	1205.13	
608.245	692.8	630.524	704.116	645.858	728.289	608.005	715.027	
470.375	417.107	506.359	435.445	532.44	440.469	480.547	438.017	
437.614	347.381	468.995	358.591	503.303	352.213	445.226	358.301	
435.782	323.079	458.586	328.161	498.558	307.639	422.111	330.374	
433.012	323.148	447.772	283.587	493.117	294.401	410.853	314.142	
438.005	324.918	446.202	245.448	492.712	272.643	407.469	291.066	
449.115	324.577	438.154	228.077	489.437	246.225	424.582	283.544	
457.816	311.04	441.329	220.235	495.571	214.244	445.048	285.831	
439.736	290.622	461.785	228.78	480.816	206.841	466.239	272.46	
419.155	272.242	485.172	246.754	477.593	202.246	479.416	252.663	
406.431	272.402	498.63	269.251	489.989	200.517	497.629	239.253	
4862.81	11910.8	4880.96	11912.1	4859.97	11926.2	4854.82	11909.8	
4940.76	11841.9	4955.01	11840.2	4934.23	11851	4932.82	11837.7	
5111.83	11685.2	5118.98	11677.6	5101.19	11683.6	5105.06	11675.2	
5146.17	11579.1	5148	11587.9	5136.56	11592.1	5141.01	11593.1	
5182.35	11263.5	5183.39	11267.8	5172.48	11283.8	5167	11285.3	
5242.75	10890.3	5248.95	10892.2	5231.64	10919.8	5213.53	10926.1	
5284.28	10710	5290.91	10700.7	5291.64	10702.5	5267.07	10702.9	
5320.69	10619.4	5324.39	10612.3	5320.79	10599.5	5297.89	10599.4	
5308.93	10567.7	5308.39	10558.3	5302.79	10542.6	5281.54	10540.4	
5220.05	10393.2	5218	10390.2	5203.33	10370.9	5186.56	10368	
4661.72	9283.49	4659.09	9280.2	4647.97	9270.23	4634.55	9261.71	
3078.79	6071.29	3078.94	6061.95	3074.33	6058.55	3059.64	6050.37	
1630.38	3137.43	1631.81	3115.51	1634.41	3116.62	1617.68	3106.83	
1129.48	2118.82	1135.72	2085.48	1141.34	2089.92	1118.8	2080.34	
1018.81	1878.63	1029.14	1837.29	1041.96	1845.64	1005.05	1841.39	
995.028	1808.63	992.046	1773.01	1016.56	1778.82	986.235	1767.17	
996.074	1772.77	987.702	1736.22	1001.13	1738.77	990.339	1726.61	
991.189	1725.64	995.274	1699.66	992.013	1714.49	1008.12	1710.23	
978.244	1656.83	986.171	1638.57	970.663	1653.78	996.64	1648.17	
906.87	1454.85	926.326	1444.94	900.884	1464.44	915.059	1454.18	
721.364	991.434	737.756	982.777	725.75	1022.9	719.279	993.066	
524.85	538.425	548.102	541.59	557.485	583.756	523.098	555.537	
450.312	363.351	473.478	379.283	504.121	417.739	452.095	391.457	
428.139	304.452	458.589	343.638	495.654	362.604	433.477	337.156	
440.45	304.837	452.931	312.563	490.174	338.414	419.378	320.263	
446.139	301.774	451.957	283.864	492.186	311.898	412.204	300.647	
440.462	302.899	435.223	246.226	497.263	287.15	429.62	278.752	
449.733	301.099	438.323	224.711	505.096	260.856	446.281	275.348	
447.051	293.474	440.49	221.671	504.922	239.295	463.899	269.957	
444.077	272.442	458.71	224.473	504.37	206.558	466.545	264.029	
431.928	257.064	483.475	240.418	497.752	192.05	476.125	233.998	
418.255	240.404	495.682	247.398	487.504	185.94	468.551	209.853	
4604.39	12167.6	4621.64	12167.7	4591.15	12184.3	4584.8	12172.7	
4757.85	11984.7	4769.03	11981.4	4742.66	11994.6	4740.92	11988.4	
4869.21	11835.6	4875.79	11836.2	4854.2	11846.8	4855.96	11845.6	
4966.97	11668.4	4971.94	11668	4954.62	11676.7	4957	11675.4	
5022.69	11393.2	5025.92	11397.3	5013.74	11406.5	5009.92	11409.8	
5027.15	11090.3	5028.59	11085.9	5021.14	11090.9	5009.52	11089	
5048.08	10948.7	5050.76	10943.9	5039.38	10940.8	5032.71	10940.7	
5057.22	10886.5	5058.05	10885.3	5052.28	10873.4	5045.25	10871.9	
5079.73	10760	5086.25	10758	5082.1	10745.1	5072.23	10741.4	
4996.59	10317.5	4999.67	10310.8	4991.96	10297.4	4976.3	10292.3	
4290.09	8778.94	4293.26	8778.98	4281.26	8765.45	4264.27	8761.96	
2443.08	5068.34	2449.52	5068.06	2441.38	5067.08	2428.77	5056.57	
1270.56	2652.38	1275.45	2637.51	1272.97	2641.59	1261.21	2629.04	
987.12	2010.46	988.034	1982.83	995.172	1987.21	974.927	1972.2	
946.601	1886.2	948.609	1854.92	961.41	1862.3	940.933	1840.33	
942.026	1840.38	953.766	1802.12	957.888	1817.2	945.521	1796.24	
958.996	1787.52	963.489	1762.9	955.079	1782.73	960.048	1765.54	
969.626	1735.57	974.691	1721.37	952.133	1735.5	969.441	1730.26	
942.901	1638.18	954.92	1634.63	931.806	1649.26	958.558	1653.64	
834.039	1340.61	846.443	1337.15	821.095	1363.19	848.804	1351.76	
617.794	790.742	635.311	784.841	610.689	829.54	614.835	791.694	
478.584	446.469	491.476	437.957	490.957	501.051	470.587	447.447	
436.714	337.041	453.735	344.484	468.197	404.651	429.699	355.12	
439.189	306.638	435.872	307.556	470.333	379.059	421.668	325.304	
439.081	278.105	444.248	298.486	477.993	358.707	412.766	306.693	
442.158	279.108	434.54	273.567	477.989	332.047	416.342	291.79	
445.376	277.153	427.485	253.344	491.138	299.324	432.815	270.262	
433.203	276.928	416.067	230.902	505.79	285.189	460.752	253.186	
449.44	262.097	441.627	232.471	503.848	254.591	464.744	259.893	
458.453	252.843	459.843	239.66	501.416	223.964	473.05	246.695	
464.964	238.986	475.407	235.032	497.608	197.434	470.104	224.041	
470.877	229.559	489.481	230.393	495.36	186.707	472.592	207.663	
4309.21	12366.7	4322.95	12365.9	4295.47	12377.4	4288.56	12383.7	
4362.02	12295.7	4374.83	12297.1	4340.25	12321.1	4330.99	12325.2	
4365.02	12112.3	4373.59	12111.7	4345.56	12130.2	4342.55	12136.1	
4554.32	11783.2	4560.08	11779.1	4536.49	11794.1	4541.47	11801.5	
4725.61	11525.9	4731.26	11518.6	4714.05	11525.8	4716.46	11531.8	
4836.69	11264.5	4835.32	11262.9	4822.15	11258.4	4824.53	11263.7	
4889.5	11101.8	4878.29	11104.3	4871.88	11090.3	4873.77	11088	
4925.61	11007.9	4931.93	11010.1	4925.43	10998.3	4926.01	10992.4	
4932.94	10895	4937.95	10892	4929.99	10880.3	4924.79	10870.8	
4769.31	10303.4	4777.71	10301.8	4769.58	10287	4752.64	10285.4	
3684.29	7835.4	3694.63	7839.65	3680	7827.93	3665.08	7830.85	
1955.25	4313.06	1970.68	4322.76	1958.66	4318.5	1946.99	4317.11	
1056.47	2434.18	1067.63	2436.04	1060.61	2441.48	1052.29	2426.59	
885.787	2000.62	890.944	1988.76	889.422	1995.48	884.298	1976.42	
877.304	1917.68	876.134	1894.39	880.061	1902.9	876.13	1877.75	
889.943	1866.63	902.124	1842.69	897.993	1860.18	905.681	1839.33	
916.47	1797.29	941.499	1799.92	918.068	1814.85	928.847	1800.68	
929.84	1732.62	955.578	1756.68	926.596	1762.46	944.831	1757.2	
910.552	1632.21	928.29	1651.36	898.57	1661.57	929.188	1656.56	
772.551	1223.31	778.179	1225.1	751.608	1254.72	784.685	1242.81	
557.29	642.903	560.384	629.36	527.485	691.357	546.128	653.608	
455.11	395.715	467.31	387.178	438.05	456.266	437.811	393.474	
436.836	341.517	432.931	315.534	427.85	406.043	418.197	325.283	
430.645	301.583	436.997	291.427	432.754	384.055	413.687	306.593	
426.169	272.874	424.943	268.402	447.954	369.209	413.179	299.973	
432.116	253.211	430.984	267.372	465.409	344.198	420.061	281.434	
442.724	247.344	425.556	246.336	480.118	312.952	432.808	267.707	
459.352	240.835	426.963	248.422	489.788	282.736	447.147	262.518	
463.506	235.685	432.514	256.27	496.672	262.335	464.639	253.677	
484.142	229.828	457.953	259.034	489.091	243.008	473.383	237.092	
502.706	233.787	470.525	251.354	487.545	222.196	477.631	215.171	
517.042	238.822	473.019	236.675	494.144	203.587	477.73	203.795	
3838.44	12781.7	3846.51	12788.5	3824.43	12787.4	3817.82	12813.6	
3786.84	12636.9	3800.26	12633.6	3768.78	12653	3756.1	12675.7	
4032.94	12239.3	4047.18	12232.8	4014.12	12263.4	4008.15	12277.5	
4248.74	11830.7	4259.05	11820.1	4236.84	11836.2	4241.04	11848.5	
4466.04	11576.6	4465.3	11569.5	4441.22	11576.3	4461.95	11587.5	
4638.25	11380.4	4632.67	11382	4621.48	11372.9	4633.07	11376.7	
4832.4	11137.9	4835.22	11140.6	4825.87	11123.6	4823.63	11128.2	
4892.57	11043	4890.18	11039.8	4880.39	11026.1	4878.22	11015.9	
4878.07	10952.6	4885.47	10950.2	4876.35	10933.1	4861.91	10929.9	
4594.18	10202.7	4604.28	10202.7	4594.06	10187.6	4579.46	10188	
3189.05	7058.6	3203.63	7068.15	3187.22	7058.37	3175.5	7062.35	
1462.72	3539.05	1482.26	3559.58	1454.91	3555	1450.26	3562.7	
885.809	2318.37	907.567	2335.49	894.969	2335.24	888.306	2333.93	
794.443	2019.81	807.819	2027.58	797.597	2036.35	800.177	2015.67	
815.472	1937.61	834.138	1934.05	823.684	1945.26	827.504	1933.99	
858.516	1867.25	877.737	1876.99	865.647	1890.22	866.371	1876.09	
885.212	1798.27	904.074	1822.76	891.62	1839.06	910.55	1824.8	
892.903	1732.76	928.592	1789.08	895.55	1793.68	939.483	1779.87	
873.913	1609.33	893.599	1651.14	871.629	1657.81	906.892	1644.74	
729.036	1136.89	733.402	1143.07	703.942	1176.29	735.137	1156.38	
524.932	556.595	516.143	539.405	476.086	605.327	509.43	567.835	
456.67	375.545	446.945	347.103	401.906	437.041	428.034	380.623	
429.113	326.3	442.223	313.146	387.033	402.497	409.103	315.77	
412.447	299.327	427.409	279.999	393.462	390.147	414.421	295.376	
410.194	264.286	431.901	264.228	412.201	371.645	421.171	283.754	
419.711	235.224	432.164	239.8	450.121	347.402	429.521	277.834	
449.505	215.767	444.363	243.754	470.179	319.321	427.426	278.819	
475.247	209.913	444.319	252.446	484.286	283.951	433.608	272.57	
497.54	218.043	432.217	281.895	489.986	254.18	455.963	257.104	
510.534	224.207	439.8	284.235	485.17	247.753	472.493	230.317	
525.149	236.182	464.555	274.797	476.605	254.226	488.717	213.759	
532.592	245.173	485.639	267.019	468.938	253.542	491.528	198.171	
3297.29	13199.1	3302.37	13207.4	3261.78	13223.6	3240.95	13252.4	
3578.78	12708.2	3585.45	12710.9	3556.89	12732.1	3552.95	12754.5	
3840.55	12228.4	3868.77	12202.2	3842.36	12231.2	3827.85	12262.4	
4178.16	11855.8	4190.16	11847.2	4156.94	11876.1	4162.66	11888.7	
4375.11	11577.9	4370.03	11581.3	4360.31	11577.3	4377.88	11577.2	
4549.1	11419.6	4546.94	11419.9	4534.57	11412.3	4548.49	11416.8	
4763.49	11191.9	4766.85	11190.5	4755.71	11174.3	4751.8	11179.4	
4844.93	11051.5	4862.4	11053.4	4851.45	11021.3	4824.09	11048	
4835.9	10931.4	4842.77	10928.1	4831.65	10908.7	4815.91	10915	
4498.97	10127.8	4509.7	10128.9	4498.55	10113.8	4484.92	10114.4	
2809.27	6450.5	2825.72	6463.61	2807.23	6453.78	2797.38	6458.72	
1227.05	3152	1248.18	3176.77	1219.18	3172.71	1217.37	3180.66	
749.304	2224.97	773.099	2255.18	738.262	2253.04	741.947	2262.53	
724.221	2040.02	757.804	2061.03	751.893	2062.83	739.305	2068.68	
787.999	1937.24	817.066	1961.79	802.986	1978.49	791.826	1965.03	
839.514	1858.77	858.968	1885.19	833.675	1911.46	842.966	1898.3	
873.598	1794.12	872.46	1838	868.313	1858.21	891.135	1845.27	
876.579	1738.24	878.896	1793.63	885.464	1799.59	926.077	1780.18	
838.779	1567.31	860.297	1616.37	838.983	1626.75	883.232	1608.72	
681.143	1036.88	685.789	1048.86	653.981	1087.2	687.843	1059.93	
514.202	528.524	498.89	505.341	453.701	580.085	494.328	536.136	
460.601	365.488	442.211	338.483	379.191	422.467	437.137	372.058	
437.408	317.172	439.39	293.308	361.918	397.674	410.516	331.391	
398.338	291.357	438.911	292.799	365.269	393.246	406.044	288.986	
398.067	261.028	419.927	255.142	394.551	373.289	436.931	272.522	
423.185	219.67	441.365	232.317	428.202	344.241	433.582	277.461	
450.308	200.216	460.64	221.43	477.823	323.336	432.762	285.207	
487.362	195.446	454.56	262.346	487.886	288.786	435.424	283.216	
514.139	208.132	433.462	290.467	488.172	248.39	437.648	257.694	
532.518	234.738	423.499	308.395	482.901	242.824	473.294	233.616	
535.46	234.875	454.497	288.169	468.532	273.707	498.108	209.564	
528.015	235.918	499.259	276.205	458.119	304.959	509.834	207.256	