
3703.12	12879.8	3606.77	
4461.14	12235	4414.3	
5152.94	11633.1	5141.31	
5769.72	11058.5	5736.8	
6271.76	10606	6209.81	
6602.62	10260.6	6543.22	
6810.74	10044.6	6754.52	
6994.8	9866.66	6932.1	
7262.98	9586.7	7214.99	
7518.96	9328.68	7475.97	
7750.71	9089.76	7706.64	
7939.78	8916.33	7877.8	
8050.16	8799.68	7995.04	
8171.78	8673.45	8151.49	
8284.51	8582.1	8275.68	
8389.08	8482.85	8390.37	
8526.31	8351.21	8515.03	
8620.35	8249.55	8615.9	
8753.73	8101.7	8758.05	
8883.92	7987.04	8866.02	
9049.53	7791.24	9045.82	
9301.2	7539.73	9281.79	
9477.31	7390.66	9426	
9690.42	7147.08	9655.11	
9919.78	6903.21	9889.83	
10087.2	6730.77	10052.5	
10317.4	6483.77	10295.5	
10705.8	6056.22	10700.5	
11023.1	5706.68	11029.4	
11296.5	5343	11307.8	
11793.2	4826.1	11808	
12382	4107.3	12427	
4367.61	12337.1	4314.09	
4592.86	12138.6	4557.3	
5237.87	11537.8	5219.87	
5837.3	10967.3	5827.38	
6231.63	10582.8	6213.03	
6543.65	10291.9	6507.35	
6844.45	10015.1	6780.21	
7026.63	9815.06	6978.55	
7284.07	9557.8	7246	
7486.52	9347.59	7456.49	
7692.95	9137.77	7661.21	
7902.11	8911.1	7871.03	
8030.58	8785.4	7999.04	
8155.26	8668.41	8145.73	
8263.92	8563.74	8272.51	
8382.41	8455.7	8391.95	
8490.2	8345.11	8509.98	
8609.52	8222.13	8615.13	
8745.41	8096.51	8735.15	
8848.03	7986.97	8850.29	
9035.2	7788.91	9029.95	
9290.02	7521.15	9292.72	
9441.88	7367.17	9433.9	
9649.73	7164.04	9623.12	
9880.79	6930.27	9849.29	
10059.9	6759.6	10032.9	
10363.6	6433.93	10341.6	
10659.9	6087.54	10647	
10835.1	5821.83	10826.2	
11213.3	5272.67	11225.5	
11702.6	4550.53	11754.1	
11856.7	4294.94	11889.4	
4899.39	11862.8	4873.95	
5057.38	11728.2	5028.85	
5326.8	11439.1	5306.37	
5905.66	10857.9	5915.26	
6217.95	10544	6245.14	
6543.27	10249.8	6532.92	
6779.53	10029.7	6751.17	
7053.8	9758.98	7023.97	
7282.37	9525.33	7266.94	
7452.1	9382.6	7427.78	
7636.84	9161.23	7619.53	
7850.58	8921.12	7849.16	
8015.9	8759.9	8015.25	
8114.32	8658.66	8123.15	
8241.39	8537.9	8260.51	
8367.3	8411.85	8395.33	
8463.71	8317.35	8494.32	
8583.36	8209.43	8597.67	
8723.37	8070.02	8722.25	
8847.89	7944.31	8840.97	
9013.38	7771.54	9013.46	
9237.41	7535.08	9238.31	
9420.98	7330.62	9429.48	
9564.01	7170.28	9561.19	
9824.26	6931.56	9807.42	
10075.8	6670.09	10060.3	
10331.8	6423.34	10309	
10531.3	6218.91	10500.2	
10700.2	5771.9	10688.4	
10969.9	5026.25	10989.6	
10988.7	4447.54	11012.6	
11021.1	3866.17	11046.7	
5273.81	11510	5253.41	
5470.53	11306.5	5458.68	
5616.19	11155.5	5607.36	
5901.96	10841.2	5914.84	
6270.24	10466.6	6300.16	
6494.24	10237.2	6524.1	
6763.9	9974.32	6777.86	
7024.47	9731.58	7036.96	
7288.64	9496.01	7280.95	
7416.33	9353.57	7409.61	
7560.36	9201.67	7550.99	
7832.4	8909.41	7837.51	
7960.49	8761.56	7993.15	
8092.16	8631.94	8111.08	
8226.05	8495.21	8250.06	
8328.39	8394.35	8367.79	
8458.04	8276.78	8489.84	
8549.3	8184.76	8571.96	
8687.62	8046.66	8697.4	
8836.39	7893.46	8834.34	
8964.16	7763.24	8959.56	
9191.44	7502.52	9192.54	
9348.87	7328.22	9346.24	
9488.37	7142.31	9497.3	
9624.55	6811.85	9656.93	
9920.21	6506.33	9914.55	
10210.6	6279.86	10186.1	
10310.9	6101.77	10288.1	
10422.2	5713.03	10409.6	
10228.1	4882.04	10234.8	
10148.6	4139.36	10159.4	
10187.8	3705.46	10193.4	
5503.45	11226.8	5465.15	
5639.44	11122.3	5620.45	
5750.24	10991.7	5762.47	
5975.55	10749.8	5977.33	
6225.53	10480.6	6225.62	
6514.1	10171.2	6545.99	
6748.9	9927	6818.85	
7007.34	9693.95	7033.61	
7255.27	9454.84	7256.87	
7372.63	9328.18	7366.38	
7529.65	9163.71	7527.76	
7773.51	8913.28	7785.09	
7939.53	8734.33	7947.93	
8064.37	8596.18	8091.01	
8188.48	8461.41	8221.91	
8300.04	8350.97	8331.37	
8398.25	8241.51	8436.42	
8495.82	8134.75	8529.25	
8635.48	7977.6	8659.99	
8740.03	7840.4	8749.4	
8881.64	7681.52	8882.39	
9013.15	7439.6	9010.96	
9101.65	7161.72	9103.85	
9193.04	6954.18	9208.61	
9279.89	6618.83	9294.94	
9349.72	6120.94	9353.9	
9435.46	5867.14	9426.35	
9521.22	5590.31	9512.24	
9531.52	5314.01	9525.74	
9578.25	4813.48	9578.42	
9540.59	4126.12	9551.71	
9550.06	3891.31	9564.59	
5636.03	10980.6	5540.26	
5708.51	10926.8	5689.04	
5810.37	10835.9	5800.06	
5947.05	10678	5939.11	
6210.13	10359.8	6182.28	
6510.89	10059.3	6540.29	
6734.59	9845.02	6777.66	
6912.55	9636.25	6953.35	
7157.36	9364.89	7165.25	
7307.89	9201.97	7304.79	
7457	9068.29	7457.17	
7658.57	8822.7	7658.36	
7830.93	8618.07	7837.79	
7975.39	8481.4	7992.75	
8066.45	8348.34	8092.91	
8144.78	8224.8	8173.95	
8194.98	8061.48	8237.17	
8314.14	7933.64	8386.04	
8368.5	7807.42	8407.02	
8412.02	7560.51	8435	
8452.97	7319.72	8464.81	
8504.53	7140.58	8512.24	
8450.85	6741	8461.41	
8456.54	6346.76	8457.46	
8582.51	6139.74	8581.11	
8587.18	5794.37	8583.3	
8535.01	5380.35	8527.58	
8572.43	5221.11	8562.46	
8710.45	4983.99	8707.06	
8980.82	4641.28	8988.79	
9152.86	4331.66	9167.62	
9180.38	4126.12	9205.92	
5639.14	10551	5587.13	
5727.97	10405.9	5658.62	
5785.88	10236.8	5756.43	
5904.07	10148.4	5880.68	
6109.56	9961.82	6110.52	
6351.5	9675.9	6349.37	
6538.53	9480.19	6550.01	
6742.04	9291.67	6759.75	
6833.95	9025.72	6847.92	
7026.15	8729.18	7020.95	
7210.97	8587.74	7197.98	
7299.89	8439.83	7289.34	
7444.3	8188.99	7442.97	
7544.65	8013.39	7544.65	
7595.31	7883.53	7598.76	
7626.49	7721.84	7643.27	
7720.75	7594.2	7759.49	
7650.99	7351.18	7697.24	
7702.66	7224.05	7751.49	
7713.57	7022.5	7742.31	
7684.3	6719.29	7711.33	
7691.48	6489.82	7714.72	
7813.12	6300.62	7829.79	
7880.1	5973.04	7885.96	
7964.04	5724.1	7950.76	
8078.58	5556.87	8059.55	
8176.87	5315.46	8157.4	
8288.07	5098.22	8276.46	
8422.67	4943.5	8415	
8640.14	4691.22	8643.99	
8851.58	4442.46	8880.4	
8929.59	4354.9	8973.17	
5447.47	9499.05	5411.41	
5512.99	9357.46	5476.69	
5575.45	9154.62	5540.11	
5665.4	8973.87	5659.75	
5803.71	8957.51	5804.51	
5910.38	8807.43	5911.73	
6069.4	8576.55	6058.77	
6166.59	8440.97	6159.72	
6383.11	8290.24	6371.62	
6539.8	7997.31	6517.83	
6616.23	7705.12	6579.3	
6748.73	7613.13	6717.92	
6811.11	7476.97	6783.58	
6833.45	7285.34	6809.94	
6906.7	7169.52	6886.82	
7010.99	7075.52	7007.21	
7014.55	6929.41	7022.02	
7064.86	6812.79	7083.67	
7065.26	6651.7	7098.14	
7131.76	6564.39	7167.24	
7212.78	6409.23	7246.7	
7354.04	6190.39	7390.42	
7469.8	6043.2	7496.79	
7607.33	5873.05	7621.98	
7781.04	5629.68	7769.11	
7902.61	5482.21	7871.6	
8024.04	5317.61	8000.31	
8170.36	5120.92	8150.17	
8318.21	4950.35	8304.48	
8515	4731.56	8517.65	
8679.02	4558.8	8710.09	
8704.61	4465.04	8792.21	
5157.32	8618.72	5148.74	
5210.01	8558.87	5199.1	
5298.54	8447.72	5293.4	
5418.18	8304.67	5415.21	
5482.71	8157.61	5488.56	
5580.85	8091.24	5585.59	
5668.63	7972.86	5671.21	
5834.75	7822.37	5810.74	
6007.46	7701.18	5973.71	
6173.85	7504.67	6133.38	
6318.21	7287.77	6282.3	
6410.77	7132.08	6359.89	
6472.96	7058.34	6420.44	
6541.55	6969.13	6499.61	
6618.49	6866.61	6599.46	
6682.03	6771.68	6669.27	
6768.45	6672.96	6761.74	
6827.2	6589.27	6830.74	
6895.64	6508.16	6910.34	
6951.62	6420.4	6995.76	
7055.28	6313.97	7100.99	
7229.26	6130.43	7269.65	
7377.15	5983.53	7411.43	
7515.16	5857.54	7519.27	
7702.43	5635.39	7691.72	
7829.95	5469.12	7812.82	
7923.8	5361.79	7893.4	
8077.72	5137.29	8062.7	
8235.69	4899.18	8222.82	
8378.74	4750.98	8381.68	
8500.46	4552.23	8546.4	
8552.5	4445.67	8609.19	
5032.1	8401.8	5034.11	
5065.34	8354.75	5068.14	
5138.89	8274.67	5139.13	
5252.98	8128.91	5257.4	
5388.89	7994.2	5390.21	
5471.11	7907.2	5479.06	
5577.73	7799.41	5577.06	
5736.28	7645.12	5727.25	
5900.35	7498.15	5860.44	
6027.72	7360.77	6004.38	
6215.28	7169	6176.89	
6338.03	7041.82	6287.49	
6405.36	6961.86	6340.89	
6478.87	6882.75	6430.93	
6541.3	6805.35	6518.84	
6610.75	6711.18	6609.21	
6708.91	6613.77	6698.12	
6786.21	6537.45	6777.81	
6852.04	6465.57	6865.22	
6911.23	6388.34	6944.9	
6980.47	6293.41	7049.37	
7175.82	6124.05	7206.89	
7352.73	5969.32	7348.5	
7477.26	5853.09	7471.14	
7622.43	5677.14	7611.74	
7760.43	5495.04	7758.51	
7852.95	5359.99	7858.85	
7953.85	5187.03	7941.29	
8007.44	4796.58	8002.73	
8012.11	4457.59	8025.8	
8004.35	4325.36	8024.23	
7899.18	4064.04	7934.52	
4952.33	8395.89	4966.97	
4993.66	8340.66	4991.49	
5040.01	8273.67	5045.39	
5168.52	8146.1	5159.18	
5347.73	7961.27	5348.02	
5458.79	7855.01	5452.13	
5543.07	7767.98	5535.14	
5728.24	7581.09	5722.66	
5852	7450.55	5865.1	
5978.9	7327.29	5963.62	
6171.1	7137.51	6132.8	
6303.98	7006.79	6252.95	
6381.64	6928.22	6335.96	
6453.42	6854.68	6409.92	
6513.15	6781.65	6487.69	
6594.03	6696.4	6580.02	
6677.8	6595.76	6686.85	
6753.9	6515.44	6765.82	
6818.04	6448.36	6840.06	
6891.87	6365.27	6928.06	
6981.17	6278.73	7010.06	
7115.28	6158.59	7127.64	
7327.56	5961.17	7310.56	
7440.54	5843.48	7418.9	
7534.73	5724.87	7534.9	
7652.22	5543.49	7667.34	
7740.12	5337.02	7750.76	
7764.36	5117	7770.58	
7666.16	4677.34	7666.67	
7216.26	3893.17	7222.16	
6969.78	3435.92	6978.4	
6894.31	3317.33	6905.74	
4815.71	8491.58	4814.73	
4890.36	8402.65	4887.06	
4971.21	8326.14	4948.99	
5110.02	8180.82	5100.31	
5317.5	7973.81	5289.35	
5436.29	7846.29	5405.04	
5553.43	7731.59	5528.84	
5709.96	7558.74	5720.3	
5845.56	7410.66	5863.12	
5945.68	7312.96	5950.02	
6109.46	7146.69	6089.06	
6272.15	6983.26	6224.52	
6362.51	6900.43	6324.14	
6419.27	6841.58	6403.78	
6497.69	6765.19	6475.85	
6570.74	6680.74	6563	
6653.62	6587.2	6663.94	
6722.22	6500.85	6763.42	
6796.73	6429.47	6823.36	
6884.17	6353.61	6894.37	
6975.72	6281.9	6963.79	
7093.14	6154.35	7084.59	
7270.31	5972.75	7261.82	
7387.85	5841.99	7383.68	
7433.37	5751.06	7454.25	
7501.83	5587.1	7519.74	
7490.87	5251.18	7502.84	
7298.55	4732.73	7306.51	
7023.24	4215.46	7029.54	
6636.74	3531.25	6637.91	
6335.3	2990.88	6339.49	
6319.22	2802.65	6325.13	
4644.29	8642.39	4634.62	
4722.3	8561.63	4708.45	
4848.79	8424.77	4837.83	
5035.78	8243.4	5001.9	
5225.04	8050.67	5172.49	
5400.72	7876.29	5327.34	
5552.72	7705.31	5516	
5730.15	7500.88	5734.71	
5816.93	7387.26	5854.1	
5903.87	7294.79	5929.63	
6050.28	7149.54	6062.97	
6236.05	6968.44	6233.21	
6322.02	6887.27	6316.27	
6390.42	6820.36	6395.91	
6455.19	6749.81	6477.94	
6528.44	6674.73	6550.37	
6630.85	6572.37	6642.77	
6725.72	6487.87	6718.97	
6782.39	6418.83	6791.78	
6875.54	6334.91	6868.21	
6949.77	6254.06	6933.93	
7048.47	6156.82	7028.55	
7196.39	5971.04	7194.52	
7295.78	5835.98	7313.29	
7319.08	5717.32	7334.4	
7238.1	5490.89	7254.33	
7019.28	4996.15	7034.39	
6625.08	4212.36	6632.79	
6294.84	3578.64	6292.11	
6158.39	3226.98	6159.95	
6119.64	2948.07	6121.25	
6110.16	2839.14	6114.89	
4531.54	8759.06	4508.73	
4556.17	8704.55	4558.25	
4651.81	8608.31	4632.18	
4841.73	8407.97	4796.74	
5109.52	8140.43	5030.36	
5327.78	7905.12	5237.1	
5549.84	7662.66	5502.95	
5718.14	7464.97	5717.03	
5804.12	7343.49	5825.15	
5828.04	7260.81	5922.94	
5974.1	7105.75	6054.14	
6140.84	6942.05	6210.73	
6239.56	6857.01	6312.85	
6312.11	6790.43	6379.17	
6413.96	6717.09	6456.23	
6480.58	6647.52	6517.59	
6584.66	6550.03	6588.76	
6687.36	6455.39	6665.27	
6753.74	6379.18	6736.23	
6816.05	6290.59	6807.95	
6885.74	6203.13	6862.58	
6954.19	6102.79	6941.14	
7017.01	5946.84	7017.03	
6971.69	5703.4	6984.72	
6907.71	5468.03	6925.97	
6722.96	5077.53	6736.98	
6374.83	4469.45	6383.99	
6047.26	3812.5	6052.8	
5913.06	3342.54	5912.07	
5918.11	3123.16	5909.01	
5938.44	3004.92	5943.3	
5956.82	2943.72	5964.4	
4331.28	8934.25	4313.63	
4350.25	8913.17	4328.42	
4384.38	8857.1	4357.93	
4629.25	8563.84	4574.13	
4968.28	8151.96	4894.84	
5226.79	7849.5	5162.21	
5469.44	7563.18	5426.75	
5645.07	7366.26	5637.98	
5709.52	7260.55	5753.05	
5740.1	7146.43	5852.83	
5680.73	6966.36	5988.42	
5801.77	6804.27	6098.31	
5899.27	6691.51	6187.56	
6157.07	6665.65	6272.82	
6269.05	6604	6325.63	
6343.95	6508.22	6369.9	
6422.99	6411.39	6430.18	
6462.59	6293.54	6453.96	
6511.81	6184.06	6493.29	
6568.53	6094.02	6549.21	
6599.27	5994.83	6594.72	
6587.79	5844.03	6587.51	
6484.63	5647.31	6493.61	
6258.91	5276.89	6274.54	
5997.28	4772.48	6021.57	
5912.88	4417.22	5932.14	
5796.17	3985.75	5802.4	
5700.28	3614.09	5699.24	
5716.89	3334.72	5712.38	
5769.03	3173.89	5766.67	
5794.85	3063.99	5791.98	
5796.93	2991.07	5825.22	
4000.02	9220.31	3978.11	
4060.08	9179.41	4023.91	
4180.8	9003.77	4134.58	
4425.29	8557.01	4377.1	
4689.23	7972.61	4638.21	
4925.41	7488.2	4881.71	
5167.4	7215.06	5139.75	
5248.64	7000.67	5249.93	
5271.94	6805.63	5328.25	
5299.28	6695.65	5477.2	
5214.64	6586.22	5637.22	
4774.7	6341.33	5741.95	
5279.51	6191.79	5679.23	
5526.53	6087.11	5683.09	
5683.48	6054.96	5739.81	
5808.01	6005.74	5822.87	
5778.58	5845.87	5783.49	
5719.2	5668.52	5722.95	
5721.14	5540.28	5717.74	
5753.34	5444.91	5759	
5763.79	5336.27	5780.96	
5660.67	5135.79	5692.59	
5523.05	4887.95	5557.93	
5442.34	4663.52	5480.38	
5374.77	4311.4	5407.67	
5346.27	3978.91	5370.67	
5416.82	3782.89	5429.19	
5524.2	3554.05	5519.91	
5588.26	3406.76	5577.94	
5619.35	3295.51	5609.04	
5666.32	3141.4	5672.22	
5689.54	2924.65	5712.56	
3678.79	9478.08	3649.38	
3754.07	9310.46	3702.61	
3965.29	8874.62	3915.99	
4097.77	8266.19	4053.83	
4185.68	7399.21	4143.21	
4319.17	6714.31	4278.09	
4351.25	6333	4322.56	
4370.5	6115.67	4362.69	
4408.93	5947.65	4455.59	
4421.54	5823.28	4597.59	
4312.78	5750.57	4763.24	
4467.75	5685.75	4913.86	
4494.77	5465.76	4902.73	
4653.66	5238.32	4766	
4786.58	5161.62	4807.15	
4847.36	5114.42	4837.89	
4859.13	5041.03	4840.93	
4869.33	4937.22	4860.56	
4887.27	4825.21	4913.62	
4910.45	4722.79	4950	
4902.74	4622.41	4949.3	
4890.4	4529.41	4937.35	
4926.32	4414.81	4982.12	
4992.96	4273.44	5046.03	
5052.56	4111.35	5098.81	
5148.92	3912.21	5181.68	
5278.2	3730.05	5291.88	
5408.08	3583.76	5403.41	
5487.84	3481.15	5466.44	
5528.06	3379.87	5509.86	
5531.35	3246.57	5543.71	
5554.54	3167.22	5568.2	
3292.23	9548.46	3203.37	
3473.44	9054.9	3422.42	
3578.77	8230.15	3540.45	
3631.91	7393.07	3594.42	
3680.51	6634.25	3641.18	
3725.75	6003.82	3673.7	
3744.87	5672.48	3693.38	
3808.78	5505.1	3778.97	
3880.72	5409.79	3891.03	
3900.82	5323.75	3991.49	
4016.6	5228.57	4126.16	
4128.6	5130.2	4257.65	
4220.38	5012.32	4333.95	
4319.05	4876.62	4398.81	
4400.06	4766.27	4382.4	
4431.26	4723.36	4398.61	
4470.05	4696.19	4431.97	
4525.12	4648.77	4516.98	
4588.42	4537.6	4615.74	
4607.42	4445.73	4664.2	
4632.27	4397.06	4683.54	
4671.71	4350.71	4724.13	
4735.77	4279.92	4785.94	
4838.71	4157.53	4899.13	
4943.29	4057.5	4999.96	
5069.77	3908.3	5109.98	
5213.95	3750.7	5227.56	
5306.98	3642.91	5292.79	
5380.57	3550.45	5356.85	
5432.55	3448.65	5434.45	
5456.76	3374.47	5455.69	
5461.61	3305.38	5476.2	
3126.67	8404.11	3072.34	
3127.92	8028.1	3076.77	
3192.3	7271.05	3168.64	
3268.58	6488.56	3248.95	
3390.63	6039.22	3350.31	
3466	5726.71	3415.21	
3592.26	5488.17	3527.45	
3693.14	5352.07	3638.27	
3751.13	5276.71	3727	
3832.56	5192.37	3823.05	
3947.04	5077.04	3963.14	
4034.77	4986.2	4060.46	
4145.51	4869.73	4176.77	
4254.71	4751.52	4278.15	
4316.66	4690.61	4307.93	
4364.53	4661.76	4310.87	
4385.42	4627.27	4366.58	
4450.05	4556.09	4436.75	
4521.13	4461.07	4530.87	
4561	4390.01	4595.43	
4581.92	4350.96	4632.03	
4616.53	4313.76	4661.48	
4683.84	4242.51	4725.85	
4801.93	4132.2	4849.1	
4893.11	4030.2	4958.57	
5007.45	3932.38	5046.75	
5142.3	3792.42	5146.65	
5226.19	3702.09	5202.13	
5275.03	3626.74	5251.76	
5331.68	3544.79	5309.74	
5390.06	3444.98	5400.09	
5409.06	3391.12	5425.85	
2831.84	6890.04	2835.82	
2880.64	6674.64	2879.13	
2995.7	6437.8	2981.39	
3142.02	6098.2	3118.46	
3265.83	5781.5	3237.02	
3399.64	5612.94	3350.77	
3539.15	5450.71	3489.94	
3674.26	5319.02	3605.9	
3738.12	5245.15	3676.96	
3831.05	5140.67	3799.43	
3940.27	5025.08	3927.61	
4027.81	4940.15	4015.19	
4122.92	4833.52	4130.15	
4226.91	4715.72	4247.24	
4290.1	4665.12	4289.22	
4316.1	4636.2	4324.75	
4352.88	4604.04	4350.28	
4421.64	4528.45	4418.95	
4524.68	4429.12	4502.87	
4565.88	4373.03	4560.59	
4586.73	4336.06	4597.02	
4604.19	4294.48	4635.7	
4669.54	4231.54	4697.1	
4773.74	4126.78	4799.15	
4872.24	4031.2	4899.78	
4952	3940.28	4985.7	
5047.77	3849.97	5059.97	
5138.01	3757.19	5128.01	
5205.09	3681.08	5183.53	
5249.62	3611.01	5251.92	
5281.43	3554.34	5309.27	
5313.02	3501.39	5356.56	
2656.9	6367.33	2683.54	
2782.88	6223.25	2804.78	
2947.29	6055.8	2941.97	
3092.25	5896.46	3064.94	
3224.11	5717.72	3191.57	
3370.24	5549.8	3352.09	
3507.71	5423.49	3472.9	
3612.05	5315.94	3575.37	
3725.51	5212.85	3680.33	
3841.83	5093.94	3797.25	
3942.87	4998.19	3894.68	
4024.47	4905.26	4000.13	
4113.38	4801.67	4114.35	
4204.16	4708.21	4219.74	
4250.13	4647.34	4305.18	
4279.74	4613.3	4335.19	
4321.88	4576.22	4364.04	
4406.39	4504.44	4413.11	
4503.92	4420.01	4480.47	
4590.06	4360.84	4525.85	
4602.65	4317.05	4568.97	
4615.91	4282.1	4607.79	
4648.87	4227.63	4662.63	
4749.67	4137.56	4745.55	
4860.84	4030.55	4846.48	
4917.5	3950.31	4926.92	
4962.79	3882.57	4995.18	
5055.47	3804.01	5059.49	
5139.1	3721.39	5150	
5179.22	3666.99	5226.36	
5189.87	3628.45	5256.21	
5203.61	3587.51	5281.16	
2627.81	6081.73	2650.56	
2720.04	6030.93	2738.75	
2890.78	5907.38	2886.79	
3041.38	5765.93	3019.19	
3202.98	5668	3175.79	
3352.37	5518.02	3329.57	
3430.51	5425.51	3436.53	
3587.53	5286.36	3562.74	
3720.97	5161.36	3677.75	
3835.23	5058.73	3785.06	
3942.27	4951.36	3905.29	
4005.75	4878.38	3985.84	
4092.47	4788.18	4090.33	
4187.11	4687.91	4218.97	
4233.27	4629.5	4289.03	
4259.56	4586.71	4336.25	
4306.91	4546.12	4362.54	
4375.58	4488.23	4403.53	
4495.56	4403.49	4463.02	
4575.51	4342.42	4512.21	
4617.77	4303.9	4537.4	
4625.63	4261.85	4576.74	
4654.87	4225.39	4619.9	
4725.38	4145.35	4700.44	
4831.17	4034.83	4803.06	
4905.57	3950.3	4881.33	
4936.79	3895.41	4928.44	
4984.41	3840.63	4994.21	
5071.83	3749.6	5118.94	
5116.51	3696.43	5203.03	
5137.95	3651.69	5227.13	
5144.82	3612.29	5252.2	
2381.52	5543.86	2383.3	
2538.09	5578.02	2534.09	
2683.86	5600.32	2674.41	
2956.48	5611.94	2941.57	
3164.42	5538.3	3141.43	
3301.96	5477.28	3282.13	
3415.46	5381.54	3400.37	
3559.11	5254.02	3540.36	
3711.57	5117.24	3665.65	
3832.09	5000.5	3787.25	
3933.8	4908.19	3898.98	
3993.75	4839.54	3983.43	
4082.76	4766.48	4080.6	
4178.23	4672.66	4193.15	
4233.71	4597.43	4266.53	
4267.14	4555.29	4311.13	
4289.35	4520.91	4349.78	
4372.38	4471.94	4383.89	
4471.66	4390.1	4451.78	
4547.83	4320.9	4500.87	
4590.63	4280.59	4526.21	
4630.39	4249.86	4546.7	
4652.24	4206.54	4583.19	
4701.88	4143.39	4655.67	
4803.1	4029.69	4769.05	
4880.4	3945.65	4835.16	
4918.56	3893.79	4872.06	
4947.22	3836.54	4945.4	
4995.48	3761.95	5051.99	
5037.34	3682.98	5139.84	
5069.92	3643.38	5191.64	
5094.67	3608.89	5201.78	
1990.38	4914.17	1968.52	
2093.18	4966.74	2071.13	
2453.38	5053.88	2438.92	
2757.39	5158.71	2744.58	
3049.53	5251.52	3035.5	
3209.9	5253.11	3189.14	
3359.56	5213.75	3331.87	
3531.55	5109.9	3495.83	
3662.97	5018.35	3616.77	
3816.18	4935.72	3765.68	
3919.4	4845.66	3883.05	
3987.24	4796.26	3954.82	
4068.24	4724.55	4052.49	
4169.88	4628.32	4153.52	
4240.88	4565.96	4230.07	
4277.02	4520.32	4275.15	
4314.53	4492.11	4315.34	
4350.84	4440.93	4372.51	
4437.43	4363.55	4429.59	
4504.54	4291.93	4481.78	
4555.19	4247.73	4515.38	
4593.16	4218.01	4527.99	
4627.73	4180.48	4551.65	
4668.25	4105.15	4605.72	
4749.13	3984.89	4700.62	
4824.85	3896.85	4779.38	
4854.62	3846.33	4823.03	
4869.59	3770.38	4855.54	
4879.88	3666.66	4912.18	
4900.83	3579.49	4985.97	
4905.81	3496.87	5011.02	
4928.71	3464.5	5043.05	
1788.73	4684.41	1760.43	
2002.65	4601.03	1980.15	
2250	4542.76	2235.42	
2571.11	4549.2	2561.83	
2795.25	4603.94	2781.29	
3007.76	4620.34	2986.19	
3199.84	4652.43	3169.4	
3327.68	4649.85	3292.25	
3563.44	4682.48	3504.5	
3782.75	4702.69	3683.85	
3879.23	4694.07	3775.52	
3959.36	4631.23	3861.33	
4040.18	4547.61	3947.54	
4154.06	4519.64	4070.1	
4254.95	4492.44	4173.96	
4291.95	4456.15	4219.34	
4278.99	4411.02	4254.91	
4301.75	4336.39	4304.07	
4344.81	4256.28	4374.26	
4429.35	4197.49	4416.46	
4476.68	4160.64	4445.61	
4509.87	4122.39	4467.01	
4531.4	4059.74	4473.88	
4558.7	3960.37	4493.18	
4596.85	3818.07	4544.15	
4612.08	3659.98	4580.69	
4622.39	3543.62	4605.11	
4652.64	3477.57	4648.3	
4640.82	3332.88	4654.71	
4584.98	3154.06	4618.5	
4568.38	3037.77	4628.4	
4553.75	2937.33	4626.73	
1991.6	4446.79	1962.94	
2040.69	4402.2	2025.05	
2228.69	4299.68	2215.44	
2441.74	4186.62	2425.13	
2673.2	4028.07	2658.72	
2829.92	4002.26	2811.65	
2946.7	3950.69	2929.07	
3133.9	3984.11	3096.86	
3330.13	4076.99	3269.94	
3520.28	4098.79	3383.75	
3802.93	4099.67	3468.73	
3890.3	4113.28	3562.28	
4047.76	4170.32	3716.95	
4188.05	4209.72	3886.68	
4254.95	4197.33	3960.49	
4129.24	4156.33	4008.59	
4072.15	4067	4033.64	
4083.77	4011.4	4084.96	
4122.04	3937.31	4128.79	
4169.19	3884.91	4176.1	
4215.08	3825.08	4201.97	
4226.66	3746.46	4207.14	
4236.74	3647.76	4209.97	
4273.19	3545.62	4235.37	
4268.1	3376.83	4227.52	
4219.99	3149.16	4194.94	
4229.41	2964.45	4219.88	
4280.7	2863.27	4278.89	
4302.18	2773.42	4305.15	
4300.74	2638.78	4320.72	
4278.99	2522.35	4310.05	
4293.8	2462.7	4334.4	
2125.75	4271.84	2092.97	
2183.49	4231.45	2170.38	
2261.2	4184.19	2241.84	
2449.6	4033.18	2419.1	
2646.91	3877.07	2620.97	
2778.02	3749.93	2774.05	
2891.15	3678.12	2874.29	
3021.85	3618.51	2990.5	
3131.23	3561.09	3077.68	
3237.22	3540.73	3131.82	
3425.73	3527.83	3179.74	
4008.87	3576.75	3268.2	
4290.07	3689.2	3432.04	
4380.11	3670.21	3518.63	
3873.4	3574.39	3558.91	
3698.45	3522.15	3593.49	
3671.33	3496.21	3644.21	
3672.89	3440.45	3677.83	
3712.88	3417.05	3731.71	
3754.59	3353.38	3769.79	
3779.77	3255.23	3784.38	
3805.16	3163.24	3800.73	
3871.08	3107.05	3864.91	
3912.93	3010.09	3904.99	
3924.94	2889.05	3911.65	
3972.4	2764.28	3950.56	
4026.29	2627.23	4007.86	
4073.54	2502.71	4058.71	
4134.45	2419.96	4136.14	
4178.33	2359.92	4196.1	
4209.82	2309.52	4239.11	
4257.32	2259.49	4283.98	
2225.85	4125.7	2226.39	
2279.06	4108.51	2256.23	
2376.4	4038.82	2347.33	
2494.52	3961.21	2444.62	
2652.54	3812.38	2620.15	
2793.28	3668.24	2778.03	
2892.15	3584.6	2880.88	
2982.85	3485.4	2965.42	
3071.56	3410.97	3031.87	
3140.48	3379.58	3075.6	
3272.97	3365.05	3106.97	
3712.27	3351.57	3159.7	
4758.85	3327.05	3208.48	
3988.42	3288.35	3280.66	
3572.92	3233.44	3333.11	
3429.44	3187.37	3369.72	
3408.58	3164.86	3402.44	
3420.18	3142.48	3453.7	
3458.96	3091.88	3503.75	
3506.78	3039.12	3536.07	
3558.35	2984.37	3566.01	
3643.03	2912.48	3629.56	
3708.34	2834.23	3700.76	
3744.19	2780.2	3745.1	
3803.65	2708.96	3807.8	
3887.77	2606.45	3876.52	
3968.32	2511.32	3931.3	
4032.96	2405.26	4016.55	
4096.33	2319.51	4096.7	
4164.34	2254.6	4176.17	
4240.8	2187.92	4259.12	
4286.67	2141.99	4315.62	
2331.48	4010.73	2335.62	
2377.74	3970.14	2374.05	
2467.54	3930.88	2423.51	
2577.99	3844.62	2532.4	
2674.88	3750.22	2626.96	
2805.33	3615.59	2785.76	
2903.62	3505.54	2907.91	
2969.85	3441.39	2970.72	
3044.6	3373.28	3027.94	
3109.76	3339.26	3063.54	
3209.63	3311.77	3089.04	
3511.17	3265.54	3131.03	
3617.42	3206.7	3175.89	
3651.07	3161.58	3214.62	
3443.46	3132.74	3258.68	
3371.97	3117.53	3308.81	
3328.98	3093.88	3352.42	
3342.09	3050.28	3387.28	
3380.18	3000.84	3433.38	
3439.86	2959.68	3482.69	
3514.62	2914.51	3522.04	
3590.97	2844.3	3588.48	
3671.47	2771.09	3645.27	
3710.18	2714.27	3714.83	
3765.25	2651.82	3774.86	
3866.84	2554.17	3858.33	
3939.15	2459.28	3922.79	
4016.37	2375.4	3992.88	
4104.06	2265.81	4113.08	
4194.48	2175.31	4203.86	
4285.4	2096.42	4299.6	
4332.67	2047.36	4369.25	
2416.51	3899.42	2438.16	
2471.63	3876.73	2466.76	
2530.67	3829.56	2512.1	
2628.22	3744.67	2597.56	
2733.16	3649.47	2702.6	
2818.55	3559.45	2795.15	
2906.82	3459.5	2903.19	
2969.27	3396.73	2989.51	
3019.1	3357.24	3036.05	
3081.31	3312.1	3051.52	
3178.61	3274.85	3088.43	
3239.24	3233.82	3134.93	
3301.33	3181.6	3183.08	
3353.52	3133.39	3207.59	
3391.11	3101.42	3238.17	
3337.86	3080.1	3280.63	
3320.81	3051.14	3319.2	
3314.98	3018.4	3354.5	
3366.97	2972.68	3403.21	
3431.17	2923.19	3465.35	
3484.98	2877.68	3508.23	
3565.91	2814.39	3565.15	
3636.28	2749.07	3641.18	
3702.93	2681.5	3686.54	
3766.53	2602.66	3770.86	
3832.47	2528	3836.55	
3920.27	2434.47	3925.19	
3995.51	2342.72	4009.57	
4099.82	2233.26	4122.41	
4252.83	2072.94	4297.01	
4338.93	1989.1	4377.99	
4401.42	1925.76	4450.82	
2493.06	3818.31	2513.38	
2532.72	3785.33	2551.82	
2587.85	3736.68	2603.25	
2654.61	3679.2	2663.71	
2757.57	3581.26	2746.26	
2849.14	3501.96	2816.52	
2902.95	3429.77	2899.76	
2959.58	3367.91	2982.92	
3000.44	3331.36	3040.75	
3062	3293.9	3064.14	
3109.54	3252.3	3086.42	
3158.57	3212.97	3142.35	
3215.88	3170.58	3188.11	
3274.88	3129.7	3221.34	
3303.17	3088.35	3236.11	
3327.61	3043.83	3250.51	
3308.15	3015.37	3281.13	
3340.93	2991.89	3322.6	
3371.2	2951.89	3389.99	
3419.46	2898.37	3442.14	
3474.66	2847.18	3492.03	
3541.02	2794.84	3547.6	
3612.84	2725.83	3614.39	
3690.87	2645.24	3689.13	
3754.63	2575.48	3742.58	
3817.04	2495.52	3848.47	
3890.52	2416.62	3923.95	
3971.84	2317.7	4027.52	
4098.43	2187.02	4153.9	
4265.11	2029.27	4313.46	
4454.02	1838.8	4513.54	
4528.79	1770.47	4592.97	
2547.81	3734.09	2572.41	
2575.62	3709.27	2620.19	
2609.06	3685.49	2659.51	
2677.14	3629.16	2709.81	
2772.67	3548.04	2772.48	
2843.91	3460	2839.79	
2898.7	3411.72	2897.62	
2942.54	3349.62	2971.5	
2999.99	3301.44	3023.57	
3037.81	3279.81	3067.52	
3071.78	3239.36	3102.65	
3119.5	3197.21	3132.38	
3187.56	3156.97	3193.05	
3232.23	3133.99	3236.49	
3268.26	3077.98	3241	
3285.31	3022.42	3241.49	
3336.47	2998.08	3246.91	
3347.94	2977.32	3304.26	
3384.3	2929.84	3373.84	
3419.83	2876.92	3426.35	
3475.3	2835.81	3473.48	
3516.34	2785.75	3531.66	
3598.04	2697.56	3602.96	
3681.91	2617.75	3677.91	
3744.71	2553.2	3758.63	
3809.01	2481.38	3831.38	
3857.68	2405.73	3940.41	
3969	2295.09	4043.51	
4091.59	2154.22	4173.87	
4274.71	1992.06	4330.11	
4497.92	1802.2	4546.54	
4680.46	1599.6	4769.96	