
1865.45	1553.55	1700.33	
1833.28	1553.95	1687.6	
1792.08	1563.19	1654.74	
1763.62	1579.57	1622.92	
1739.19	1609.86	1611.23	
1717.61	1642.75	1596.43	
1693.33	1676.33	1576.73	
1670.97	1704.64	1550.27	
1643.35	1723.04	1535.92	
1612.7	1710.37	1529.96	
1580.14	1702.56	1521.59	
1547.75	1710.47	1509.76	
1519.28	1731.18	1496.76	
1497.25	1747.11	1480.43	
1540.55	1780.54	1472.69	
1569.55	1821.57	1465.83	
1571.65	1857.17	1453.46	
1521.36	1881.28	1428.43	
1480.98	1895.85	1392.49	
1447.21	1909.18	1355.25	
1392.88	1923.19	1348.65	
1348.73	1950.02	1322.47	
1332.14	1980.54	1280.86	
1298.77	2010.15	1254.16	
1246.29	2050.3	1231.5	
1197.05	2129.95	1201.35	
1131.79	2206.42	1152.31	
1080.37	2252.96	1078.39	
1018.08	2345.79	1035.18	
981.876	2455	986.217	
932.701	2589.54	910.323	
1037.57	2727.58	1007.18	
1134.06	2764.75	1104.8	
1182.65	2782.84	1195.94	
1228.12	2833.03	1251.92	
1335.5	2962.23	1345.35	
1772.06	3743.13	1766.46	
2556.68	5378.37	2531.34	
3132.34	6759.37	3092.07	
3253.76	7109.71	3209.28	
3244.72	7182.29	3225.89	
3214.02	7234.13	3215.43	
3144.86	7336.33	3144.98	
3019.96	7455.96	3018.09	
2890.28	7540.53	2937.51	
2764.9	7701.94	2772.84	
2632.2	7847.43	2622	
2526.52	7914.95	2503.4	
1835.82	1541.34	1702.18	
1822.47	1558.59	1690.01	
1782.96	1570.34	1665.5	
1750.9	1583.17	1641.48	
1727.48	1599.94	1615.57	
1701.47	1629.64	1602.47	
1677.19	1659.93	1584.57	
1653.37	1683.43	1567.11	
1630.28	1697.36	1556.69	
1603.89	1700.45	1547.2	
1571.61	1703.62	1539.4	
1538.5	1711.05	1529.68	
1515.5	1732.73	1514.32	
1519.78	1757.95	1502.6	
1535.95	1783.84	1489.97	
1563.86	1824.08	1478.53	
1537.83	1852.17	1458.97	
1505.59	1871.17	1438.45	
1463.39	1883.11	1408.69	
1421.7	1899.61	1388.01	
1380.67	1917.63	1363.75	
1344.05	1956.38	1339.53	
1313.55	1993.42	1312.12	
1290.15	2026.5	1283.72	
1269.14	2070.83	1252.92	
1220.39	2134.02	1213.65	
1170.38	2204.78	1155.04	
1107.36	2275.12	1116.92	
1067.03	2347.5	1065.81	
1025.48	2457.15	1027.96	
1045.18	2575.7	1034.34	
1091.44	2659.92	1073.14	
1170.83	2713.25	1162.22	
1224.72	2745.45	1224.84	
1264.77	2788.2	1269.36	
1369.14	2961.7	1375.83	
1843.34	3806.16	1833.22	
2756.15	5661.1	2728.66	
3204.38	6788.54	3165.47	
3277.76	7086.26	3250.07	
3272.15	7167.69	3261.47	
3259.23	7230.03	3255.33	
3195.6	7324.09	3189.26	
3065.46	7448.83	3082.18	
2938.99	7569.93	2941.24	
2747.53	7753.04	2758.3	
2531.03	7964.52	2515.42	
2431.73	8067.52	2408.89	
1804.08	1557.09	1704.87	
1793.06	1557.46	1692.72	
1774.27	1572.43	1679.15	
1740.14	1584.98	1658.24	
1709.54	1594.63	1636.86	
1684.91	1610.54	1613.07	
1658.42	1639.05	1601.99	
1632.75	1656.44	1594.33	
1608.07	1661.7	1582.4	
1582.26	1684.44	1575.88	
1556.13	1701.19	1567.6	
1531.98	1717.95	1557.9	
1521.68	1738.33	1546.86	
1526.23	1763.54	1533.54	
1535.26	1796.84	1514.69	
1525.55	1821.5	1495.55	
1511.03	1846.77	1479.42	
1480.14	1863.66	1454.9	
1449.57	1874.73	1439.24	
1403.67	1896.52	1417.96	
1374.46	1929.9	1391.38	
1355.01	1963.57	1364.38	
1315.62	2008.87	1344.67	
1288.99	2046.81	1327.08	
1282.01	2090.27	1283.57	
1259.02	2141.8	1228.16	
1202.64	2214.04	1192.47	
1170.68	2286.75	1152.76	
1135.43	2363.3	1136.45	
1143.25	2454	1139.89	
1183.71	2538.21	1184.03	
1219.73	2598.64	1213.95	
1241.74	2648.88	1242.9	
1279.35	2692.68	1268.6	
1317.75	2745.78	1308.06	
1442.27	2973.93	1437.79	
1946.71	3949.72	1938.26	
2904.5	5855.41	2870.61	
3327.05	6767.75	3296.36	
3371.75	7017.3	3352.97	
3361.01	7110.21	3346.14	
3315.89	7197.25	3307.24	
3260.29	7291.44	3272.08	
3145.96	7469.09	3153.96	
2975.15	7655.74	2988.44	
2755.77	7869.04	2749.77	
2420.79	8182.42	2397.61	
2246.85	8330.63	2204.39	
1780.24	1548.32	1710.59	
1769	1556.46	1702.72	
1752.42	1561.12	1689.22	
1726.72	1576.09	1675.05	
1694.75	1585.38	1656.18	
1665.86	1599.98	1639.26	
1642.74	1614.75	1626.98	
1613.84	1631.7	1619.75	
1586.49	1654.34	1610.95	
1567.45	1672.59	1604	
1538.58	1697.03	1599.64	
1528.75	1719.75	1590.38	
1527.7	1744.45	1579.37	
1526.7	1771.94	1565.1	
1515.05	1799.71	1549.71	
1498.96	1827.19	1530.94	
1487.87	1846.36	1508.15	
1469.52	1860.92	1489.55	
1435.98	1879.31	1469.61	
1419.71	1907.41	1445.88	
1398.11	1941.33	1422.08	
1371.37	1979.03	1399.6	
1349.56	2019.46	1373.1	
1331.98	2062.3	1344.26	
1312.79	2104.64	1311.66	
1286.28	2159.62	1279.94	
1268.47	2221.77	1242.61	
1245.93	2296.03	1237.68	
1268.74	2369.43	1259.77	
1298.48	2445.48	1297.6	
1315.47	2510.09	1312.66	
1321.09	2564.74	1321.48	
1337.74	2604.93	1321.46	
1348.99	2643.13	1336.41	
1382.27	2719.34	1367.64	
1525.8	3008.95	1514.54	
2154.7	4252.54	2144.18	
3015.12	5918.24	2991.62	
3429.54	6743.25	3391.3	
3511.3	6926.16	3480.09	
3485.16	7006.86	3461.32	
3424.57	7103.78	3425.21	
3338.39	7241.21	3352.41	
3235.15	7485.12	3256.78	
3063.62	7981.74	3070.71	
2794.66	8335.14	2783.64	
2410.95	8640.68	2366.79	
2085.85	8841.35	2020.45	
1763.53	1524.97	1719.78	
1753.53	1537.16	1715.83	
1732.96	1552.05	1708.21	
1708.01	1563.24	1695.26	
1677.96	1581.52	1680.35	
1651.47	1591.27	1665.71	
1624.84	1599.67	1654.73	
1605.21	1624.61	1646.18	
1578.6	1654.45	1641.2	
1557.89	1677.37	1632.93	
1550.45	1699.99	1624.64	
1532.52	1721.83	1617.89	
1527	1747.33	1611.99	
1516.67	1777.14	1604.69	
1501.98	1804.94	1587.34	
1488.84	1828.92	1568.37	
1486.76	1852.39	1547.05	
1467.58	1870.89	1525.63	
1455.67	1893.07	1503.15	
1444.92	1917.63	1476.93	
1433.21	1953.3	1451.59	
1414.39	1990.51	1431.08	
1401.56	2031.11	1395.91	
1386.35	2075.3	1365.53	
1367.27	2123.14	1356.33	
1363.99	2178.82	1352.66	
1374.45	2238.55	1359.32	
1398.77	2300.93	1373.82	
1405.6	2372.53	1392.8	
1401.02	2436.19	1397.82	
1401.67	2493.65	1401.85	
1415.29	2535.62	1392.74	
1425.47	2572.92	1391.57	
1429.55	2619.78	1406.37	
1457.18	2719.24	1446.71	
1655.78	3135.83	1644.27	
2353.68	4483.83	2342.65	
3193.49	6108.03	3180.88	
3512.23	6716.6	3481.6	
3577	6869.56	3529.15	
3567.42	6930.18	3556.18	
3521.52	7001.23	3547.07	
3466.01	7145.88	3507.69	
3387.4	7459.85	3423.21	
3228.9	8419.88	3233.43	
2893.34	9773.79	2843.03	
2598.79	9970.85	2528.97	
2534.41	10293.6	2451.03	
1756.1	1493.36	1735.23	
1743.62	1516.65	1735.79	
1723.85	1540.89	1730.75	
1692.85	1561.18	1719.76	
1661.64	1574.82	1708.36	
1630.39	1588.83	1696.19	
1618.49	1604.07	1687.46	
1607.17	1627.76	1679.11	
1590.59	1657.86	1669	
1570.39	1685.12	1663.52	
1563.84	1705.59	1648.8	
1554.97	1727.69	1644.83	
1531.5	1750.4	1642.56	
1517.65	1780.5	1630.61	
1507	1811	1619.27	
1498.89	1833.74	1599.41	
1490.23	1856.15	1579.99	
1479.86	1881.37	1558.86	
1481.19	1904.13	1536.67	
1483.63	1930.69	1513.9	
1472.68	1961.7	1483.99	
1470.34	2001.12	1446.67	
1458.84	2046.18	1438.62	
1465.92	2094.85	1435.62	
1476.24	2145.49	1448.81	
1496.74	2202.18	1472.59	
1513.08	2258.85	1486.15	
1515.08	2309.83	1487.44	
1503.75	2370.75	1475.45	
1474.67	2427.89	1466.57	
1473.39	2469.45	1454.19	
1473.21	2511.74	1449.93	
1471.37	2550.19	1452.67	
1481.87	2607.07	1466.02	
1560.02	2778.11	1547.72	
1904.74	3439.11	1897.58	
2672.15	4884.28	2666.44	
3360.8	6240.35	3352.44	
3578.01	6714.84	3562.78	
3608.47	6821.86	3602.98	
3601.6	6874.43	3627.65	
3587.61	6925.73	3642.82	
3580.45	7032.29	3649.63	
3555.23	7564.55	3603.12	
3401.49	8943.95	3396.01	
3229.13	10830.5	3167.21	
3085.85	12261.8	2977.44	
3069.13	12470.7	2955.27	
1741.63	1486.51	1762.46	
1740.15	1503.32	1761.05	
1716.9	1530.15	1755.42	
1691.64	1553.93	1749.44	
1655.38	1574.26	1738.35	
1628.47	1590.43	1731.44	
1621.26	1613.78	1724.86	
1619.07	1638.48	1709.28	
1610.59	1663.97	1699.48	
1602.95	1689.91	1683.85	
1593.55	1715.32	1678.31	
1580.91	1735.75	1664.82	
1564.89	1758.85	1655.03	
1546.49	1784.54	1647.82	
1531.88	1813.06	1633.75	
1514.11	1837.97	1625.91	
1508.79	1861.02	1603.32	
1509.61	1886.13	1586.83	
1504.32	1915.26	1573.26	
1522.76	1943.14	1551.95	
1532.43	1978.77	1529.84	
1539.11	2023.74	1523.92	
1561.03	2070.48	1530.32	
1591.08	2120.09	1558.13	
1610.02	2166.9	1576.56	
1612.28	2221.59	1575.1	
1601.9	2270.73	1562.65	
1582.46	2314.22	1550.48	
1556.28	2361.21	1542.32	
1551.47	2406.53	1528.17	
1525.07	2450.83	1515.04	
1506.16	2486.46	1506.18	
1501.54	2529.33	1504.91	
1529.12	2607.56	1528.74	
1693.78	2914.06	1684.18	
2236.61	3879.38	2230.54	
3102.69	5445.68	3104.71	
3549.89	6352.78	3550.4	
3651.65	6682.83	3668.88	
3646.25	6763.15	3691.63	
3652.24	6819.32	3694.55	
3629.15	6879.5	3706.51	
3637.73	6990.92	3713.3	
3677.7	7648.16	3722.95	
3713.17	9555.39	3700.92	
3636.17	11598.7	3574.12	
3510.98	12825.2	3413.79	
3235.17	13366	3104.23	
1724.87	1482.6	1790.64	
1725.92	1500.3	1789.7	
1720.88	1521.54	1787.91	
1694.87	1550.22	1781.7	
1669.58	1577.85	1771.97	
1647.99	1600.64	1767.25	
1642.75	1621.98	1749.77	
1640.73	1647.17	1737.54	
1643.39	1669.1	1718.81	
1637.07	1694.47	1707.45	
1627.14	1718.83	1684.53	
1613.16	1743.65	1675.16	
1601.39	1766.3	1666.13	
1584.64	1789.81	1655.06	
1562.96	1815.69	1639.6	
1551.59	1841.13	1628.84	
1544.73	1865.01	1626.7	
1545.76	1896.08	1620.17	
1559.48	1927.96	1612.5	
1573.76	1963.4	1605.72	
1616.28	2005.46	1623.82	
1656.07	2053.97	1651.27	
1683.49	2099.7	1670.92	
1694.25	2141.79	1664.44	
1700.28	2183.59	1654.94	
1680.14	2226.27	1637.15	
1649.14	2270.51	1623.93	
1621.62	2309.25	1612.61	
1601.1	2348.22	1601.34	
1575.64	2390.18	1587.99	
1570.61	2427.37	1572.53	
1546.53	2468.18	1568.48	
1541.8	2511.91	1559.9	
1589.63	2621.08	1595.58	
1855.09	3100.14	1854.93	
2641.06	4452.94	2644.03	
3426.08	5836.79	3434.77	
3732.63	6439.47	3752.4	
3774.13	6599.33	3810.87	
3769.55	6672.88	3815.25	
3729.53	6744.05	3789.33	
3721.7	6819.51	3778.17	
3725.87	7000.69	3783.11	
3797.34	7656.81	3835.19	
3961.45	9835.12	3950.83	
3995.51	12010.9	3937.06	
3779.14	12841.9	3696.83	
3853.46	12919.4	3774.35	
1725.7	1483.64	1825.58	
1724.03	1496.41	1823.81	
1723.16	1518.72	1822.97	
1712.65	1549.03	1814.41	
1692.06	1579.76	1807.83	
1683.85	1605.72	1788.7	
1676.14	1629.29	1772.67	
1676.53	1650.59	1750.32	
1672.16	1674.89	1737.35	
1667.72	1694.04	1707.81	
1655.6	1723.23	1688.49	
1645.15	1747.4	1674.67	
1634.16	1769.79	1668.09	
1616.57	1796.05	1654.75	
1604.69	1819.99	1638.52	
1593.28	1844.3	1633.64	
1587.4	1876.66	1648.01	
1599.09	1908.92	1664.84	
1636.65	1953.39	1685.95	
1681.9	1994.75	1714.53	
1712.65	2030.05	1733.61	
1741.68	2069.88	1747.76	
1742.74	2114.89	1745.1	
1741.24	2151.77	1733.71	
1739.34	2187.68	1711.83	
1713.47	2222.55	1693.15	
1678.05	2259.61	1680.09	
1638.46	2301.17	1664.95	
1612.88	2336.55	1654.09	
1607.19	2371.56	1641.33	
1601.98	2409.63	1631.69	
1608.52	2446.83	1618.3	
1628.55	2519.85	1640.67	
1721.69	2724.01	1732.46	
2108.1	3418.35	2115.14	
2982.39	4928.41	2992.11	
3656.59	6090.95	3681.41	
3842.85	6441.5	3873.3	
3885.51	6534.58	3918.57	
3880.9	6587.34	3919.03	
3874.48	6634.62	3912.41	
3866.73	6715.52	3891.55	
3887.87	6982.89	3909.24	
3977.62	7912.83	3992.34	
4151.63	10092.3	4136.89	
4203.32	12038	4158	
4305.08	12434.4	4252.01	
4296	12523.9	4246.16	
1734.91	1472.94	1865.55	
1741.47	1489.72	1861.59	
1739.68	1517.61	1850.94	
1732.48	1548.96	1842.46	
1728.74	1579.58	1823.68	
1721.41	1605.93	1800.71	
1713.68	1630.89	1788.32	
1704.95	1653.44	1759.59	
1701.57	1674.48	1728.64	
1694.42	1701.14	1717.08	
1686.77	1725.77	1694.81	
1677.23	1751.08	1680.1	
1663.99	1775.25	1667.69	
1656.53	1798.83	1656.64	
1646.03	1828.56	1648.83	
1639.57	1859.56	1646.26	
1646.89	1890.02	1678.02	
1678.64	1937.23	1736.07	
1726.29	1983.1	1784.45	
1763.82	2017.55	1804.86	
1777.99	2045.05	1811.96	
1773	2078.51	1805.53	
1771.8	2116.31	1794.08	
1766.29	2151.34	1780.52	
1751.09	2182.4	1768.36	
1731.62	2212.99	1753.46	
1697.71	2250.81	1726.34	
1664.7	2289.15	1707.94	
1652.8	2322.94	1698.23	
1644.43	2353.81	1692.58	
1654.75	2386.91	1678.8	
1680.74	2447.2	1688.8	
1743.62	2572.86	1743.07	
1997.81	3023.73	2007.35	
2598.49	4053.97	2610.41	
3364.57	5404.31	3380.71	
3801.88	6210.9	3828.61	
3909.4	6423.96	3947.8	
3933.84	6494.12	3968.49	
3956.31	6534.16	3972.92	
3972.37	6572.47	3963.2	
3980.62	6639.4	3982.13	
4010.65	6931.31	4006.78	
4166.21	8299.69	4159.46	
4405.28	10560.8	4377.33	
4552.27	11778.9	4517.87	
4584.9	12152.5	4556.19	
4597.4	12248.9	4549.13	
1760.13	1460.8	1891.71	
1763.48	1483.42	1886.55	
1764.63	1515.94	1872.06	
1762.71	1547.11	1845.4	
1759.4	1575.69	1828.88	
1753.75	1605.46	1810.74	
1746.14	1628.94	1783.39	
1736.01	1650.34	1758.33	
1728.38	1679.19	1739.24	
1724.2	1706.1	1716.86	
1718.8	1734.59	1704.48	
1713.59	1759.28	1690.01	
1706.5	1780.85	1680.65	
1696.23	1809.55	1678.62	
1689.97	1840.1	1673.87	
1710.16	1878.29	1707.72	
1743.59	1924.49	1755.55	
1773.17	1967.32	1814.53	
1789.04	2005.07	1854.57	
1799.63	2028.97	1867.2	
1797.76	2051.81	1869.92	
1795.74	2079.38	1862.63	
1788.53	2113.78	1849.06	
1778.17	2146.21	1833.96	
1760.27	2175.73	1821.77	
1742.9	2207.59	1805.1	
1724.07	2237.27	1781.6	
1705.7	2271.32	1760.32	
1698.3	2309.1	1739.84	
1703.76	2336.61	1723.68	
1712.21	2367.11	1718.72	
1753.26	2449.21	1755.98	
1935.16	2766.61	1945.82	
2407.34	3533.88	2416.19	
3222.02	4849.46	3236.96	
3764.89	5829.22	3785.91	
3945.53	6262.98	3965.63	
3981.37	6399.76	4003.22	
3991.59	6447.69	4012.37	
4012.26	6493.01	3996.52	
4028.08	6539.33	3995.57	
4042.16	6612.19	4010.65	
4094.02	6957.14	4081.23	
4308.4	8514.53	4295.47	
4676.17	10766.5	4653.57	
4833.41	11665.6	4794.39	
4831.05	11923.2	4805.28	
4835.46	11973.6	4816.7	
1789.57	1460.05	1891.92	
1790.51	1480.99	1889.26	
1791.18	1509.52	1867.18	
1790.57	1542.65	1848.85	
1785.38	1574.59	1831.31	
1781.11	1602.14	1814.98	
1774.79	1626	1785.62	
1766.91	1652.72	1764.63	
1757.26	1682.84	1755.03	
1749.01	1718.67	1736.99	
1749.55	1745.07	1711.08	
1752.71	1773.27	1710.41	
1753.22	1798.24	1725.53	
1751.89	1827.96	1731.21	
1778.82	1867.68	1765.77	
1804.16	1905.21	1797.95	
1838	1953.22	1844.31	
1841.15	1991.98	1864.81	
1833.56	2013.55	1893.41	
1822.5	2032.16	1910.57	
1821.48	2054.94	1913.04	
1814.46	2080.09	1906.49	
1807.75	2108.03	1893.98	
1795.63	2140.45	1882.07	
1785.75	2170.63	1863.27	
1771.75	2197.47	1847.07	
1756.81	2225.09	1835.25	
1745.34	2252.8	1805.85	
1747.04	2289.72	1781.7	
1754.62	2326.58	1750.65	
1760.54	2357.51	1752.56	
1800.61	2455.06	1818.2	
2136.81	3001.26	2171.37	
2969.4	4292.48	3012.26	
3689.39	5433.58	3720	
4044.6	6047.47	4047.36	
4108.24	6245.71	4112.03	
4107.89	6323.43	4108.43	
4090.92	6386.84	4071.46	
4074	6443.55	4038.59	
4071.75	6505.21	4032.98	
4097.42	6612.7	4063.57	
4181.94	7050.12	4157.35	
4493	8635.58	4481.87	
4862.74	10756.5	4846.46	
5007.05	11573.8	5000.3	
5074.92	11682.1	5076.88	
5094.62	11713.6	5100.31	
1820.26	1463.82	1886.11	
1816.29	1479.73	1868.31	
1816.14	1504.63	1856.12	
1816.17	1539.23	1845.92	
1813.71	1571.18	1835.67	
1810.73	1598.2	1815.57	
1806.69	1630.2	1799.54	
1800.05	1659.05	1790.55	
1789.99	1693.21	1775.42	
1784.84	1735.36	1771.67	
1784.1	1774.13	1772.35	
1795.34	1797.41	1776.61	
1815.05	1831.21	1803.82	
1847.71	1868.84	1845.72	
1870.3	1900.44	1871	
1889.1	1930.64	1881.42	
1883.52	1966.99	1885.38	
1880.63	1997.49	1900.92	
1871.61	2019.19	1908.95	
1862.31	2035.27	1925.93	
1854.4	2054.8	1930.43	
1847.64	2078.35	1930.62	
1836.38	2103.92	1922.08	
1830.56	2130.9	1902.78	
1821.33	2159.44	1881.31	
1810.4	2187.38	1867.62	
1799.18	2212.04	1852.95	
1793.02	2237.71	1840.01	
1787.01	2272.64	1808.92	
1779.96	2320.59	1810.94	
1781.87	2363.96	1819.04	
1842.73	2492.86	1908.83	
2255.06	3175.62	2384.11	
3316.53	4782.13	3437.49	
4017.84	5809.37	4031.28	
4191.6	6099.94	4177	
4229.69	6192.13	4213.62	
4228.91	6250.32	4201.43	
4213.12	6302.3	4173.26	
4173.43	6366.35	4141.36	
4159.82	6425.64	4131.9	
4173.44	6589.93	4151.47	
4327.42	7272.28	4306.21	
4686.65	8859.34	4672.24	
5079.13	10706.3	5079.77	
5193.68	11408	5206.64	
5187.7	11557.9	5210.46	
5197.17	11611.6	5227.85	
1843.74	1462.4	1852.92	
1844.98	1478.41	1849.63	
1845.71	1501.9	1845.52	
1846.34	1532.22	1846.03	
1847.65	1565.6	1836.74	
1847.99	1596.8	1832.29	
1848.25	1635.13	1826.82	
1846.74	1677.66	1825.55	
1843.4	1716.74	1834.09	
1846.41	1768.64	1851.61	
1865.83	1820.42	1889.55	
1877.59	1858.65	1915.09	
1888.45	1882.49	1926.46	
1904.85	1906.08	1936.15	
1925.1	1923.27	1930.17	
1925.21	1945.95	1928.61	
1920.95	1970.92	1917.41	
1911.58	1996.77	1914.57	
1906.56	2016.27	1921.81	
1901.33	2034.91	1921.35	
1892.22	2050.95	1945.59	
1882.37	2075.46	1950.91	
1875.4	2100.36	1937.32	
1869.65	2121.16	1907.88	
1859.22	2147.67	1881.15	
1848.91	2173.89	1863.93	
1840.31	2202.09	1861.23	
1833.9	2227.63	1843.84	
1824.27	2257.84	1843.67	
1817.06	2308.44	1866.08	
1804.12	2414.17	2002.12	
1899.38	2648.64	2178.5	
2366.38	3437.29	2756.49	
3517.55	5024.85	3642.91	
4164.23	5927.01	4152.48	
4264.07	6100.51	4244.23	
4297.04	6159.93	4249.4	
4302.61	6202.91	4250.33	
4283.23	6240.41	4263.21	
4279.17	6275.33	4260.3	
4270.6	6330.56	4266.88	
4289.68	6568.27	4288.33	
4465.66	7388.24	4459.43	
4950.79	9304.86	4937.08	
5298.22	10726.3	5302.17	
5385.88	11265	5405.52	
5378.89	11386.8	5408.02	
5381.31	11404.1	5410.79	
1867.45	1455.31	1828.8	
1872.54	1470.67	1833.31	
1880.47	1495.92	1840.28	
1881.42	1525.66	1843.63	
1882.87	1556.13	1848.48	
1888.53	1598.59	1852.92	
1899.34	1645.49	1870.18	
1915.06	1700.96	1899.94	
1935.38	1764.04	1937.48	
1945.03	1812.55	1969.2	
1940.48	1861.92	1995.23	
1931.21	1899.28	2007.65	
1925.95	1922.61	2004.74	
1937	1932.93	1991.49	
1945.77	1943.05	1978.88	
1955.86	1950.15	1958.96	
1956.45	1968.25	1941.5	
1950.09	1987.95	1926.24	
1940.61	2008.63	1919.38	
1933.16	2026.21	1928.75	
1924.89	2047.86	1944.23	
1918.45	2070.28	1947.78	
1912.5	2094.34	1931.36	
1902.76	2116.3	1908.4	
1892.75	2137.28	1876.74	
1879.82	2164.73	1853.2	
1873.14	2191.86	1844.76	
1868.96	2217.56	1856.81	
1869.24	2246.95	1864.63	
1872.17	2299.34	1924.27	
1903.05	2522.22	2187.25	
1980.55	3086.25	2926.18	
2799.33	3999.47	3249.31	
3758.55	5264.93	3880.6	
4225.94	5952.25	4218.24	
4329.49	6084.71	4269.77	
4330.8	6131.77	4284.32	
4335.81	6166.85	4301.47	
4322.37	6201.32	4317.13	
4320.01	6232.32	4337.12	
4330.43	6285.36	4345.48	
4388.2	6523.82	4405.91	
4643.18	7576.85	4648.32	
5152.34	9595.47	5144.62	
5487.82	10838.1	5478.06	
5571.49	11107.7	5581.97	
5619.82	11159.4	5640.4	
5609.67	11193.9	5645.1	
1901.16	1441.11	1826.52	
1901.66	1456.79	1835.38	
1907.08	1483.07	1847.5	
1913.38	1515.92	1853.19	
1912.85	1552.37	1864.33	
1928.83	1593.36	1884.39	
1958.2	1659.82	1933.28	
1990.68	1733.24	1982.45	
2008.06	1792.19	2015.17	
2003.61	1837.24	2037.11	
1975.42	1878.25	2049.61	
1951.42	1918.04	2052.86	
1951.91	1943.56	2047.2	
1958.37	1956.22	2035.1	
1978.03	1956.74	2014.11	
1987.89	1953.3	1986.76	
1990.91	1954.95	1959.86	
1985.33	1972.05	1933.35	
1976.04	1995.19	1920.26	
1964.5	2018.82	1933.65	
1956.54	2039.37	1936.11	
1949.69	2061.77	1927.49	
1942.53	2086.31	1924.75	
1932.09	2111.61	1902.45	
1918.8	2136.71	1872.54	
1910.51	2158.91	1847.96	
1902.86	2186.36	1844.86	
1900.39	2212.69	1848.65	
1901.04	2236.22	1887.05	
1933.9	2332.52	1983.39	
2070.3	2724.1	2418.43	
2681.68	3679.52	3184.78	
3452.67	4776.78	3911.33	
4070.92	5555.3	4184.39	
4318	5917.37	4311.99	
4365.94	6044.29	4340.18	
4370.48	6088.88	4347.28	
4357.73	6127.51	4356.8	
4356.99	6169.13	4360.63	
4350.27	6207.44	4376.81	
4364.3	6272.52	4398.86	
4450.83	6527.94	4472.31	
4819.52	7783.45	4828.74	
5380.54	9857.59	5374.64	
5629.63	10811.7	5615.93	
5699.97	11016.3	5682.89	
5698.87	11078.1	5720.07	
5710.47	11123.8	5738.98	
1932.15	1418.82	1849.25	
1934.9	1436.53	1855.09	
1925.82	1465.98	1869.6	
1926.11	1502.24	1884.28	
1938.34	1538.42	1901.1	
1953.41	1588.62	1935.13	
1993.58	1666.07	1981.51	
2039.5	1756.55	2031.23	
2041.11	1804.92	2059.43	
2018.24	1842.26	2077.16	
1993.16	1880.09	2084.5	
1980.64	1919.91	2085.92	
1967	1959.71	2076.49	
1991.39	1969.2	2062.01	
2008.39	1958.27	2039.77	
2020.5	1950.96	2011.9	
2021.51	1945.1	1974.21	
2017.09	1953.71	1943.31	
2012.47	1977.88	1938.9	
2003.9	2004.9	1934.42	
1994.39	2028.22	1936.3	
1982.88	2053.56	1926.84	
1972.34	2077.44	1911	
1958.92	2104.61	1901.52	
1948.28	2131.63	1879.02	
1941.72	2162.87	1848.85	
1931.72	2189.32	1836.63	
1925.7	2215.75	1851.42	
1929.39	2244.02	1896.83	
1979.28	2371.39	2039.76	
2433.87	3028.47	2577.98	
3346.11	4297.23	3552.32	
4087.28	5339.44	4259.12	
4343.95	5713.61	4451.57	
4442.24	5868.98	4474.03	
4464.98	5953.35	4480.5	
4448.34	6008.07	4465.9	
4420.89	6068.86	4432.5	
4400.83	6120.57	4419.94	
4400.61	6176.38	4417.79	
4415.66	6265.05	4441.44	
4530.62	6626.62	4558.04	
4977.91	7982.75	4985.72	
5583.03	9940	5573.83	
5792.11	10763.5	5774.44	
5798.57	10942.4	5790.77	
5787.68	11012.3	5785.5	
5797.96	11013.1	5812.75	
1957.5	1401.02	1870.6	
1946.13	1413.88	1887.92	
1943.82	1444.15	1903.26	
1942.93	1480.85	1922.19	
1943.36	1523.66	1943.93	
1969.28	1580.96	1970.57	
2015.71	1684.11	2023.1	
2048.12	1762.62	2065.9	
2045.22	1807.46	2096.75	
2029.97	1842.31	2113.57	
2018.9	1876.2	2124.82	
2006.14	1919.14	2113.32	
2012.01	1950.4	2102.69	
2021.24	1960.34	2082.29	
2039.76	1953.56	2057.75	
2049.99	1940.73	2029.71	
2054.52	1937.72	1995.17	
2058.26	1936.14	1965.2	
2054.18	1955.08	1951.23	
2049.55	1982.76	1945.09	
2036.96	2017.59	1942.11	
2024.04	2045.64	1939.68	
2009.43	2073.13	1928.65	
1996.08	2098.81	1916.36	
1984.23	2131.32	1900.19	
1966.64	2171.89	1875.04	
1964.63	2211.15	1847.82	
1969.49	2242.3	1879.03	
1993.5	2305.91	1950.49	
2132.88	2506.67	2132.67	
2708.62	3282.77	2764.22	
3846.83	4797.39	3925.62	
4379.93	5538.58	4453.99	
4522.17	5759.45	4589.62	
4546.73	5824.48	4602.92	
4554.38	5870.57	4599.7	
4546.86	5925	4580.98	
4523.31	5974.5	4555.33	
4494.78	6035.68	4526.74	
4476.9	6105.82	4503.73	
4494.35	6250.48	4510.12	
4663.2	6804.28	4679.15	
5192.29	8309.41	5197.11	
5757.34	10016.5	5743.92	
5956.24	10635.1	5943.55	
5991.85	10777.4	5980.96	
6010.09	10787	5999.38	
6003.36	10808.9	5992.03	
1947.41	1375.51	1909.62	
1957.21	1396.53	1921.35	
1957.56	1422.79	1942.35	
1948.8	1458.09	1958.64	
1948.2	1508.4	1976.09	
1983.1	1584.08	2005.52	
2025.18	1684.35	2053.66	
2047.64	1763.29	2105.08	
2049.26	1806.33	2130.59	
2040.76	1835.24	2153.14	
2036.08	1872.82	2148.38	
2039.54	1910.33	2147.13	
2045.78	1934.14	2126.12	
2054.68	1942.23	2098.65	
2064.76	1940.29	2073.09	
2082.85	1931.26	2046.98	
2095.61	1921.07	2020.65	
2098.85	1924.69	1992.95	
2094.36	1929.87	1957.61	
2084.39	1970.47	1953.05	
2071.45	2010.36	1953.04	
2060.65	2043.61	1949.99	
2047.25	2073.27	1953.59	
2040.88	2101.7	1943.84	
2020.42	2140.63	1934.44	
2024.01	2213.11	1928.66	
2058.44	2290.48	1963.14	
2148.04	2414.67	2055.4	
2314.74	2623.45	2251.51	
2609.79	3003.25	2582.55	
3259.07	3856.79	3274.11	
4105.42	5011.41	4148.97	
4532.9	5613.34	4583.95	
4595.77	5743.45	4651.64	
4600.15	5791.98	4666.78	
4600.58	5836.61	4650.44	
4603.52	5874.89	4630.24	
4596.33	5915.86	4640.34	
4590.11	5946.38	4634.62	
4590.61	6010.64	4615.72	
4624.09	6237.62	4633.76	
4845.47	7020.65	4844.89	
5442.21	8784.96	5440.92	
5934.86	10059.8	5922.43	
6109.03	10507.9	6091.12	
6175.33	10580.8	6155.28	
6204.07	10603.5	6182.85	
6205.62	10628.7	6184.23	
1947.36	1358.63	1953.68	
1964.3	1376.04	1963.86	
1959.91	1401.1	1980.68	
1948.33	1434	1998.56	
1969.75	1482.49	2011.28	
2002.46	1573.93	2044.95	
2042.73	1687.91	2095.38	
2056.94	1758.83	2132.46	
2055.87	1796.85	2164.43	
2060.36	1829.5	2164.5	
2060.99	1861.96	2165.38	
2066.34	1894.69	2158.14	
2073.01	1920.81	2145.08	
2082.16	1930.04	2117.71	
2096.65	1926.39	2092.12	
2114.46	1914.63	2064.67	
2139.26	1904.69	2039.77	
2145.66	1906.61	2010.83	
2142.73	1933.43	1988.47	
2123.67	1964.99	1963.83	
2109.07	2004.33	1956.47	
2100.36	2043.57	1962.99	
2097.89	2079.91	1964.05	
2075.15	2112.88	1975.59	
2092.34	2185.3	1998.8	
2190.03	2343.79	2108.03	
2467.93	2689.99	2403.68	
2795.61	3075.4	2743.7	
3225.22	3565.29	3183.68	
3692.66	4125.94	3681.78	
4111.58	4702.48	4127.15	
4459.26	5270.72	4495.37	
4616.56	5609.53	4664.3	
4636.64	5720.35	4691.76	
4642.62	5767.87	4678.51	
4642.56	5806.41	4656.74	
4644.61	5844.94	4657.22	
4647.22	5873.63	4669.87	
4652.46	5907.61	4676.79	
4672.62	5963.01	4684.82	
4757.41	6240.81	4751.03	
5107.42	7401.04	5099.64	
5696.54	9138.58	5689.17	
6080.45	10162.6	6071.87	
6212.18	10425.4	6189	
6257.62	10498.3	6226.17	
6278.74	10538.9	6241.71	
6275.74	10567.9	6263.31	
1966.57	1331.83	2000.18	
1965.75	1347.98	2007.84	
1972.43	1375.02	2021.48	
1983.78	1406.81	2029.87	
1990.9	1455.82	2047.17	
2037.67	1559.95	2085.38	
2073.14	1682.12	2134.63	
2082.31	1750.54	2165.46	
2090.05	1782.09	2169.22	
2092.97	1812.37	2175.3	
2095.57	1843.71	2173.54	
2097.05	1874.15	2168.29	
2102.18	1905.63	2157.22	
2112.16	1920.25	2143.9	
2125.47	1916.74	2112.13	
2143.46	1900.82	2081.56	
2170.09	1884.67	2053.87	
2227.96	1900.51	2033.38	
2240.06	1930.51	2011.27	
2251.61	1969.59	1987.44	
2241.88	2009.37	1971.39	
2235.09	2052.7	1974.35	
2151.53	2097.27	1997.93	
2160.83	2169.05	2041.25	
2260.19	2320.02	2170.77	
2625.34	2754.79	2564.47	
3261.11	3482.35	3236.93	
3959.93	4270.74	3966.44	
4335.89	4710.51	4357.22	
4582.9	5018.54	4605.26	
4730.85	5254.26	4763.8	
4764.48	5427.85	4804.72	
4719.94	5591.06	4767.28	
4699.88	5681.31	4724.5	
4692.46	5733.67	4673.46	
4691.97	5773.12	4667.1	
4689.91	5805.62	4674.88	
4691.7	5845.29	4674.69	
4701.55	5882.76	4687.86	
4731.61	5962.93	4718.15	
4883.1	6358.85	4872.08	
5388.06	7725.74	5370.72	
5981.76	9463.4	5964.98	
6221.68	10216.9	6208.66	
6275.37	10401.2	6256.17	
6307.89	10454.7	6256.54	
6308.48	10493.6	6286.51	
6317.95	10519.6	6300.72	
1980.8	1296.96	2028.64	
1983.12	1318.14	2038.52	
2007.33	1345.79	2036.6	
2025.44	1383.52	2048.21	
2047.8	1439.26	2078.91	
2076.1	1542.73	2120.08	
2111.27	1669.51	2170.14	
2127.2	1728.79	2185.92	
2137.57	1759.89	2183.07	
2136.56	1789.84	2183.54	
2137.46	1817.14	2185.79	
2133.96	1851.42	2178.66	
2136.94	1885.29	2171.77	
2142.88	1907.28	2159.06	
2150.66	1905.86	2132.36	
2170.63	1891.79	2100.18	
2203.89	1885.34	2079.92	
2277.85	1895.25	2061.13	
2580.33	1928.68	2034.11	
2724.95	1982.24	2020.08	
2879.92	2065.06	2035.7	
2476.07	2125.12	2066.79	
2360.1	2215.72	2136.4	
2442.07	2401.54	2306.77	
2777.5	2813.42	2695.65	
3347.32	3465.64	3315.19	
4159.65	4383.66	4179.7	
4648.88	4958.21	4694.41	
4856.2	5222.38	4905.87	
4902.81	5317.35	4953.88	
4915.13	5378.48	4956.76	
4890.71	5456.49	4934.53	
4855.97	5525.94	4880.99	
4804.15	5614.06	4795.65	
4761.42	5691.08	4719.09	
4743.89	5731.56	4671.49	
4734.08	5774.39	4692.19	
4728.67	5812.25	4700.64	
4744.82	5856.42	4687.33	
4798.28	6000.06	4762.39	
5057.55	6600.3	5034.01	
5682.22	8093.23	5651.6	
6243.46	9643.37	6210.28	
6380.13	10198.4	6349.04	
6399.34	10332.7	6356.34	
6378.69	10394	6341.12	
6377.57	10421.4	6334.5	
6371.81	10430.1	6366.49	
1997.08	1269.69	2051.51	
2026.81	1286.99	2043.25	
2048.11	1317.47	2052.57	
2070.66	1353.76	2069.34	
2094.6	1423.24	2099.38	
2132.19	1543.98	2165.86	
2154.02	1643.39	2197.26	
2170.99	1703.27	2208.7	
2176.05	1741.4	2200.69	
2179.07	1765.49	2194.33	
2175.61	1794.99	2191.49	
2174.93	1827.71	2190.81	
2173.55	1860.3	2187.44	
2171.31	1892.38	2176.13	
2182.27	1896.91	2152.82	
2202.03	1895.63	2133.58	
2240.46	1894.76	2118.81	
2369.05	1905.41	2105.44	
2880.34	1964.16	2099.94	
4378.29	2074.19	2103.55	
3552.22	2253.4	2267.91	
3259.31	2585.34	2592.61	
3134.33	2815.93	2810.89	
3316.85	3186.21	3163.58	
3768.69	3762.85	3709.39	
4330.67	4431.69	4336.29	
4713.57	4909.22	4750.48	
4930.98	5211.42	4993.34	
4972.78	5318.53	5038.31	
4975.5	5363.43	5036.21	
4962.37	5402.54	5017.51	
4952.06	5438.08	4979.06	
4933.92	5487.3	4938.61	
4905.37	5547.23	4876.58	
4857.39	5623.89	4798.84	
4815.48	5685.67	4755.02	
4783.12	5732.06	4729.8	
4776.74	5771.81	4730.02	
4787.99	5823.96	4747.29	
4865.31	6026.05	4813.43	
5272.08	6917.28	5228.22	
6015.39	8579.48	5965.71	
6471.54	9701.37	6412.56	
6591.54	10073.4	6527.32	
6596.07	10176.9	6543.83	
6589.24	10211.4	6548.45	
6561.12	10245	6531.16	
6551.08	10264.9	6526.46	
2063.16	1241.62	2054.92	
2066.9	1257.98	2071.15	
2092.09	1285.06	2069.8	
2116.96	1330.26	2099.37	
2145.05	1407.41	2141.27	
2176.4	1532.8	2189.63	
2199.11	1629.65	2232.27	
2213.76	1681.52	2225.39	
2217.95	1717.48	2224.92	
2220.6	1744.64	2203.98	
2219.99	1772.5	2200.12	
2218.38	1800.71	2199.88	
2207.15	1837.82	2200.49	
2204.39	1865.29	2195.77	
2214.17	1888.62	2185.5	
2235.72	1904.16	2174.05	
2308.77	1933.19	2184.37	
2566.22	1992.26	2210.2	
3396.78	2128.91	2291.01	
4029.85	2454.19	2575.7	
4714.71	2936.2	3033.11	
4416.16	3503.5	3626.04	
4556.68	4116.39	4261.1	
4630.86	4389.31	4508.92	
4790.25	4688.76	4749.04	
4931.25	4965.33	4938.47	
5013.3	5159.88	5058.12	
5015.74	5272.18	5077.7	
5012.84	5334.82	5092.74	
5001.37	5367.83	5066.88	
4996.69	5398.33	5033.79	
4986.79	5427.29	4995.52	
4980.92	5459.33	4955.86	
4965.63	5508.47	4922.26	
4951.32	5557.06	4899.44	
4920.09	5613.44	4871.2	
4879.37	5665.3	4834.32	
4860.75	5699.83	4817.26	
4865.06	5779.55	4830.03	
4981.06	6091.22	4943.29	
5445.01	7170.13	5390.98	
6275.92	8953.1	6210.19	
6657.69	9744.67	6577.75	
6755.71	9951.74	6672.54	
6773.7	10013.8	6702.73	
6780.21	10046.8	6727.41	
6774.41	10065.3	6753.77	
6743.42	10087.8	6750.2	
2106.14	1202.43	2096.47	
2120.52	1223.67	2105.34	
2136.63	1258.05	2118.18	
2158.33	1302.13	2138.02	
2187.2	1390.81	2178.75	
2224.52	1532.83	2226.56	
2250.23	1613.05	2239.36	
2260.38	1658.09	2244.27	
2273.12	1689.16	2232.09	
2273.39	1719.3	2225.09	
2272.48	1748.25	2212.58	
2251.59	1781.88	2221.03	
2240.69	1810.74	2228.48	
2242.49	1838.43	2224.71	
2242.25	1874.8	2219.99	
2277.39	1923.01	2232.97	
2435.45	2016.2	2292.43	
3043.7	2298.87	2547.14	
3593.16	2706.65	2943.92	
4267.23	3299.38	3539.04	
4928.13	3992.49	4237.85	
5293.26	4472.43	4709.76	
5220.8	4770.99	5010.29	
5237.15	4948.37	5166.87	
5214.48	5024.44	5178.11	
5177.09	5118.41	5169.24	
5098.89	5226.1	5137.25	
5058.32	5289.85	5132	
5045.95	5327.06	5103.98	
5035.39	5362.32	5085.08	
5027.28	5387.13	5038.92	
5023.26	5408.77	4995.42	
5014.22	5443.52	4967.12	
5012.53	5481.77	4954.63	
4996.92	5522.25	4954.62	
4976.97	5564.61	4951.58	
4978.81	5589.7	4949.93	
4970.31	5628.08	4948.02	
4981.74	5745.02	4952.8	
5135.77	6208.07	5107.66	
5730.95	7601.95	5680.8	
6434.95	9140.75	6357.88	
6757.91	9784.52	6668.81	
6815.02	9899.38	6736.51	
6847.31	9943.78	6768.6	
6852.55	9983.52	6798.33	
6841.45	10010.9	6828.94	
6801.22	10021.4	6851.82	
2132.17	1167.23	2133.83	
2157.49	1196.64	2144.91	
2177.06	1229.11	2166.65	
2192.4	1277.46	2185.75	
2230.39	1390.31	2217.52	
2276.09	1518.51	2256.67	
2299.25	1598.54	2272.48	
2316.42	1630.24	2261.31	
2322.35	1662.32	2253.52	
2324.87	1696.59	2241.97	
2306.24	1728.1	2251.47	
2284.63	1759.42	2261.07	
2269.61	1793.42	2266.43	
2261.16	1822.53	2266.02	
2275.93	1859.91	2266.25	
2368.11	1960.58	2318.14	
2770.39	2256.06	2576.18	
3374.89	2801.56	3116.24	
4318.53	3694.2	4037.37	
4885.48	4273.88	4625.9	
5204.67	4645.84	4991.6	
5351.87	4872.45	5193.01	
5392.83	4971.81	5255.84	
5347.12	5030.15	5275.72	
5304.52	5072.23	5274.32	
5232.58	5141.65	5228.87	
5137.33	5237.98	5175.34	
5104.71	5285.26	5142.17	
5085.73	5316.84	5123.88	
5074.44	5342.28	5080.58	
5063.95	5369.54	5039.23	
5058.12	5399.78	5000.55	
5051.08	5432.79	4985.63	
5032.96	5465.45	4992.46	
5010	5501.21	4998.14	
4994.42	5531.42	5005.11	
5006.43	5558.27	5015.85	
5035.7	5600.44	5018.79	
5090.37	5764.99	5083.47	
5383.91	6480.3	5357.05	
6064.62	8045.91	6008.59	
6641.5	9368.21	6563.42	
6810.88	9795.55	6730.75	
6845.86	9877.08	6779.66	
6849.34	9911.76	6806.57	
6864.07	9946.81	6835.93	
6857.28	9980.67	6865.53	
6849.88	9999.5	6882.15	
2178.98	1140.18	2181.21	
2184.36	1166.37	2193.94	
2203.7	1198.35	2212.64	
2234.79	1265.86	2230.07	
2287.74	1386.56	2265.47	
2330.65	1509.62	2298.8	
2353.58	1569.67	2309.22	
2360.98	1606.75	2306.56	
2362.28	1643.23	2293.9	
2349.97	1673.36	2294.23	
2337.65	1705.4	2300.07	
2315.82	1748.01	2306.35	
2290.99	1784.36	2312.19	
2294.68	1816.37	2314.47	
2327.51	1868.36	2328.64	
2540.09	2059.18	2473.91	
3150.7	2648.15	3045.07	
4161.48	3622.03	4032.81	
4864.32	4322.8	4742.05	
5275.84	4754.21	5174.17	
5376.33	4891.42	5288.19	
5400.43	4956.73	5324.82	
5389.88	5009.8	5322.95	
5378.93	5045.14	5304.61	
5335.62	5078.67	5300.26	
5263.71	5141.43	5266.6	
5197.23	5215.3	5209.76	
5154.94	5269.34	5162.77	
5136.39	5298.57	5126.33	
5120.46	5320.93	5084.56	
5105.2	5352.04	5036.9	
5091.02	5391.96	5009.07	
5080.93	5425.46	5013.92	
5047.67	5454.66	5033.58	
5014.39	5484.61	5043.97	
5005.85	5507.64	5054.17	
5014.87	5544.72	5054.55	
5054.49	5611.99	5080.44	
5187.29	5851.8	5181.73	
5705.11	6884.63	5677.35	
6456.54	8513.92	6395.4	
6821.8	9487.21	6747.43	
6894.28	9773.99	6824.14	
6887.69	9845.29	6837.4	
6870.04	9874.24	6862.36	
6871	9904.78	6878.08	
6887.8	9939.37	6900.29	
6899.71	9973.24	6922.86	
2226.75	1088.54	2254.5	
2232.29	1119.11	2261.16	
2256.07	1170.72	2263.91	
2292	1255.54	2283.36	
2338.98	1394.64	2325.32	
2385.31	1491.69	2343.61	
2395.71	1545.38	2350.43	
2384.85	1588.86	2351.26	
2376.3	1618.62	2354.21	
2372.31	1650.58	2353.83	
2363.36	1693.03	2349.86	
2358.24	1746.3	2357.67	
2359.91	1799.35	2375.38	
2381.31	1857.22	2403.88	
2466.89	1953.81	2472.75	
2830	2303.28	2807.17	
3736.95	3180.56	3686.31	
4757.56	4186.6	4697.62	
5262.96	4703.71	5192.85	
5404.86	4872.46	5330.7	
5437.48	4935.67	5367.39	
5434.29	4980.63	5365.87	
5410.67	5015.59	5353.62	
5375.9	5041.71	5347.96	
5352.85	5079.11	5326.15	
5315.31	5126.43	5301.01	
5270.03	5183.05	5249.58	
5227.7	5235.12	5191.18	
5193.32	5271.18	5136.37	
5164.51	5307.63	5092.6	
5142.53	5346.71	5055.56	
5125.11	5382.35	5036.01	
5098.55	5422.3	5045.87	
5063.08	5450.89	5063.8	
5030.99	5468.78	5088.94	
5016.46	5497.67	5083.29	
5013.69	5530.79	5090.96	
5077.01	5630.84	5125.28	
5357.9	6110.8	5367.79	
6002.19	7286.79	5966.75	
6773.25	8845	6711.55	
7013.02	9485.7	6947.72	
7040.31	9664.46	6983.33	
7027.18	9729.23	6993.63	
6997.35	9771.72	6985.76	
6977.73	9807.21	6982.06	
6964.91	9850.31	6981.12	
6989.14	9863.34	6996.61	
2271.21	1040.47	2313.14	
2299.49	1076.92	2317.81	
2331.43	1143.98	2334.39	
2365.27	1264.02	2359.95	
2400.09	1398.12	2386.85	
2408.98	1474.26	2404.17	
2417.1	1523.26	2405.77	
2406.71	1563.92	2405.57	
2390.71	1599.76	2406.01	
2387.11	1638.25	2402.32	
2396.28	1677.94	2399.99	
2425.39	1751.76	2426.99	
2537.23	1897.77	2543.33	
2742.05	2115.15	2755.71	
3041.82	2405.53	3059.18	
3502.37	2840.22	3508.37	
4452.87	3751.82	4439.09	
5177.35	4508.7	5147.78	
5422.54	4816.44	5380.2	
5469.91	4907.03	5408.4	
5472.6	4948.4	5402.88	
5449.48	4981.69	5393.9	
5418.71	5011.15	5388.08	
5390.6	5040.31	5377.62	
5358.74	5071.84	5361.52	
5358.35	5112.85	5320.59	
5342.95	5156.02	5276.44	
5308.24	5196.52	5230.38	
5256.61	5246.64	5176.56	
5205.84	5297.61	5124.26	
5179.52	5339	5090.11	
5148.51	5379.71	5080.6	
5117.38	5415.75	5080.81	
5084.69	5444.58	5100.1	
5062.96	5467.97	5105.8	
5045.8	5488.02	5111.39	
5049.21	5521.89	5109.27	
5103.99	5653.52	5166.11	
5504.13	6338.77	5530.14	
6414.09	7904.7	6378.94	
6988.53	8977.79	6919.48	
7188.16	9397.4	7130.51	
7225.29	9504.07	7178.02	
7237.48	9542.27	7198.29	
7244.9	9574.94	7201.59	
7207.37	9625.82	7178.8	
7191.48	9647.43	7172.9	
7145.87	9687.43	7154.92	
2344.13	1008.09	2364.27	
2364.92	1041.23	2379.67	
2404.46	1132.06	2409.69	
2441.89	1285.02	2436.83	
2462.9	1391.65	2454.61	
2461.11	1450.46	2467.11	
2444.55	1498.39	2469.64	
2432.45	1544.04	2465.6	
2423.45	1588.24	2454.16	
2417.63	1628.32	2447.02	
2432.47	1676.88	2444.44	
2514.89	1777.7	2517.64	
2884.33	2138.79	2891.03	
3568.18	2762.15	3586.66	
4238.12	3355.62	4260.8	
4760.11	3832.96	4780.64	
5143.86	4230.37	5153.99	
5459.36	4629.77	5451.78	
5516.99	4826.94	5489.7	
5504.22	4905.79	5468.61	
5484.69	4947.11	5443.83	
5451.65	4977.95	5429.52	
5423.03	5007.39	5415.15	
5398.3	5036.48	5401.99	
5398.28	5068.54	5376.61	
5391.2	5102.2	5341.87	
5388.24	5137.71	5300.08	
5367.23	5176.32	5268.39	
5317.76	5220.25	5231.77	
5258.86	5277.92	5182.05	
5200.14	5334.52	5139.43	
5170.86	5376.33	5119.22	
5140.6	5410.36	5122.64	
5120.98	5442.4	5116.84	
5105.01	5471.25	5128.63	
5100.6	5491.18	5125.26	
5102.1	5537.04	5144.96	
5198.13	5746.22	5247.95	
5651.6	6547.25	5684.49	
6648.09	8225.17	6618.55	
7197.4	9122.79	7132.78	
7304.6	9329.56	7231.17	
7330.95	9396.74	7293.68	
7351.43	9438.84	7303.92	
7365.42	9477.68	7302.62	
7384.1	9495.78	7313.2	
7346.63	9511.04	7331.01	
7309.15	9527.45	7334.89	
2437.45	949.449	2446.6	
2453.1	1015.18	2461.81	
2478.09	1156.79	2482.87	
2515.93	1295.21	2504.74	
2518.33	1368.04	2516.82	
2510.65	1425.89	2513.15	
2485.92	1486.66	2515.27	
2470.22	1536.67	2516.11	
2480.08	1585.15	2502.8	
2476.15	1640.03	2485.59	
2493.5	1695.49	2506.11	
2652.71	1857.2	2662.22	
3347.26	2477.87	3358.7	
4501.01	3495.66	4530.3	
5228.61	4140.79	5265.63	
5506.41	4398.2	5534.79	
5614.31	4534.38	5636.31	
5628.44	4645.9	5638.08	
5597.43	4783.96	5593.91	
5538.22	4883.61	5528.71	
5487.53	4928.68	5497.24	
5460.3	4970.43	5466.73	
5421.14	5003.83	5444.46	
5430.69	5034.29	5420.41	
5438.05	5065.02	5393.65	
5424.66	5096.73	5368.51	
5401.63	5130.17	5340.15	
5386.31	5162.89	5310.16	
5362.9	5201.72	5279.74	
5294.22	5255.9	5237	
5224.84	5324.05	5189.34	
5184.74	5371.81	5161.1	
5171.91	5407.05	5136.18	
5155.51	5441.73	5129.32	
5154.4	5472.91	5123.92	
5178.11	5532.31	5171.09	
5239.41	5658.19	5255.51	
5439.78	6015.2	5475	
6013.97	6995.86	6032.26	
6830.2	8395.83	6806.58	
7291.29	9171.31	7235.26	
7371.5	9307.58	7313.55	
7384.91	9351.65	7334.18	
7397.25	9393.18	7345.91	
7420.13	9427.2	7351.37	
7419.63	9451.07	7368.33	
7402.44	9464.67	7388.63	
7375.73	9471.19	7423.73	
2529.44	908.888	2559.19	
2544.07	1035.18	2554.24	
2568.69	1188.3	2566.01	
2577.55	1288.85	2575.52	
2582.04	1351.7	2555.71	
2548.12	1410.9	2556.97	
2533.87	1479.86	2550.51	
2540.89	1543.09	2538.24	
2558.26	1614.69	2575.82	
2627.67	1715.69	2641.38	
2736.31	1840.44	2745.7	
3060.67	2137.95	3078.75	
3911.52	2883.77	3929.66	
5095.74	3931.85	5125.62	
5609.23	4418.29	5653.16	
5717.48	4544.48	5760.06	
5735.15	4590.59	5766.15	
5720.51	4648.87	5748.51	
5669.57	4733.07	5682.16	
5592.65	4831.51	5604.89	
5517.43	4911.3	5540.36	
5462.17	4961.23	5505.64	
5464.57	4998.85	5475.31	
5452.56	5034.51	5446.05	
5454.06	5064.39	5423.48	
5436.83	5094.59	5405.47	
5419	5124.61	5383.73	
5393.94	5156.85	5358.02	
5363.56	5188.24	5326.96	
5324.11	5234.72	5287.91	
5257.67	5304.16	5238.79	
5215.76	5362.94	5197.83	
5192.02	5411.55	5156.7	
5191.01	5442.11	5127.08	
5199.32	5476.58	5139.89	
5274.5	5606.43	5236.87	
5598.97	6048.77	5598.05	
6050.96	6698.59	6068.91	
6640.86	7670.25	6654.42	
7161.37	8669.25	7143.95	
7366.26	9161.77	7327.88	
7414.89	9281.67	7365.22	
7429.26	9318.42	7369.94	
7435.31	9358.33	7382.7	
7430.15	9385.19	7398.9	
7429.16	9413.7	7409.62	
7428.43	9442.54	7424.06	
7414.87	9452.9	7439.13	
2632.43	981.175	2647.91	
2640.77	1074.96	2655	
2644.12	1203.82	2650.95	
2647.56	1287.78	2627.03	
2616.56	1347.14	2614.35	
2606.23	1406.22	2602.63	
2592.78	1482.02	2574.72	
2616.8	1567.55	2612.68	
2746.25	1711.77	2747.88	
3148.95	2060.43	3172.99	
3622.26	2454.66	3646.47	
4105.62	2869.92	4130.49	
4841.41	3519.63	4873.03	
5481.7	4146.76	5512.31	
5755.6	4474.98	5792.58	
5782.07	4563.98	5830.35	
5770.37	4602.22	5818.34	
5760.23	4641.74	5787.89	
5729.27	4698.77	5741.7	
5656.69	4783.87	5675.66	
5552.37	4889.56	5594.93	
5505.21	4943.92	5550.68	
5486.44	4991.7	5509.32	
5477.72	5034.83	5475.48	
5443.1	5063.33	5457.12	
5432.22	5094.71	5437	
5422.02	5127.51	5415.61	
5390.09	5149.69	5397.52	
5362.24	5183.02	5375.16	
5341.54	5223.92	5339.64	
5303.89	5275.37	5298.12	
5249.59	5365.65	5229.5	
5235.52	5436.28	5194.63	
5236.69	5470.01	5180.19	
5268.91	5526.36	5202.77	
5417.49	5730.4	5366	
6001.13	6478.44	5986.69	
6898.84	7640.08	6921.76	
7342.7	8342.2	7368.91	
7503.49	8826.93	7510.24	
7521.21	9076.6	7504.86	
7511.98	9187.34	7474.75	
7478.79	9270.49	7441.26	
7451.99	9314.23	7434.7	
7447.17	9347.75	7440.76	
7433.65	9380.24	7449.39	
7433.05	9405.97	7456.46	
7442.13	9426.21	7462.87	
2752.23	1023.45	2749.75	
2724.41	1129.51	2741.02	
2718.18	1204.71	2715.99	
2700.1	1288.9	2690.26	
2694.55	1364.24	2673.98	
2676.66	1428.1	2656.32	
2702.55	1509.13	2685.67	
2848.66	1678.51	2835.96	
3302.17	2071.81	3304.53	
4022.85	2657.41	4039.06	
4957.67	3401.04	4999.3	
5436.88	3796.58	5478.23	
5673.25	4039.84	5715.31	
5827.35	4281.56	5868.44	
5856.52	4461.62	5893.42	
5836.25	4559.84	5864.56	
5814.8	4604.26	5834.95	
5793.55	4638.15	5799.48	
5767.6	4683.05	5781.12	
5712.68	4749.35	5746.27	
5639.35	4833.32	5684.4	
5558.8	4926.5	5604.32	
5505.95	4989.59	5545.61	
5468.29	5033.08	5509.21	
5446.3	5066.81	5483.55	
5410.83	5095.75	5462.25	
5402.43	5124.38	5445.69	
5390.77	5152.49	5431.51	
5368.42	5183.95	5410.56	
5353.89	5219.51	5391.13	
5345.57	5280.17	5351.8	
5321.64	5386.87	5297.72	
5350.43	5513.67	5315.24	
5479.88	5689.18	5443.48	
5600.18	5841.04	5557.21	
5864.25	6168.31	5823.15	
6494.33	6967.69	6486.26	
7363.15	8109.05	7399.05	
7720.24	8641.21	7759.37	
7756.99	8804.53	7792.12	
7742.16	8900.88	7761.32	
7676.44	9017.5	7690.08	
7587.15	9146.26	7597.12	
7522.85	9242.06	7530.53	
7477.61	9300.03	7496.46	
7464.81	9331.2	7492.76	
7458.88	9357.53	7493.97	
7455.93	9378.29	7499.98	
2833.14	1075.31	2837.7	
2813.99	1121.94	2806.26	
2779.19	1221.67	2781.09	
2795.11	1327.58	2784.36	
2839.75	1433.07	2818.04	
2948.18	1562.44	2924.89	
3123.11	1732.56	3104.5	
3559.7	2098.07	3545.73	
4305.84	2713.27	4296.52	
5188.92	3441.63	5200.36	
5687.59	3882.47	5719.08	
5963.64	4148.39	6017.23	
6019.44	4241.47	6069.05	
6006.02	4315.91	6058.82	
5957.07	4428.27	5987.64	
5902.09	4537.07	5906.24	
5860.11	4602.4	5847.72	
5837.46	4640.06	5817.37	
5804.36	4680.23	5810.93	
5765.3	4725.58	5806	
5714.4	4789.87	5757.12	
5615.08	4899.43	5659.17	
5517.04	4987.93	5578.6	
5468.22	5036.58	5537.07	
5439.6	5075.76	5507.12	
5430.45	5101.82	5488.87	
5405.81	5125.44	5477.52	
5388.48	5157.18	5455.21	
5373.24	5192.9	5444.1	
5393.62	5241.7	5444.05	
5446.69	5347.65	5470.88	
5565.74	5544.06	5560.57	
5773.63	5836.6	5757.37	
6155.19	6292.36	6146.33	
6648.86	6844.73	6654.93	
6964.12	7225.35	6974.78	
7319.1	7735.7	7342.7	
7680.34	8336.84	7725.3	
7849.43	8674.72	7907.44	
7870.02	8756.36	7916.81	
7856.62	8800.92	7923.64	
7809.24	8877.32	7873.15	
7741.31	8983.21	7790.37	
7660.17	9103.29	7685.32	
7612	9172.38	7633.72	
7569.77	9227.1	7591.09	
7552.76	9258.96	7580.38	
7558.94	9266.76	7588.11	
2920.69	1049.2	2906.65	
2890	1151.2	2893.6	
2895.08	1251.93	2889.21	
3007.29	1426.02	2998.65	
3412.67	1762.36	3395.75	
3865.81	2116.96	3844.01	
4382.25	2510.17	4363.99	
4914.81	2921.71	4899.2	
5516.95	3435.5	5505.12	
5911.54	3848.62	5903.03	
6084.24	4094.32	6100.04	
6091.31	4211.65	6131.64	
6089.26	4274.8	6154.76	
6085.12	4319.17	6125.34	
6046.12	4393.63	6068.13	
5962.52	4508.37	5955.56	
5904.27	4593.19	5869.36	
5872.07	4646.74	5841.84	
5839.05	4687.14	5829.05	
5807.04	4724.63	5830.04	
5759.15	4775.74	5800.47	
5665.89	4873.9	5707.4	
5551.16	4989.83	5603.15	
5496.74	5055	5552	
5479.64	5088.9	5532.33	
5470.13	5117.36	5515.8	
5448.58	5142.61	5499.26	
5415.93	5172.03	5490.12	
5427.37	5218.38	5499.13	
5506.83	5326.03	5569.71	
5785.08	5624.17	5828.9	
6251.14	6106.07	6279.96	
6803.48	6693.48	6823	
7294.44	7259.76	7320.01	
7691.35	7763.83	7729.77	
7914.68	8098.99	7966.06	
7971.28	8265.99	8024.01	
7971.84	8463.64	8029.67	
7934.56	8649.15	7996.81	
7920.32	8721.31	8004.51	
7889.32	8768.17	7978.25	
7871.32	8820.01	7964.46	
7849.19	8881.1	7896.57	
7825.15	8937.71	7844.62	
7799.88	8993.56	7798.36	
7785.77	9033.46	7782.79	
7772.91	9057.92	7770.81	
7762.31	9079.99	7767.02	
3117.44	1226.05	3110.11	
3155.46	1271.54	3146.93	
3252.84	1410.5	3249.1	
3667.24	1758.93	3654.94	
4427.01	2355.06	4411.21	
5345.18	3040.17	5322.15	
5811.25	3401	5787.4	
6071.53	3629.71	6056.45	
6218.18	3798.94	6206.61	
6280.39	3970.75	6268.7	
6219.05	4142.7	6212.22	
6167.24	4232.11	6189.76	
6148.22	4275.56	6173.88	
6128.65	4318.29	6157.39	
6099.92	4376.83	6108.52	
6033.58	4472.49	6021.22	
5951.52	4576.97	5932.95	
5887.92	4649.04	5876.99	
5866.82	4701.97	5847.66	
5846.44	4738.14	5824.28	
5815.16	4780.71	5818	
5731.51	4862.91	5766.56	
5619.43	4995.3	5660.96	
5560.14	5079.42	5587.43	
5543.44	5117.1	5558.95	
5539.32	5153.82	5573.16	
5557.29	5209.93	5603.25	
5599.21	5277.22	5651.66	
5696.27	5401.56	5759.81	
5952.79	5670.49	6013.16	
6471.7	6190.32	6526.4	
7267.88	6987.22	7313.29	
7820.94	7562.15	7870.14	
8123.42	7913.87	8170.67	
8219.44	8134.7	8271.5	
8219.98	8293	8275.63	
8180.8	8392.77	8244.59	
8115.69	8482.98	8179.8	
8053.62	8572.25	8129.46	
7966.88	8684.55	8058.9	
7914.76	8757.52	8029.03	
7907.7	8793.48	7989.33	
7911.89	8829.61	7954.26	
7910.97	8853.3	7903.46	
7911.2	8886.44	7881.88	
7917.91	8917.28	7889.9	
7917.72	8943.28	7905.29	
7913.18	8959.48	7880.08	
3894.23	1708.13	3878.25	
4322.45	1989.15	4305.12	
4546.61	2146.23	4527.82	
4938.36	2459.16	4920.71	
5698.65	3044.08	5674.22	
6191.36	3500.91	6165.25	
6403.26	3753.48	6375.94	
6452.37	3846.65	6430.44	
6450.58	3902.23	6433.69	
6395.87	3996.09	6385.08	
6298.24	4134.45	6296.35	
6245.83	4222.16	6215.88	
6205.97	4275.61	6192.22	
6177.39	4321.45	6167.49	
6145.1	4369.9	6145.15	
6110.47	4443.58	6102.18	
6009.5	4563.34	6010.11	
5923.42	4662.35	5924.48	
5898.62	4715.56	5876.98	
5895.08	4760.92	5854.38	
5894.18	4804.49	5869.51	
5893.09	4920.95	5901.05	
5820.09	5066.36	5844.58	
5723.87	5159.58	5738.31	
5713.78	5207.63	5729.53	
5776.82	5288.52	5799.27	
6013.59	5512.66	6050.35	
6312.03	5788.99	6349.69	
6651.22	6096.67	6691.76	
7089.81	6525.88	7134.68	
7551.12	7059.51	7595.45	
7994.91	7582	8042.98	
8308.15	7955.25	8353.4	
8386.86	8103.36	8445.27	
8386.35	8195.77	8441.63	
8327.51	8292.84	8391.35	
8239.3	8399.01	8299.42	
8186.45	8453.15	8256.34	
8139.58	8512.28	8209.12	
8032.58	8636.36	8123.98	
7970.33	8728.57	8056.92	
7948.66	8780.54	8023.36	
7949.7	8796.55	7971.02	
7955.09	8817.35	7925.91	
7960.23	8842.04	7915.16	
7964.03	8875.89	7921.29	
7975.26	8899.44	7933.72	
7994.48	8912.38	7921.26	
5295.56	2500.57	5268.27	
5909.35	2917.3	5875.07	
6249.71	3167.47	6219.52	
6361.03	3278.76	6330.37	
6487.68	3430.81	6456.12	
6596.15	3645.1	6564.75	
6574.23	3804.57	6548.17	
6539.8	3879.96	6507.77	
6513.29	3936.76	6487.14	
6451.79	4002.73	6453.98	
6385.33	4102.45	6369.34	
6307.53	4200.9	6283.62	
6255.25	4273.23	6203.21	
6220.14	4329.82	6176.91	
6194.46	4378.02	6173.83	
6155.42	4440.11	6166.02	
6141.91	4578.46	6145.2	
6093.72	4715.86	6083.68	
6029.59	4780.53	6005.59	
6053.31	4831.63	6023	
6119.98	4917.05	6085.11	
6305.33	5131.3	6283.31	
6461.04	5397.34	6457.83	
6578.76	5578.29	6585.22	
6688.52	5727.86	6696.22	
6747.03	5864.69	6758.93	
7041.57	6183.18	7062.55	
7663.4	6745.21	7690.51	
8033.9	7120.56	8064.11	
8222.08	7389.69	8253.74	
8376.19	7662.64	8411.9	
8464.56	7890.56	8501.53	
8482.46	8051.02	8530.27	
8463.6	8153.35	8511.64	
8433.23	8200.08	8502.49	
8380.94	8273.83	8440.85	
8284.69	8378.44	8345.71	
8244.93	8423.77	8298.97	
8197.77	8474.39	8263.01	
8133.84	8560.57	8196	
8053.75	8670.44	8109.17	
8015.53	8728.27	8048.05	
7992.89	8770.87	7995.17	
7991.77	8792.72	7951.8	
7995.86	8820.87	7930.26	
8000.65	8844.95	7926.12	
8011.9	8869.78	7927.65	
8011.75	8898.83	7952.31	
6533.42	3109.38	6502.35	
6702.61	3307.9	6663.64	
6809.28	3455.24	6767.38	
6827.63	3535.36	6792.23	
6803.33	3590.35	6767.85	
6757.76	3665.34	6729.15	
6670.51	3786.8	6642.64	
6591.44	3887.52	6575.37	
6530.04	3950.39	6536.06	
6505.16	4014.27	6491.52	
6449.28	4075.34	6439.77	
6382.43	4180.91	6356.49	
6317.18	4288.49	6279.83	
6276.28	4344.54	6239.91	
6260.69	4396.03	6242.53	
6297.12	4479.21	6289.53	
6413.26	4649.7	6414.55	
6664.18	4947.99	6646.55	
6835.33	5135.56	6812.6	
6908.28	5243.25	6882.98	
7066.73	5414.96	7035.21	
7278.48	5652.94	7242.38	
7862.8	6108.76	7831.69	
8344.01	6500.06	8319.99	
8422.19	6684.44	8404.96	
8443.6	6844.44	8429.7	
8484.78	7033.86	8479.31	
8580.38	7295.74	8591.99	
8672.6	7604.87	8700.69	
8689.77	7766.41	8727.12	
8693.32	7855.37	8728.6	
8656.55	7950.2	8700.73	
8564.36	8080.1	8604.5	
8498.04	8161.93	8550.09	
8468.66	8204.58	8518.5	
8419.11	8260.15	8478.37	
8362.57	8326.01	8417.16	
8300.33	8394.9	8359.29	
8257.93	8445.64	8303.51	
8214.35	8503.33	8244.78	
8174.62	8563.95	8185.2	
8112.3	8647.7	8101.72	
8057.33	8724.1	8025.1	
8031.41	8769.61	7976.2	
8025.7	8796.11	7933.62	
8033.27	8827.67	7926.03	
8027.95	8856.72	7945.4	
8028.77	8876.01	7954.49	
7048.58	3283.17	7021.21	
7016.03	3366.95	6982.11	
6951.14	3484.47	6901.44	
6915.5	3559.35	6868.64	
6884.44	3614.97	6857.14	
6835.62	3671.84	6809.85	
6777	3748.3	6763.92	
6652.77	3882.04	6658.72	
6583.83	3974.31	6584.91	
6550.47	4022.2	6560.97	
6531.85	4076.76	6528.56	
6516.21	4174.47	6500.16	
6554.69	4335.09	6531.18	
6618.48	4457.27	6596.44	
6655.35	4521.65	6629.43	
6788.44	4650.67	6767.68	
7159.89	4947.34	7145.06	
7834.52	5406.42	7822.94	
8598.89	5936.98	8570.78	
8819.38	6149.19	8789.35	
8808.65	6261.9	8776.13	
8938.17	6479.06	8898.08	
9098.16	6716.11	9054.29	
9212.15	6986.18	9178.84	
9251.79	7174.05	9221.31	
9232.52	7269.02	9203.67	
9177.97	7356.84	9150.32	
9011.98	7519.14	8999.41	
8854.77	7722.27	8877.32	
8795.45	7847.45	8836.29	
8760.29	7892.91	8813.55	
8714.07	7958.33	8762.71	
8615.13	8073.5	8654.75	
8547.32	8153.33	8573	
8500.04	8202.52	8534.86	
8461.95	8242.58	8506.83	
8419.31	8291.49	8481.26	
8367.6	8354.93	8415.17	
8305.84	8426.01	8328.39	
8274.98	8463.96	8269.58	
8248.9	8505.16	8224	
8205.92	8570.35	8161.12	
8145.31	8656.07	8083.98	
8084.83	8733.78	7992.25	
8063.02	8779.25	7952.66	
8052.78	8809.99	7955.19	
8051.43	8840.05	7964.2	
8049.49	8864.35	7978.8	
7148.09	3269.48	7133.44	
7128.96	3343.62	7083.76	
7058.05	3444.95	7008.89	
6988.3	3532.79	6947.71	
6936.88	3600.32	6911.24	
6932.81	3654.58	6921.28	
6877.81	3735.81	6885.79	
6805.8	3881.84	6809.85	
6744.83	3993.44	6753.53	
6760.64	4062.26	6768.39	
6844.06	4139.37	6850.63	
6969.7	4253.44	6963.88	
7306.12	4486.94	7292.44	
7902.87	4839.36	7879.11	
8262.07	5096.06	8232.56	
8352.68	5236.88	8320.43	
8720.47	5524.45	8695.02	
9260.28	5973.86	9241.85	
9632.79	6357.51	9611.13	
9793.72	6615.68	9753.5	
9792.95	6713.76	9755.28	
9751.88	6786.05	9713.75	
9596.85	6951.92	9566.69	
9459.86	7151.79	9422.19	
9407.11	7281.31	9370.12	
9371.69	7339.67	9330.07	
9317.03	7410.78	9272.27	
9166.37	7566.62	9128.46	
8951.33	7760.18	8953.66	
8832.27	7861.74	8878.51	
8787.76	7912.18	8848.74	
8743.43	7961.19	8794.12	
8679.41	8044.88	8709.35	
8593.21	8139.65	8608.47	
8535.23	8193.3	8537.51	
8497.83	8231.11	8524.52	
8466.49	8268.64	8509.48	
8416.47	8327.66	8454.55	
8358.14	8399.21	8353.93	
8319.19	8444.98	8278.65	
8295.11	8476.42	8238.37	
8275.77	8522.91	8210.24	
8225.65	8601.77	8136.91	
8170.56	8678.18	8064.63	
8129.86	8728.82	8030.4	
8099.52	8772.7	8009.18	
8078.18	8815.39	8006.66	
8067.06	8849.32	8014.95	
7219.06	3223.49	7180.45	
7194.22	3287.47	7157.49	
7178.42	3368.34	7125.26	
7135.11	3448.09	7089.12	
7092.01	3527.55	7059.8	
7066.36	3630.14	7059.05	
7188.35	3751.42	7189.81	
7269.05	3870.63	7278.6	
7501.61	4050.08	7511.33	
7742.25	4226.81	7750.9	
8071.07	4412.04	8075.43	
8480.7	4604.76	8481.75	
9022.09	4857.31	9013.33	
9617.54	5279.39	9593.92	
10015.6	5683.84	9977.45	
10161.8	5884.07	10116.8	
10119.6	6014.86	10077.1	
10090.3	6239.17	10057.1	
10037.3	6510.12	10018	
9982.64	6689.29	9958.67	
9950.35	6771.48	9907.16	
9869.97	6840.52	9857.58	
9737.8	6978.65	9731.03	
9541.89	7207.71	9506.27	
9447.59	7318.09	9391.35	
9417.36	7369.06	9352.94	
9369.48	7428.17	9299.04	
9228.83	7569.83	9173.04	
9012.41	7755.97	8996.5	
8877.28	7869.88	8889.73	
8816.36	7924.08	8846.92	
8777.45	7966.75	8815.98	
8723.94	8026.91	8753.62	
8637.05	8121.82	8638.61	
8576.15	8184.97	8570.76	
8543.17	8219.67	8537.52	
8505.3	8259.58	8512.59	
8463.55	8308.08	8467.33	
8410.19	8370.73	8391.65	
8363.31	8427.43	8313.1	
8341.18	8464.5	8268.93	
8312.54	8509.57	8229.25	
8287.78	8565.37	8187.11	
8262.52	8611.99	8162.39	
8222.42	8657.92	8135.37	
8169.72	8714.63	8101.1	
8127.8	8763.82	8076.13	
8107.41	8785.58	8066.29	
7283.35	3158.68	7275.09	
7284.55	3204.91	7253.67	
7276.09	3271.82	7223.37	
7277.2	3342.75	7215.32	
7360.67	3403.41	7329.28	
7508.99	3533.91	7496.27	
7912.53	3707.16	7914	
8683.21	3960.82	8691.72	
9251.95	4197.56	9265.27	
9953.33	4508.98	9965.08	
10336.9	4779.68	10347.6	
10606.2	5013.97	10607.2	
10640.5	5267.27	10630.8	
10674.3	5531.63	10656.2	
10710	5797.4	10677.8	
10616.1	6039.27	10567.9	
10513.2	6178.68	10454.3	
10395	6307.98	10343.8	
10202.3	6528.72	10173.7	
10045.1	6706.5	10039.3	
9955.74	6786.49	9971.18	
9898.47	6845.38	9916.7	
9769.55	6997.85	9781.91	
9573.61	7216.97	9541.65	
9481.52	7335.83	9413.71	
9445.01	7396.48	9358.95	
9391.7	7456.86	9315.67	
9278.87	7559.24	9212.75	
9055.23	7747.97	9011.96	
8918.93	7868.48	8893.37	
8850.52	7929.54	8830.81	
8803.07	7974.51	8814.78	
8755.73	8022.43	8771.91	
8685.94	8098.92	8689.33	
8620.04	8172.67	8594.52	
8579.05	8215.74	8537.01	
8545.72	8253.35	8507.34	
8503.54	8302.35	8483.23	
8452.5	8353.71	8437.15	
8411.93	8405	8382	
8373.89	8459.52	8308.13	
8345.07	8508.91	8254.8	
8326.25	8548.64	8229.2	
8302.45	8583.01	8211.59	
8273.71	8622.55	8196.38	
8231.76	8657.59	8182.69	
8195.87	8672.89	8177.11	
8170.37	8692.39	8165.02	
7410.46	3051.85	7410.77	
7417.92	3068.83	7407.88	
7427.28	3108.84	7395.7	
7456.43	3140.85	7422.34	
7610.96	3190.67	7578.61	
8436.35	3240.92	8434	
9307.03	3511.95	9321.95	
10415.7	3993.94	10435.6	
11277	4388.02	11291	
11563.6	4605.19	11573.3	
11685.8	4808.34	11694.2	
11430.9	5117.26	11439.9	
11168.7	5439.8	11163.3	
11045.5	5619.04	11027.3	
10911.1	5795.99	10894.7	
10694.9	6067.9	10659.7	
10577.3	6220.11	10518.2	
10487.5	6321.72	10422.2	
10301	6506.98	10260.2	
10083	6700.29	10098.2	
9970.98	6795.84	10020	
9900.98	6874.29	9955.67	
9786.35	7007.41	9800.59	
9602.25	7227.19	9579.06	
9499.2	7350.6	9448.66	
9446.83	7423.43	9381.58	
9411.28	7472.86	9328	
9299.63	7559.08	9245.48	
9093.9	7733.16	9045.8	
8942.93	7870.85	8868.97	
8874.63	7936.02	8829.2	
8831.24	7978.52	8803.31	
8788.37	8022.37	8791.5	
8726.62	8084.74	8720.03	
8653.3	8162.84	8617.04	
8607.39	8217.19	8540.2	
8576.5	8256.39	8503.6	
8527.07	8302.08	8490.93	
8482.39	8349.94	8490.62	
8453.04	8390.18	8435.97	
8405.22	8452.98	8356.64	
8367.45	8509.89	8288.14	
8346.99	8549.09	8259.33	
8325.05	8579.01	8245.04	
8297.67	8603.67	8238.2	
8262.19	8619.38	8237.54	
8229.74	8629.78	8236.67	
8197.63	8637.65	8233.57	
7505.99	2937.54	7542.59	
7544.31	2934.69	7542.3	
7626.35	2863.51	7636.91	
7792.01	2750.67	7806.5	
8010.89	2742.55	8020.87	
8727.63	2879.25	8750.01	
10741.1	3303.95	10786.8	
11727	3852.61	11761.9	
12097.3	4321.15	12111.7	
12135.1	4548.08	12144	
11943.9	4757.62	11948.4	
11569.4	5168.31	11571	
11283.3	5466.56	11293.1	
11128.2	5627.52	11129.6	
10967.5	5805.61	10965.9	
10739	6063.7	10726.7	
10591.7	6236.17	10557.3	
10509.3	6336.32	10452.2	
10359.6	6468.28	10333	
10123.2	6692.87	10133.4	
9984.44	6830.63	10019.3	
9927.17	6891.1	9954.78	
9819.04	7007.72	9825.79	
9627.74	7213.13	9621.38	
9486.56	7387.5	9477.1	
9432	7440.1	9407.47	
9392.77	7477.78	9366.8	
9309.46	7550.52	9278.5	
9102.83	7744.37	9059.98	
8953.65	7889.45	8895.97	
8896.79	7943.73	8829.54	
8861.05	7983.98	8815.35	
8821.75	8023.48	8782.15	
8764.5	8079.14	8732.72	
8685.58	8158.89	8641.47	
8624.89	8228.02	8564.34	
8588.41	8271.7	8520.83	
8551.12	8310.47	8506.32	
8518.76	8344.76	8491.94	
8478.13	8385.18	8469.72	
8429.08	8450.25	8386.6	
8380.02	8510.37	8320.36	
8354.39	8552.12	8285.72	
8342.39	8582.56	8271.45	
8308.73	8594.46	8274.73	
8269.72	8604.99	8275.58	
8236.21	8609.52	8276.05	
8216.7	8613.64	8278.99	
7543.77	2868.91	7592.12	
7629.79	2793.21	7676.6	
7770.73	2682.48	7805.3	
7978.36	2506.85	8024.37	
8320.65	2323.06	8388.8	
9071.02	2478.52	9172.18	
10872	3096.79	10957.1	
12487.8	3714.45	12521	
12553.5	4095.31	12568.5	
12404.4	4319.88	12414.9	
11928.7	4827.68	11923.5	
11617.5	5162.43	11611.8	
11377	5400.49	11386	
11123.2	5662.5	11165.8	
10993.9	5799.15	11009.3	
10783.9	6029.51	10800	
10578.4	6266.15	10584	
10490.4	6339.97	10494.9	
10385.8	6451.09	10382.5	
10150.9	6697.97	10138.2	
10021.5	6844.79	9994.11	
9960.08	6906.53	9934.03	
9862.83	6993.29	9844.43	
9622.54	7223.05	9632.37	
9457.53	7379.24	9493.98	
9406.94	7443.63	9450.31	
9364.85	7472.66	9407.03	
9289.59	7556.1	9300.27	
9111.66	7747.51	9086.71	
8953.92	7921.38	8918.4	
8908.66	7970.34	8861.72	
8886.62	7998.55	8824.39	
8857.24	8026.25	8784.51	
8802.26	8076.39	8735.18	
8713.64	8162.97	8664.01	
8633.46	8242.52	8599.27	
8594.81	8297.91	8554.17	
8580.56	8325.23	8517.58	
8546.96	8351.36	8500.02	
8503.39	8384.32	8452.98	
8447.58	8443.38	8408.04	
8387.67	8520.25	8347.79	
8358.78	8557.75	8315.14	
8338.52	8578.06	8304.37	
8312.1	8593.33	8295.47	
8272.09	8597.74	8304.73	
8239.64	8597.18	8315.07	
8215.71	8598.43	8316.8	
7566.64	2805.51	7639.43	
7687.96	2707.53	7753.13	
7837.31	2566.4	7905.71	
8076.81	2403.88	8139.09	
8472.04	2169.4	8596.59	
9279.55	2128.86	9469.13	
11153	3075.19	11247.5	
12538.4	3714.61	12572	
12997.9	3690.07	13025	
12491.9	4241.02	12501.4	
11928.4	4844.25	11919.4	
11668.8	5118.69	11646.9	
11406.3	5381.87	11420.2	
11142.7	5636.98	11190.5	
10985.5	5802.91	11047.4	
10794.3	6022.64	10826.4	
10578.9	6253.18	10624	
10484.8	6353.41	10536.6	
10375	6466.22	10390.5	
10190.6	6677.85	10158.1	
10054	6848.3	9981.16	
9991.84	6911.16	9911.1	
9866.78	7009.55	9831.53	
9636.24	7201.8	9655.43	
9440.98	7369.42	9509.77	
9368.75	7425.43	9471.11	
9347.98	7469.32	9436.58	
9274.13	7562.99	9317.64	
9096.69	7765.25	9092.02	
8957.28	7927.26	8943.03	
8914.83	8004.18	8888.93	
8904.96	8009.88	8826.42	
8881.09	8034.26	8785.4	
8833.67	8076.67	8740.09	
8731.24	8162.81	8677.52	
8635.41	8266.43	8617.25	
8606.25	8309.24	8573.28	
8588.61	8342.95	8541.75	
8566.74	8356.29	8489.45	
8528.6	8387.95	8453.59	
8458.65	8447.08	8406.84	
8394.53	8519.76	8365.75	
8359.37	8564.93	8349.25	
8334.39	8578.21	8324.87	
8303.28	8591.77	8314.25	
8275.37	8591.45	8324.75	
8242.29	8589.94	8337.01	
8215.68	8601.04	8338.53	