
6882.87	10007.9	6790.73	
6873.16	10034.4	6791.51	
6843.77	10064.7	6768.97	
6748.92	10143	6699.64	
6540.19	10331.3	6508.8	
6387.45	10487.3	6344.92	
6337.35	10556.2	6285.73	
6286.63	10591.4	6259.66	
6177.55	10672.7	6173.8	
5954.17	10875.9	5974.99	
5765.28	11062	5807.89	
5692.68	11159.4	5726.67	
5587.99	11246.6	5622.55	
5330.53	11501.6	5344.35	
5041.84	11783.4	5040.46	
4775.54	12053.6	4744.57	
4363.52	12435.4	4312.41	
3947.15	12794.2	3875.2	
3395.55	13082.5	3281.54	
3055.08	11624.4	2954.57	
2447.9	9301.38	2373.8	
2388.71	8305.36	2364.18	
2613.74	7894.02	2604.15	
2822.04	7649.61	2822.02	
2982.55	7468.78	2989.53	
3130	7302.44	3125.87	
3220.33	7193.23	3196.28	
3280.94	7122.47	3218.41	
3301.49	6964.38	3227.84	
3185.09	6396.44	3113.24	
2689.04	5011.38	2660.26	
2014.96	3378.29	2017.93	
1685.97	2629.98	1691.69	
1609.2	2479.25	1611.58	
1597.92	2452.79	1569.73	
1534.65	2478.84	1551.7	
1488.96	2510.79	1532.35	
1482.74	2535.93	1504.27	
1479	2551.39	1456.75	
1471.86	2575.16	1414.31	
1422.42	2614.29	1390.63	
1343.86	2644.22	1341.18	
1280.2	2694.05	1285.58	
1217.36	2746.33	1243.37	
1170.96	2737.55	1160.54	
1083.97	2723.23	1065.71	
985.666	2690.04	958.235	
870.275	2615.96	833.402	
6898.19	10008.3	6817.9	
6878.7	10021	6814.77	
6852.01	10044.3	6807.02	
6775.31	10107.6	6752.16	
6592.21	10276	6578.46	
6407.05	10452.4	6379.58	
6332.87	10520	6313.19	
6286.51	10559.9	6281.49	
6195.82	10639.9	6198.52	
5984.76	10833.7	6002.39	
5783.56	11038.1	5816.8	
5696.15	11120.4	5745.69	
5584.2	11239.7	5613.42	
5339.46	11482	5347.5	
5109.03	11725.9	5101.82	
4808.35	12009.5	4792.89	
4486.92	12324.9	4440.7	
4093.07	12634.9	4030.41	
3705.43	12551.1	3615.58	
3061.75	11587.6	2961.94	
2649.69	9197.97	2601.53	
2638.09	8148.79	2618.2	
2735.92	7806.06	2738.37	
2889.04	7588.1	2910.57	
3057.36	7408.06	3071.69	
3184.78	7257.53	3193.09	
3266.14	7160.14	3251.86	
3316.31	7075.34	3278.65	
3367.23	6918.32	3284.21	
3246.12	6407.24	3190.13	
2659.76	4872.37	2640.57	
1947.95	3182.97	1958.83	
1670.04	2572.33	1685.64	
1615.66	2459.01	1611.25	
1575.79	2450.77	1590.44	
1534.55	2464.62	1564.3	
1504.3	2486.8	1537.02	
1489.03	2508	1499.94	
1485.42	2527.58	1461.27	
1462.5	2547.83	1425.36	
1423.91	2573.66	1384.71	
1355.07	2613.13	1343.5	
1278.39	2650.97	1292.8	
1228.52	2672.12	1246.97	
1167.2	2673.95	1178.25	
1081.96	2619.19	1074.04	
983.869	2562.34	979.295	
956.007	2518.66	947.696	
6921.81	10001.7	6830.45	
6894.2	10002.6	6842.48	
6852.68	10024.3	6847.19	
6793.15	10077.5	6806.24	
6647.9	10206.9	6657.09	
6471.75	10361.6	6480.88	
6359.67	10448.3	6380.15	
6278.85	10524.6	6302.1	
6198.74	10608.6	6214.8	
6033.92	10773.6	6051.13	
5837.01	10958.3	5858.18	
5726.48	11063.9	5746.49	
5592.81	11205.7	5607.33	
5359.66	11449.7	5366.69	
5151.41	11660.8	5149.69	
4874.41	11937	4866.53	
4571.99	12216.3	4556.13	
4377.49	12224.2	4311.82	
3873.6	11849.4	3802.95	
3265.73	10724.5	3204.08	
2945.74	9365.48	2902.89	
2961.42	7970.18	2958.59	
3018.62	7565.47	3036.83	
3085.35	7432.85	3105.61	
3177.26	7310.64	3195.18	
3289.66	7175.59	3306.62	
3370.47	7074.42	3377.98	
3423.26	6969.67	3413.97	
3412.15	6820.18	3387.82	
3257.57	6341.15	3215.65	
2614.65	4708.37	2606.34	
1889.82	3005.95	1904.97	
1667.23	2517.95	1683	
1609.13	2438.1	1642.3	
1572.6	2428.49	1614.26	
1541.17	2437.8	1586.99	
1522.07	2453.6	1545.42	
1506.64	2474.1	1500.54	
1479.85	2492.12	1472.73	
1461.69	2507.46	1435.18	
1431.89	2529.28	1387.3	
1363.63	2562.2	1333.94	
1293.57	2579.19	1304.87	
1233.82	2577.36	1258.83	
1169.89	2550.69	1178.36	
1082.27	2488.87	1090.56	
1034.25	2424.83	1044.07	
986.522	2398.92	1012.78	
6942.51	9977.99	6840.63	
6915.03	9991.69	6869.64	
6869.98	10013.6	6883.64	
6803.29	10041.2	6847.3	
6723.83	10098.3	6772.9	
6592.93	10207.7	6646.67	
6430.08	10354.3	6473.56	
6305.6	10463.4	6342.59	
6216.91	10550.6	6246.41	
6103.8	10665.7	6127.12	
5948.11	10823	5950.72	
5791.29	10975.9	5767.11	
5636.67	11130.9	5622.54	
5420.08	11360.7	5415.9	
5178.16	11619.1	5190.36	
4926.2	11849	4923.23	
4755.44	11917.9	4736.05	
4494.66	11798.8	4467.82	
4060.91	11010.2	4015.08	
3581.48	9721.53	3543.16	
3316.24	8633.13	3298.79	
3208.49	7804.01	3215.25	
3273.94	7351.67	3290.32	
3325.75	7222.59	3341.48	
3388.85	7121.6	3414.09	
3442.46	7039.89	3477.18	
3492.8	6959.09	3526.29	
3509.54	6894.69	3529.27	
3459.11	6705.99	3461.7	
3181.45	6018.48	3178.02	
2522.69	4432.51	2517.46	
1873.29	2909.14	1891.83	
1673.63	2483.27	1705.65	
1619.76	2410.04	1663.78	
1582.64	2398.82	1645.62	
1562.97	2402.15	1615.05	
1544.24	2419.88	1564.17	
1519.49	2431.78	1525.16	
1504.13	2439.23	1488.24	
1482.83	2454.98	1451.17	
1436.94	2475.67	1396.94	
1379.96	2481.69	1357.65	
1313.95	2472.1	1308.81	
1243.36	2445.81	1249.52	
1178.22	2404.18	1182.86	
1120.48	2361.64	1127.29	
1070.25	2329.05	1085.05	
1049.3	2302.1	1060.1	
6986.57	9932.33	6921.2	
6950.78	9977.2	6916.83	
6902.88	9978.1	6909.44	
6841.15	9987.21	6892.73	
6776.01	10017.5	6860.95	
6705.24	10069.5	6777.07	
6561.37	10196.5	6619.19	
6399.57	10340.3	6449.21	
6269.45	10450.6	6315.55	
6198.7	10535.6	6207.76	
6092.47	10650.5	6074.72	
5910.34	10831.6	5876.05	
5717.39	11023	5674.63	
5486.3	11263.4	5470.52	
5215.56	11523.7	5212.59	
5085.64	11601.9	5081.69	
4902.03	11532.1	4890.13	
4552.8	10993.8	4537.94	
4194.88	9895.09	4184.65	
3888.07	8533.66	3878.16	
3644.04	7606.89	3640.83	
3546.6	7283.35	3554.42	
3514.04	7124.6	3525.92	
3535.85	7017.3	3547.77	
3556.17	6974.92	3572.89	
3567.73	6923.8	3609.99	
3558.99	6882.86	3624.39	
3559.28	6816.28	3595.2	
3490.89	6631.64	3513.65	
3100.59	5673.51	3107.91	
2345.73	3899.69	2350.48	
1863.29	2813.48	1881.82	
1683.92	2443.18	1724.46	
1638.84	2385.57	1688.76	
1608.48	2372.43	1676.64	
1586.85	2374.18	1639.52	
1572.21	2377.58	1601.78	
1556.52	2380.65	1558.39	
1548.08	2385.58	1518.52	
1513.06	2391.23	1473.02	
1463.28	2394.03	1430.25	
1405.53	2383.86	1379.74	
1331.47	2345.65	1310.25	
1256.26	2295.7	1246.63	
1208.03	2272.42	1198.05	
1165.69	2267.43	1154.95	
1125.02	2250.89	1134.98	
1092.73	2239.43	1115.24	
7127.17	9790.19	7078.92	
7075.58	9827.83	7045.59	
7008.5	9869.71	7003.82	
6902.8	9920.67	6953.14	
6829.09	9951.12	6908.78	
6772.29	9979.67	6852.9	
6705.59	10021.5	6769.73	
6556.95	10158.1	6602.28	
6411.95	10304	6432.19	
6304.81	10408.9	6300.5	
6221.2	10500.9	6184.43	
6069.64	10662.4	6013.86	
5883.93	10836	5831.68	
5595.78	11062	5560.82	
5372.55	11162.1	5353.19	
5192.15	11116.2	5179.83	
4965.69	10834.3	4960.46	
4617.22	9869.75	4610.88	
4228.39	8459.95	4232.43	
4000.48	7470.57	4016.34	
3896.83	6979.41	3908.35	
3835.47	6820.99	3840.17	
3789.85	6794.78	3797.25	
3723.88	6818.73	3727.86	
3668.37	6852.99	3672.51	
3634.84	6863.34	3676.59	
3625.42	6811.24	3674.56	
3590.11	6741.53	3650.47	
3497.76	6501.46	3534.37	
3064.01	5450.35	3072.67	
2232.85	3535.34	2230.34	
1816.33	2613.44	1828.27	
1706.63	2410.18	1736.7	
1668.42	2360.96	1721.77	
1642.82	2350.57	1690.92	
1606.44	2343.2	1668.82	
1597.3	2338.54	1638.11	
1591.76	2338.72	1598.45	
1570.11	2336.39	1548.97	
1549.39	2330.87	1508.26	
1499.63	2314.11	1463.27	
1423.28	2273.21	1388.22	
1342.23	2229.28	1309.07	
1288.89	2199.45	1254.74	
1247.79	2187.64	1222.61	
1211.61	2175.93	1207.9	
1178.31	2174.88	1192.01	
1156.92	2167.05	1184.02	
7330.41	9577.88	7257.47	
7287.54	9604.05	7238.34	
7172.94	9684.64	7171.96	
7040.31	9783.39	7079.3	
6924.96	9849.92	6997.45	
6837.06	9888.13	6927.48	
6784.64	9932.87	6840.48	
6729.02	9982.89	6745.65	
6624.38	10086.5	6616.56	
6473.87	10240.1	6440.99	
6345.54	10387.3	6280.42	
6262.85	10471.6	6185.71	
6065.03	10605.5	5998.71	
5808.62	10647.9	5753.98	
5526.1	10399	5484.06	
5171.96	9818.93	5159.76	
4832.64	9088.05	4837.78	
4541.94	8309.78	4552.34	
4248.01	7340.22	4259.84	
4069.57	6828.07	4089.88	
4004.73	6679.1	4031.2	
3974.15	6620.05	3987.75	
3923.69	6631.56	3917.64	
3854.95	6672.87	3841.4	
3799.83	6699.97	3805.52	
3752.45	6720.17	3771.62	
3702.63	6722.58	3749.94	
3650.54	6635.32	3706.14	
3495.75	6295.95	3545.2	
2966.73	5119.52	2978.28	
2167.86	3306.84	2151.29	
1807.26	2511.61	1798.65	
1731.97	2374.24	1744.05	
1708.03	2344.01	1716.48	
1677.01	2327.12	1701.03	
1645.67	2314.6	1688.93	
1610.66	2307.72	1671.79	
1610.1	2301.08	1632.88	
1603.49	2294.81	1588.93	
1567.28	2281.27	1540.08	
1519.5	2249.16	1478.59	
1438.28	2191.44	1391.19	
1365.16	2146.1	1316.18	
1323.26	2128.8	1270.59	
1290.94	2116.36	1256.79	
1260.79	2107.13	1253.67	
1229.82	2086.68	1257.53	
1204.52	2076.86	1245.9	
7426.07	9493.88	7326.78	
7380.69	9505.51	7329.24	
7315.74	9538.45	7320.82	
7225.26	9594.23	7270.66	
7099.19	9673.21	7171.51	
6977.5	9760.15	7045.26	
6885.57	9831.89	6937.27	
6833.6	9885.42	6834.24	
6774.03	9935.29	6742.15	
6682.97	10041.8	6621.34	
6550.63	10178.6	6470.75	
6387.36	10317.6	6297.74	
6263.92	10368.4	6170.41	
6057.01	10159.4	5964.96	
5544.4	9419.63	5495.52	
4944.62	8240.76	4944.83	
4574.99	7335.81	4605.37	
4392.52	6907.18	4422.3	
4273.05	6702.46	4294.2	
4151.6	6533.94	4172.39	
4061.95	6530.46	4086.14	
4016.56	6547.02	4034.67	
3997.49	6548.63	3972.05	
3964.84	6565.25	3917.42	
3919.85	6565.47	3897.95	
3866.35	6563.33	3900.05	
3816.45	6559.92	3861.12	
3742.34	6482.56	3794.08	
3458.07	5984.69	3499.86	
2784.03	4573.16	2791.11	
2087.42	3049.49	2064.18	
1816.43	2459.23	1787.08	
1764.18	2350.96	1729.53	
1740.42	2325.13	1709.83	
1712.34	2303.95	1706.27	
1678.45	2287.74	1710.96	
1657.14	2275.39	1698.04	
1638.1	2267.44	1678.52	
1618.64	2253.14	1628.76	
1586.12	2229.28	1577.43	
1525.67	2182.16	1496.43	
1449.15	2125.37	1392.62	
1398.43	2093.43	1329.1	
1361.51	2073.34	1303.77	
1334.72	2058.25	1288.54	
1304.77	2045.24	1295.38	
1269.46	2027.96	1290.83	
1239.76	2015.46	1297.54	
7451.89	9460.24	7372.58	
7434.17	9463.46	7383.67	
7390.15	9475.26	7396.96	
7323.34	9488.2	7389.49	
7260.18	9513.27	7324.15	
7187.68	9560.62	7239.08	
7072.02	9656.81	7102.35	
6954.84	9763.08	6953.18	
6884.98	9847.15	6831.95	
6826.81	9905.05	6749.63	
6741.38	9956.55	6660.47	
6623.53	9996.84	6520.98	
6458.9	9993.91	6302	
6147.83	9797.88	6040.19	
5491.9	8666.29	5447.21	
4739.52	7176.81	4747.81	
4434	6562.25	4473.84	
4341.18	6387.68	4385.49	
4288.68	6362.51	4323.32	
4212.52	6388.34	4233.73	
4138.05	6416.44	4150.16	
4095.09	6443.49	4092.63	
4056.99	6475.66	4030.87	
4037.78	6482.13	3969.95	
3991.17	6486.49	3955.01	
3934.66	6472.8	3955.36	
3896.46	6434.2	3948.5	
3785.38	6272.69	3828.24	
3399.96	5599.72	3431.19	
2568.67	3964.62	2566.96	
2000.33	2763.22	1963.98	
1834.14	2410.23	1781.36	
1794.63	2330.62	1728	
1771.53	2299.63	1714.35	
1746.69	2274.93	1721.84	
1724.27	2258.56	1725.51	
1700.29	2244.37	1729.65	
1670.08	2232.51	1708.12	
1645.4	2214.45	1683.81	
1599.62	2174.29	1617.57	
1523.09	2118.56	1506.1	
1459.03	2071.85	1404.59	
1426.37	2044.87	1356.31	
1406.69	2028.33	1329.94	
1375.14	2011.79	1325	
1343	1994.15	1308.28	
1308.73	1982.55	1320.91	
1288.9	1970.92	1325.97	
7483.22	9422.65	7405	
7465.71	9441.52	7431.1	
7431.26	9435.63	7441	
7394.2	9421.79	7433.65	
7348.23	9418.76	7415.49	
7299.41	9442.88	7356.18	
7243.93	9483.37	7271.65	
7147.04	9580.34	7130.45	
7030.46	9701.13	6977.48	
6968.12	9757.11	6893.9	
6934.96	9748.36	6846.54	
6794.93	9644.27	6687.57	
6479.46	9409.26	6362.3	
5991.27	8889.04	5892.95	
5337.63	7951.57	5306.61	
4642.86	6703.32	4657.27	
4408.02	6311.79	4437.86	
4344.3	6265.46	4393.31	
4303.75	6260.31	4348.24	
4259.7	6277.75	4289.68	
4230.95	6293.44	4232.23	
4202.79	6317.01	4179.21	
4160.26	6357.3	4113.61	
4122.57	6380.47	4071.96	
4072.89	6394.17	4027.55	
4019.18	6373.79	4008.2	
3947.36	6295.53	3968.15	
3803.69	6092.07	3845.14	
3213.37	5017.96	3237.22	
2385.46	3447.11	2375.94	
1945.4	2564.95	1903.69	
1851.01	2357.79	1784.24	
1826.33	2298.58	1755.71	
1808.78	2266.04	1741.5	
1785.99	2245.32	1733.53	
1761.62	2229.97	1739.92	
1731.19	2218.97	1739.13	
1703.61	2203.26	1742.09	
1667.18	2179.49	1716.29	
1613.26	2136.11	1637.92	
1521.01	2071.07	1518.16	
1461.79	2026.05	1435.01	
1453.85	2002.22	1393.8	
1440.28	1984.64	1369.17	
1416.6	1969.35	1351.86	
1385.72	1958.23	1344.16	
1357.43	1942.79	1347.95	
1328.09	1933.95	1358.31	
7534.97	9366.02	7481.43	
7511.48	9375.3	7476.8	
7496.48	9368.1	7492.86	
7462.91	9358.52	7483.99	
7409.07	9360.63	7456.86	
7353.95	9370.11	7428.57	
7322.89	9398.38	7353.1	
7297.04	9435.66	7273.53	
7270.61	9458.2	7211.33	
7244.85	9474.01	7155.77	
7119.51	9525.26	7023.77	
6888.33	9427.57	6787.81	
6309.74	8654.41	6251.55	
5571.03	7646.78	5555.16	
4966.14	6864.9	4976.23	
4593.32	6411.86	4620.18	
4422.7	6229.9	4448.2	
4375.39	6207.04	4407.89	
4323.21	6203.45	4382.09	
4302.71	6205.35	4339.06	
4291.04	6211.65	4296.25	
4281.52	6228.25	4250.32	
4285.23	6235.4	4216.8	
4244.22	6246.83	4179.92	
4201.32	6247.4	4151.4	
4148.98	6222.67	4109.24	
4014.9	6079.22	4008.91	
3630.6	5559.2	3654.36	
3038.41	4554.86	3065.76	
2221.92	3001.09	2212.29	
1921.77	2438.91	1883.17	
1860.57	2303.54	1809.79	
1866.28	2260.64	1782.77	
1843.79	2237.44	1765.42	
1821.32	2220.14	1746.91	
1791.08	2204.42	1743.57	
1761.75	2190.86	1758.98	
1730.23	2176.34	1750.31	
1692.42	2149.86	1716.05	
1618.54	2097.78	1646.84	
1524.76	2028.12	1536.68	
1476.86	1987.21	1475	
1459.64	1966.62	1440.89	
1459.68	1949.69	1414.67	
1451.63	1934.96	1385.38	
1434.13	1919.66	1377.09	
1398.4	1909.22	1375.86	
1374.55	1897.39	1371.87	
7708.32	9180.08	7664.27	
7679.92	9193.29	7646.15	
7633.05	9221.82	7613.16	
7575.56	9246.26	7579.05	
7501.23	9272.56	7534.77	
7435.73	9295.01	7483.47	
7389.03	9324.46	7428.23	
7393.75	9333.66	7377.89	
7414.59	9326.51	7333.36	
7370.9	9329.07	7291.68	
7288.59	9318.09	7172.1	
6999.46	9107.91	6917.07	
6250.62	8251.79	6220.2	
5176.1	6791.91	5215.93	
4726.69	6240.82	4784.09	
4557.06	6143.48	4602.99	
4482.78	6124.04	4522.22	
4432.51	6120.88	4474.76	
4392.47	6128.94	4429.26	
4355.95	6132.06	4394.03	
4349.72	6146.05	4356.36	
4356.98	6157.79	4317.11	
4348.36	6160.58	4278.59	
4332.22	6158.83	4248.57	
4303.26	6136.13	4234.77	
4238.61	6097.4	4214.56	
4025.49	5852.83	4016.84	
3405.38	4912.49	3426.73	
2585.92	3574.5	2620.59	
2120.96	2761.17	2133.56	
1911.85	2339.68	1897.13	
1878.49	2256.43	1840.13	
1870.13	2231.75	1811.71	
1878.85	2216.43	1780.42	
1851.79	2201.37	1767.68	
1820.38	2184.51	1757.37	
1785.92	2166.98	1765.51	
1753.38	2146.93	1756.73	
1709.54	2117.29	1723.54	
1620.62	2055.81	1641.68	
1538.44	1990.5	1564.03	
1493.84	1953.91	1515	
1472.07	1933.82	1486.86	
1464.5	1921.23	1457.34	
1465.04	1906.9	1436.3	
1456.67	1889.51	1414.35	
1438.2	1872.86	1399.22	
1424.75	1863.97	1405.91	
7909.99	8984.92	7859.66	
7889.48	8992.48	7841.01	
7842.61	9012.97	7793.22	
7763.66	9051.39	7739.53	
7690.99	9087.83	7692.44	
7598.5	9146.32	7620.59	
7553.95	9173.59	7574.84	
7509.09	9215.42	7500.21	
7488.37	9228.05	7451.46	
7463.69	9228.91	7393.77	
7407.37	9138.29	7346.37	
7127.87	8810.72	7065.43	
6124.38	7762.7	6113.18	
5051.05	6501.71	5099.96	
4664.56	6032.06	4741.1	
4596.6	5982.1	4668.26	
4566.86	5979.97	4631.38	
4532.91	5991.79	4578.64	
4495.69	6009.27	4527.33	
4470.37	6025.74	4484.91	
4452.14	6045.74	4443.2	
4442.03	6057.5	4404.89	
4414.7	6083.48	4344.7	
4388.71	6083.74	4300.5	
4341.63	6068.07	4294.88	
4285.58	5998.41	4260.03	
4056.55	5675.48	4068.39	
3202.63	4418.04	3271.73	
2274.36	2967.06	2354.65	
1963.58	2426.31	2014.72	
1899.43	2291.41	1919.88	
1881.46	2231.82	1866.2	
1877.93	2211.2	1833.01	
1879.17	2196.85	1809	
1880.12	2182.86	1784.9	
1850.31	2166.61	1777.09	
1813.51	2147.41	1766.75	
1775.07	2124.39	1767.67	
1721.98	2083.31	1724.18	
1633.16	2014.4	1644.61	
1549.88	1960.35	1581.29	
1501.84	1928.49	1551.99	
1480.55	1909.03	1530	
1467.15	1895.41	1503.6	
1465.17	1882.06	1482.99	
1460.01	1865.17	1458.23	
1463.67	1842.1	1441.67	
1452.68	1823.59	1436.31	
7985.19	8921.23	7956.25	
7994.4	8905.63	7915.35	
7958.58	8899.31	7884.69	
7916.75	8902.73	7859.17	
7857.28	8922.71	7837.46	
7821.94	8931.4	7832.21	
7766.03	8967.14	7787.07	
7712.27	9001.15	7743.89	
7659.27	9022.5	7683.05	
7624.46	8996.02	7632.88	
7511.54	8926.95	7487.42	
7076.62	8513.6	7048.25	
5987.22	7352.04	5984.65	
4965.16	6259.67	5017.84	
4689.93	5962.74	4760.1	
4632.73	5912.78	4720.6	
4618.99	5903.26	4691.68	
4600.13	5902.61	4658.13	
4588.85	5900.84	4622.27	
4585.31	5913.53	4585.12	
4573.8	5922.91	4549.62	
4554.79	5940.43	4501.08	
4520.5	5956.24	4449.71	
4481.38	5967.19	4414.16	
4437.72	5955.01	4383.06	
4324.79	5856.1	4338.78	
3982.29	5428.13	4074.75	
3028.1	4122.72	3220.81	
2112.1	2714.18	2293.35	
1891.07	2314.49	2002.66	
1876.26	2239.59	1916.63	
1871.23	2217.32	1887.55	
1873.2	2194.95	1859.3	
1879.89	2177.5	1831.58	
1884.83	2164.1	1812.57	
1879.3	2147.17	1788.52	
1845.21	2124.65	1778.97	
1804.79	2097.63	1757.42	
1744.82	2055.21	1722.45	
1643.42	1981.78	1652.01	
1563.22	1931.43	1596.94	
1518.69	1907.91	1580.89	
1490.23	1889.78	1556.72	
1476.57	1871.4	1551.91	
1468	1857.06	1531.07	
1469.76	1840.04	1507.73	
1466.15	1817.44	1483.36	
1457.56	1795.82	1467.27	
8032.17	8884.29	7980.46	
8018.8	8868.37	7957.81	
8016.79	8846.26	7920.94	
7984.57	8836.6	7916.09	
7954.76	8829.02	7914.39	
7916.7	8841.01	7925.2	
7883.09	8848.49	7943.23	
7855.9	8836.57	7925.53	
7827.11	8825.3	7897.54	
7768.9	8798.35	7814.36	
7537.28	8644.56	7553.92	
6876.88	8052.18	6865.2	
5791.87	6910.03	5801.59	
4960.86	6097.59	5006.06	
4717.6	5897.2	4782.06	
4682.01	5866.77	4744.6	
4650.2	5855.19	4733.18	
4642.61	5838.81	4711.32	
4639.19	5842.74	4679.73	
4639.81	5845.03	4646.12	
4644.88	5855.08	4612.68	
4629.08	5854.61	4578.17	
4629.2	5835.82	4554.75	
4611.64	5821.06	4539.18	
4576.89	5803.28	4505.06	
4396.87	5692.59	4407.34	
3709.31	5088.12	4081.25	
2701.75	3733.08	3189.86	
2005.5	2640.82	2375.52	
1864.78	2270.6	1991.42	
1854.2	2218.39	1931.31	
1863.65	2198.3	1908.34	
1869.67	2176.76	1880.14	
1882.36	2158.72	1858.95	
1886.19	2143.8	1834.88	
1882.71	2125.45	1816.93	
1869.53	2100.69	1789.62	
1840.14	2068.08	1759.35	
1760.44	2020.8	1708.25	
1657.2	1960.72	1648.03	
1580.15	1906.31	1615.35	
1542.47	1886.46	1583.04	
1516.92	1870.3	1575.31	
1498	1853.69	1576.78	
1480.85	1835.03	1574.13	
1471.48	1814.95	1547.97	
1471.59	1793.86	1519.4	
1469.98	1776.8	1502.01	
8076.32	8824.71	8040.27	
8067.38	8815.14	8006.57	
8055.39	8798.04	7992.53	
8042.27	8786	7960.92	
8007.31	8784.26	7962.49	
7972.26	8793.61	7983.78	
7930.39	8792.28	7999.02	
7894.15	8780.35	7995.47	
7883.13	8758.68	7950.42	
7828.24	8705.91	7879.01	
7503.91	8380.11	7538.54	
6632.46	7486.75	6637.62	
5564.12	6440.15	5559.98	
4972.85	5914.2	4999.38	
4809.14	5804.79	4846.3	
4749.43	5789.21	4799.15	
4723.99	5784.34	4777.3	
4689.59	5793.97	4754.72	
4674.79	5792.03	4726.93	
4677.18	5792.37	4701.15	
4680.31	5790.12	4675	
4670.94	5781.38	4650.91	
4675.98	5767.79	4625.76	
4690.59	5751.24	4590.44	
4651.25	5716	4564.06	
4409.34	5529.27	4440.98	
3555.26	4710.97	3990.01	
2271.62	3409.08	3334.55	
1950.02	2507.15	2298.32	
1862.17	2256.53	2007.4	
1834.74	2200.18	1950.39	
1853.23	2178.95	1922.09	
1869.21	2159.37	1903.29	
1873	2137.55	1880.52	
1883.59	2121.42	1864.67	
1882.62	2105.53	1841.19	
1873.03	2078.12	1806.21	
1843.06	2046.83	1770.77	
1771.94	2002.95	1716.88	
1663.5	1929.47	1624.97	
1607.03	1892.17	1580.6	
1575.42	1866.92	1574.47	
1550.88	1849.54	1578.17	
1528.6	1834.61	1583.8	
1505.79	1818.37	1580.49	
1488.56	1796.36	1568.27	
1483.08	1770.81	1548.45	
1489.4	1755.85	1524.85	
8163.39	8713.94	8149.96	
8159.73	8710.29	8134.55	
8147.17	8708.31	8099.33	
8118.22	8715.48	8062.3	
8084.08	8724.85	8036.15	
8033.35	8730.85	8036.89	
7975.87	8736.91	8034.44	
7937.96	8733.66	8021.47	
7915.15	8716.46	7994.08	
7856.74	8632.79	7915.17	
7517.94	8221.83	7558.7	
6426.1	7092	6425.52	
5369.51	6065.52	5348.99	
5036.44	5743.88	5016.42	
4933.88	5670.68	4934.2	
4882.3	5669.12	4895.53	
4824.58	5690.19	4861.39	
4778.46	5710.02	4830.46	
4759.35	5714.25	4813.04	
4749.33	5707.52	4790.87	
4725.57	5705.02	4762.99	
4727.35	5707.67	4731.51	
4718.82	5708.78	4682.38	
4720.4	5696.26	4643.71	
4676.92	5647.17	4600.81	
4428.57	5385.86	4463.04	
3457.93	4410.88	3907.43	
2390.16	3091.84	2865.11	
1927.87	2437.72	2287.32	
1863.77	2225.46	2016.39	
1854.97	2176.61	1959.38	
1842.8	2154.25	1942.27	
1854.85	2136.43	1922.63	
1860.42	2119.13	1905.19	
1869.49	2103.71	1887.57	
1867.93	2085.57	1863.84	
1857.07	2060.83	1830.62	
1825.46	2030.14	1788.69	
1765.58	1982.85	1722.61	
1683.84	1918.09	1622.11	
1633.95	1871.95	1546.66	
1604.88	1850.62	1550.6	
1583.64	1833.57	1570.16	
1558	1817.11	1583.21	
1539.3	1796.83	1571.81	
1522.76	1777.36	1555.64	
1514.58	1755.95	1541.04	
1512.65	1738.98	1532.96	
8225.55	8633.59	8264.72	
8240.45	8626.89	8234.06	
8245.06	8626.98	8196.61	
8226	8626.58	8166.95	
8181.95	8625.86	8145.14	
8126.18	8631.15	8121.66	
8080.48	8632.22	8108.47	
8046.16	8633.78	8097.38	
7999.6	8616.4	8069.91	
7890.76	8501.64	7960.75	
7484.52	8085.77	7523.17	
6256.42	6826.73	6250.44	
5318.53	5865.29	5273.6	
5076.22	5631.76	5026.48	
5020.42	5591.67	4979.27	
4973.12	5583.81	4967.59	
4933.1	5590.61	4956.85	
4907.27	5591	4957.45	
4881.08	5592.26	4940.45	
4848.83	5598.3	4908.06	
4834.43	5599.59	4875.12	
4816.3	5609.17	4824.81	
4806.22	5614.79	4784.81	
4784.38	5591.12	4746.91	
4716.2	5508.59	4678.73	
4385.56	5187.09	4440.07	
3542.63	4212.94	3685.07	
2433.32	2887.78	2622.97	
1978.52	2318.51	2145.69	
1889.93	2187.22	2029.82	
1877.14	2146.05	1975.81	
1865.37	2124.1	1959.79	
1846.64	2110.81	1946.56	
1850.81	2097.42	1928.13	
1848.59	2084.43	1910.27	
1849.9	2067.58	1887.51	
1831.49	2046.62	1854.44	
1802.53	2013.06	1810.62	
1756.41	1959.77	1727.9	
1690.74	1894.09	1619.68	
1649.31	1855.33	1563.98	
1634.53	1834.54	1538.12	
1610.38	1816.48	1556.88	
1591.12	1799.93	1568.26	
1576.13	1779.9	1559.68	
1562.74	1758.05	1541.98	
1551.34	1740.54	1517.08	
1539.24	1723.47	1514.46	
8258.42	8594.2	8309.9	
8285.96	8592.6	8281.85	
8305.06	8583.93	8247.59	
8296.93	8561.35	8226.26	
8265.27	8538.94	8217.13	
8229.75	8523.67	8213.08	
8197.64	8514.37	8213.42	
8166.39	8506.11	8207.45	
8122.44	8485.56	8179.79	
7947.09	8368.96	8000.18	
7264.78	7753.4	7302.71	
6131.31	6610.34	6120.58	
5305.54	5763.64	5255.67	
5103.14	5574.61	5037.65	
5057.54	5547.5	5002.96	
5032.61	5534.28	5007.42	
5008.97	5523.13	5026.15	
4984.71	5519.5	5025.76	
4951.67	5518.41	5014.59	
4924.34	5518.91	5001.37	
4915.77	5513.86	4958.13	
4923.23	5503.26	4928.54	
4920	5494.59	4903.88	
4894.78	5471.85	4870.37	
4749.84	5345.73	4742.76	
4348.9	4931.33	4356.54	
3395.25	3863.05	3425.62	
2414.2	2715.27	2469.02	
2024.18	2244.69	2083.41	
1933.19	2134.53	2000.27	
1911.33	2110.93	1987.75	
1891.63	2098.49	1980.68	
1869.34	2085.19	1966.96	
1847.91	2075.74	1954.48	
1844.54	2062.33	1936.18	
1829.72	2048.36	1906.45	
1817.81	2033.08	1878.36	
1794.31	2002.62	1828.98	
1740.79	1926.87	1721.16	
1694.63	1863.28	1636.15	
1666.73	1834.29	1589.76	
1648.67	1814.44	1570.96	
1638.11	1798.58	1553.96	
1627.21	1776.98	1550.6	
1608.02	1762.78	1550.76	
1595.26	1743.58	1532.5	
1582.21	1723.26	1517.84	
1576.08	1709.91	1508.52	
8319.74	8558.68	8341.63	
8322.17	8555.48	8314.88	
8339.43	8538.6	8290.02	
8338.47	8511.64	8278.25	
8320.27	8483.33	8258.72	
8287.93	8467.83	8262.08	
8250.38	8460.71	8276.22	
8213.93	8446.48	8272.74	
8183.07	8422.41	8223.29	
7980.23	8253.44	8019.01	
7151.24	7489.2	7172.28	
5879.01	6260.21	5866.9	
5264.63	5665.36	5220.79	
5127.5	5533.5	5070.44	
5101.54	5501.89	5038.09	
5079.81	5491.81	5034.66	
5052.85	5486.68	5042.93	
5018.41	5483.98	5052.73	
4989.5	5477.03	5051.62	
4972.28	5468.45	5033.02	
4963.96	5459.4	5015.04	
4966.63	5448.21	4983.86	
4975.64	5437.47	4956.05	
4951.29	5406.47	4932.7	
4821.42	5275.95	4815.11	
4207.65	4618.98	4195.85	
3130.72	3423.17	3116.43	
2324.44	2505.85	2318.15	
2039.82	2183.15	2043.21	
1969.86	2109.58	1986.31	
1945.77	2087.34	1987.5	
1922.88	2074.68	1992.32	
1894.52	2063.22	1985.61	
1870.21	2053.06	1972.91	
1847.56	2047.09	1948.11	
1831.92	2032.93	1925.57	
1817.89	2017.49	1889.58	
1797.93	1984.33	1832.41	
1741.96	1903.48	1732.02	
1691.37	1837.06	1649.43	
1682.18	1803.45	1623.17	
1668.04	1787.61	1603.61	
1653.62	1772.31	1586.23	
1636.98	1763.42	1562.78	
1634.11	1745.15	1548.03	
1613.36	1727.37	1546.28	
1609.74	1709.11	1531.5	
1606.34	1698.81	1511.42	
8397.79	8488.76	8376.29	
8396.37	8478.82	8377.32	
8390.78	8462.34	8369.42	
8378.96	8450.67	8346.33	
8362.12	8433.17	8327.28	
8330.14	8424.98	8319.15	
8288.13	8419.81	8319.26	
8260.99	8406.41	8302.4	
8213.17	8366.59	8258.55	
8028.31	8178.01	8056.64	
7133.34	7335.15	7139.22	
5715.32	6035.28	5694.31	
5228.88	5572.98	5205.02	
5152.57	5489.63	5112.2	
5132.13	5471.12	5072.09	
5114.89	5459.08	5047.59	
5082.19	5455.89	5051.66	
5056.09	5449.35	5058.65	
5031.04	5440.19	5059.42	
5012.56	5427.97	5060.06	
4999.95	5418.93	5042.44	
4989.27	5412.6	5021.7	
4984.82	5398.8	5003.56	
4973.51	5374.86	4974.6	
4852.66	5238.34	4849.71	
4178.48	4492.89	4164.21	
2872.4	3035.83	2821.46	
2220.58	2320.66	2174.43	
2042.47	2133.63	2017.12	
1999.97	2094.56	1984.01	
1976.21	2074.73	1984.05	
1945.62	2057.77	1991.38	
1919.96	2046.05	1991.17	
1896.32	2040.99	1967.73	
1875.81	2033.02	1943.95	
1859.34	2027.46	1920.74	
1842.79	2007.76	1892.91	
1806.68	1957.37	1830.77	
1743.25	1876.87	1733.11	
1702.39	1809.7	1673.41	
1685.63	1781.24	1645.37	
1683.93	1763.24	1630.63	
1648.81	1759.12	1613.59	
1626.9	1747.48	1591.61	
1617.01	1735.22	1576.72	
1627.16	1714.75	1563.37	
1610.92	1694.93	1552.71	
1605.75	1684	1545.23	
8501.61	8395.29	8441.45	
8484.43	8384.23	8449.07	
8457.39	8381.04	8458.97	
8437.25	8366.56	8443.78	
8416.38	8357.85	8432.65	
8390.63	8348.07	8408.23	
8365.33	8340.61	8386.07	
8336.39	8328.79	8361	
8271.66	8269.5	8296.08	
8008.13	8035.46	8028.39	
7028.04	7167.11	7032.92	
5694.49	5944.99	5678.18	
5234.72	5522.75	5212.55	
5154.57	5460.17	5139.99	
5152.4	5442.46	5108.71	
5137.44	5432.58	5086.51	
5126.04	5419.54	5068.81	
5100.99	5406.85	5058.28	
5076.39	5399.53	5049.26	
5053.02	5390.63	5054.12	
5029.04	5385.56	5066.31	
5009.83	5376.96	5067.51	
4996.26	5365.2	5054.68	
4980.17	5338.1	5013.3	
4857.6	5197.55	4868.69	
4162.73	4418.46	4143.2	
2772.39	2880.52	2712.73	
2163.05	2210.33	2084.03	
2056.06	2105.87	1992.42	
2028.64	2081.99	1988.55	
1996.31	2062.44	1985.14	
1967.31	2045.24	1981.48	
1945.74	2039.29	1966.45	
1926.38	2034.63	1950.32	
1908.75	2030.61	1928.29	
1893.77	2019.76	1910.65	
1871.24	1997.69	1886.02	
1816.74	1934.13	1824.34	
1758.33	1846.64	1743.64	
1713.32	1791.69	1690.26	
1690.43	1763.34	1664.47	
1655.17	1759.32	1650.59	
1633.19	1751.34	1635.67	
1604.5	1741.22	1624.66	
1591.11	1720.35	1605.67	
1590.09	1704.14	1590	
1592.02	1686.79	1580.86	
1601.05	1661.74	1576.46	
8568.73	8335.7	8496.42	
8546.25	8326.99	8505.39	
8518.08	8312.32	8502.37	
8487.05	8308.22	8523.09	
8468.67	8284.72	8514.69	
8451.73	8269.54	8495.74	
8446.46	8248.7	8464.96	
8421.04	8225.87	8425.6	
8331.71	8165.76	8327.18	
7867.87	7793.97	7874.86	
6788.32	6830.01	6801.72	
5699.54	5860.41	5695.34	
5248.25	5482.87	5234.18	
5190.99	5429.88	5165.61	
5170.54	5410.54	5152.75	
5169.76	5393.51	5132.23	
5159.77	5378.19	5105.57	
5143.51	5369.4	5069.9	
5121.64	5358.75	5051.02	
5090.61	5355.49	5055.6	
5061.18	5350.98	5084.97	
5034.33	5349.36	5108.21	
5024.28	5336.6	5091.78	
4995.98	5299.5	5052.61	
4836.62	5118.24	4863.57	
4062.43	4270.02	4039.69	
2715.88	2783.15	2645.7	
2159.76	2178.47	2073.08	
2076.87	2088.73	1979.01	
2046	2065.87	1978.66	
2020.31	2049.25	1982.5	
1994.92	2036.07	1964.84	
1973.2	2030.67	1943.35	
1952.16	2030.18	1924.48	
1934.56	2024.27	1913.74	
1918.36	2010.38	1900.69	
1891.61	1984.6	1881.14	
1837.31	1920.77	1830.76	
1763.58	1828.02	1750.43	
1729.93	1780.2	1702.5	
1674.93	1764.94	1685.45	
1635.55	1752.75	1671.69	
1600.7	1751.51	1662.66	
1587.23	1730.31	1646.44	
1573.45	1710.13	1628.48	
1550.49	1695.29	1615.61	
1573.6	1674.69	1606.19	
1583.24	1658.22	1596.64	
8604.07	8308.37	8554.12	
8592.22	8276.02	8530.12	
8568.2	8261.55	8549.05	
8544.59	8246.68	8552.52	
8510.97	8238.7	8558.43	
8491.92	8216.87	8544.94	
8480.24	8201.18	8509.52	
8470.79	8177.06	8454.97	
8316.04	8042.19	8301.88	
7734.93	7528.09	7729.87	
6522.51	6442.18	6527.9	
5581.07	5636.26	5595.39	
5309.7	5419.09	5308.34	
5239.66	5362.06	5235.23	
5219.33	5352.71	5207.26	
5203.49	5342.99	5188.3	
5198.52	5336.55	5148.91	
5186.25	5324.51	5108.16	
5162.4	5319.17	5089.32	
5131.62	5321.13	5092.67	
5096.27	5323.66	5111.62	
5077.47	5314.78	5123.58	
5059.47	5302.76	5130.55	
5029.48	5263.98	5083.24	
4792.7	5013.07	4817.42	
3881.08	4006.93	3844.81	
2658.31	2678.24	2572.95	
2175.84	2158.14	2076.59	
2089.53	2066.48	1998.66	
2068.35	2045.98	1975.05	
2047.96	2032.31	1965.59	
2025.61	2022.64	1951.13	
1998.27	2017.97	1931.25	
1974.19	2015.39	1909.49	
1956.98	2005.83	1897.79	
1939.75	1992.35	1897.56	
1913.66	1967.71	1884.62	
1854.31	1905.78	1837.66	
1771.73	1822.18	1763.15	
1713.14	1782.08	1729.72	
1670.04	1760.91	1707.65	
1618.41	1751.39	1695.93	
1596.49	1733.39	1681.75	
1581.47	1716.95	1667.88	
1563.19	1694.93	1650.77	
1559.92	1679.46	1637.89	
1561.78	1664.76	1629.09	
1569.56	1650.51	1623.46	
8660.78	8223.77	8608.25	
8643.71	8223.32	8606.54	
8630.17	8200.07	8595.18	
8603.87	8191.65	8602.04	
8570.29	8186.08	8595.34	
8537.34	8179.12	8582.97	
8523.23	8160.51	8542.2	
8482.42	8109.7	8487.77	
8328.97	7946.69	8313.33	
7545.51	7205.56	7527.6	
6245.01	6076.83	6240.4	
5543.11	5454.22	5552.48	
5360.95	5294.85	5394.93	
5311.93	5265.66	5340.27	
5286.28	5260.35	5307.56	
5271.06	5269.49	5259.61	
5257.17	5272.05	5218.1	
5245.11	5268.64	5185.15	
5223.02	5268.16	5156.75	
5183.19	5277.78	5142.53	
5158.78	5279.17	5144.51	
5139.63	5273.36	5149.12	
5114.42	5263.6	5136.86	
5061.51	5220.68	5089.8	
4776.43	4892.46	4764.08	
3738.38	3753.41	3654.12	
2605.94	2543.73	2482.38	
2214.43	2134.37	2099.68	
2115.69	2040.39	2009.44	
2091.09	2018.03	1984.28	
2073.74	2009.73	1958.82	
2051.7	2002.43	1948.22	
2021.95	1995.23	1928.01	
1996.87	1987.12	1911.06	
1980.09	1977.17	1905.38	
1960.46	1967.01	1903	
1931.34	1944.57	1892.7	
1872.89	1899.13	1854.57	
1788.48	1832.84	1803.31	
1709.43	1779.44	1757.18	
1654.21	1755.83	1733.04	
1633.12	1733.68	1714.88	
1608.36	1711.88	1706.37	
1587.02	1693.02	1692.07	
1578.8	1672.43	1680.86	
1574.7	1651.61	1667.35	
1572.74	1640.73	1656.32	
1574.59	1634.07	1642.29	
8772.37	8108.48	8715.75	
8749.13	8109.86	8709.89	
8712.76	8118.25	8698.86	
8681.5	8116.45	8683.89	
8657.81	8105.8	8675.69	
8636.21	8095.97	8653.57	
8615.89	8074.14	8635.08	
8548.32	7995.29	8554.65	
8249.96	7724.87	8239.72	
7355.72	6963.35	7333.02	
6037.82	5760.27	6018.39	
5532.79	5316.23	5535.24	
5400.71	5219.24	5422.59	
5350.94	5199.81	5413.78	
5337.68	5194.54	5379.82	
5327.49	5194.37	5341.38	
5321.14	5202.12	5298.46	
5310.21	5207.13	5261.71	
5290.47	5208.49	5237.2	
5279.94	5203.42	5222.15	
5255.51	5210.31	5206.04	
5219.27	5214.93	5181.94	
5206.03	5204.21	5145.69	
5143.74	5140.16	5075.67	
4813.49	4753.67	4691.64	
3728.49	3553.42	3511.75	
2673.37	2453.97	2449.43	
2267.02	2078.81	2089.77	
2164.18	2003.76	2017.43	
2112.48	1988.61	1988.21	
2093.51	1980.33	1969.55	
2072.33	1973.96	1947.33	
2046.38	1964.78	1935.64	
2022.01	1951.83	1926.46	
1998.52	1950.86	1923.73	
1974.95	1944.04	1920.54	
1944.58	1931.88	1912.33	
1897.6	1906.18	1892.33	
1810.73	1844.46	1838.02	
1716.93	1775.02	1779.24	
1675.57	1741.45	1754.94	
1654.82	1714.66	1741.07	
1630.44	1688.93	1726.83	
1605.86	1662.94	1721.76	
1594.19	1645.77	1708.98	
1589.37	1623.2	1696.35	
1593.96	1613.19	1668.82	
1601.09	1613.26	1651.09	
8858.46	8042.81	8777.6	
8827.26	8036.64	8784.65	
8791.65	8034.91	8803.48	
8765.09	8031.5	8797.04	
8757.92	8010.9	8769.05	
8755.38	7981.86	8754.37	
8736.49	7960.8	8733.8	
8649.97	7897.37	8640.11	
8105.44	7481.41	8092.27	
6902.55	6442.94	6875.58	
5949.13	5598.77	5922.83	
5523.4	5223.62	5506.23	
5432.4	5169.36	5445.04	
5399.02	5156.09	5435.94	
5364.3	5153.13	5426.85	
5352.46	5149.06	5395.29	
5352.26	5147.92	5358.96	
5343.71	5147.83	5332.02	
5347.95	5146.57	5306.86	
5352.59	5152.48	5279.02	
5331.87	5144.71	5260.29	
5308.47	5141.4	5237.42	
5296.94	5113.95	5186.09	
5342.46	4981.5	5017.17	
5016.64	4557.36	4558.86	
3992	3395.76	3404.3	
2867.42	2338.01	2379.52	
2408.72	2019.51	2076.13	
2186.78	1966.67	2022.41	
2135.62	1956.73	2007.66	
2108.63	1948.21	1978.95	
2088.69	1939.01	1957.12	
2066.87	1929.93	1948.55	
2038.39	1935.19	1952.66	
2010.36	1937.82	1951.36	
1984.52	1936.96	1950.14	
1956.23	1929.91	1944.28	
1915.91	1910.67	1924.71	
1833.53	1856.92	1873.04	
1751.45	1785.27	1813.83	
1706.61	1730.21	1772.55	
1674.71	1698.45	1758.19	
1651.29	1667.84	1750.03	
1629.31	1640.49	1737.13	
1606.92	1617.79	1731.64	
1614.03	1614.69	1701.53	
1621.75	1606.04	1673.35	
1626.69	1599.53	1650.55	
8898.26	8006.28	8818.97	
8876.75	8001.17	8845.17	
8850.22	7985.12	8862.7	
8825.29	7965.83	8864.82	
8817.81	7943.52	8837.15	
8813.49	7924.43	8797.97	
8802.41	7896.14	8772.45	
8687.98	7819.66	8663.43	
8043.71	7304.27	8026.25	
6603.67	6076.64	6577.3	
5766.11	5356.65	5727.06	
5534.5	5178.61	5509.27	
5475.93	5134.24	5452.58	
5432.47	5122.55	5453.65	
5389.23	5114.36	5456.24	
5376.53	5110.5	5437.31	
5370.27	5103.68	5413.3	
5370.37	5099.17	5381.47	
5370.88	5103.83	5348.62	
5368.83	5104.4	5322.79	
5369.3	5100.88	5301.07	
5348.8	5085.09	5280.28	
5359.08	5053.06	5234.42	
5410.59	4882.47	5022.86	
5627.12	4149.72	4208.84	
4663.69	3090.17	3125.39	
3428.56	2224.11	2296.63	
2405.98	1970.09	2072.13	
2207.52	1929.67	2031.49	
2154.27	1915.29	2018	
2124.85	1909.87	2001.86	
2102.64	1902.99	1979.21	
2078.71	1910.26	1977.19	
2049.2	1925.82	1982.31	
2020.82	1935.6	1985.98	
1995.02	1936.39	1982.02	
1963.24	1933.85	1975.13	
1923.6	1918.47	1956.35	
1871.71	1879.84	1923.99	
1794.44	1805.24	1858.95	
1730.31	1734.85	1805.78	
1691.47	1683.54	1774.74	
1670.49	1651.82	1761.29	
1651.72	1624.3	1752.19	
1643.47	1611.27	1725.11	
1641.05	1609.82	1701.61	
1648	1608.79	1668.32	
1650.9	1602.37	1650.51	
8954.81	7935	8909.95	
8933.97	7954.04	8909.23	
8908.34	7937.76	8917.52	
8884.91	7904.11	8916.48	
8859.42	7887.62	8886.39	
8860.17	7873.42	8837.26	
8838.13	7849.3	8794.45	
8706.83	7729.14	8673.3	
7996.37	7117.99	7971.9	
6524.63	5909.85	6496.7	
5695.69	5246.58	5661.83	
5545.75	5128.85	5498.89	
5504.11	5105.05	5478	
5467.86	5090.1	5461.69	
5433.07	5079.22	5470.93	
5401.38	5076.19	5478.51	
5393.7	5067.46	5449.61	
5386.07	5064.11	5412.81	
5382.89	5063.37	5384.46	
5383.54	5059.79	5361.22	
5371.3	5056.27	5335.91	
5371.2	5052.76	5305.6	
5391.39	5027.52	5258.99	
5449.57	4812.75	5021.58	
5620.32	3885.98	4008.39	
6068.07	2612.86	2650.75	
3362.87	2122.36	2237.92	
2413.81	1927.76	2078.89	
2224.86	1882.23	2049.07	
2173.27	1869.41	2035.41	
2139.22	1865.25	2024.88	
2113.02	1885.29	2020.14	
2085.79	1904.43	2012.83	
2055.54	1920.64	2014.82	
2028.48	1937.38	2014.57	
2000.9	1946.37	2013.45	
1967.82	1938.71	2004.27	
1930.44	1926.83	1991.1	
1892.81	1900.46	1963.39	
1836.62	1837.93	1916.41	
1751.32	1730.78	1832.44	
1707.31	1670.22	1788.5	
1686.73	1639.47	1774.71	
1678.7	1623.86	1745.02	
1675.3	1612.05	1720.55	
1670.9	1611.36	1690.52	
1667.63	1610.59	1664.24	
1671.29	1601.79	1640.55	
9107.39	7773.73	9087.03	
9069.74	7794.76	9060.58	
9045.44	7795.77	9044.95	
9015.99	7791.72	9020.88	
8988.77	7785.64	8982.19	
8953.25	7773.05	8939.12	
8893.16	7710.83	8858.39	
8681.49	7532.99	8647.3	
7938.92	6913.69	7913.65	
6417.46	5725.67	6386.74	
5697.11	5189.59	5658.96	
5571.12	5096.49	5536.85	
5536.62	5067.99	5482.57	
5505.54	5051.01	5482.6	
5472.77	5044.37	5491.51	
5442.63	5038.21	5497.16	
5415.23	5035.46	5482.38	
5399.19	5028.15	5446.82	
5402.03	5025.8	5414.1	
5390.75	5023.28	5388.6	
5390.34	5023.95	5356.85	
5389.33	5016.96	5324.42	
5400.2	4985.32	5268.94	
5441.49	4759.4	5005.04	
5557.75	3666.45	3832.97	
4245.15	2485.54	2640.47	
3233.91	2004.18	2180.44	
2442.07	1889.18	2098.96	
2236.51	1847.35	2068.26	
2181.31	1839.26	2055.95	
2150.77	1847.75	2052.96	
2119.99	1878.6	2050.68	
2089.42	1905.27	2047.81	
2061.75	1925.63	2043.56	
2033.4	1941.09	2042.41	
2006.65	1946.53	2039.16	
1968.79	1947.21	2033.95	
1934.34	1933.68	2018.76	
1904.61	1913.33	1999.2	
1856.69	1847.47	1943.52	
1780.61	1735.81	1857.14	
1724.69	1659.61	1800.93	
1711.14	1638.85	1763.83	
1703.68	1628.07	1740.93	
1700.92	1623.07	1710.78	
1695.71	1616.6	1682.91	
1693.74	1606.36	1652.76	
1691.88	1603.41	1632.29	
9275.41	7585.09	9298.44	
9295.3	7567.57	9289.21	
9277.69	7575.88	9252.18	
9251.47	7584.96	9206.87	
9207.17	7587.76	9173.54	
9167.63	7566.15	9140.81	
9032.69	7495.48	9016.85	
8602.96	7192.33	8585.66	
7546.01	6450.41	7528.07	
6322.8	5524.41	6295.05	
5768.47	5109.59	5734.59	
5626.36	5026.41	5581.58	
5584.85	5009.6	5541.95	
5560.86	4996.31	5528.69	
5524.62	4995.54	5521.35	
5487.02	4992.37	5518.73	
5445.71	4988.97	5515.66	
5428.52	4991.04	5481.35	
5418.59	4987.52	5443.18	
5424.39	4993.45	5405.67	
5422.15	4990.01	5374.52	
5404.13	4970.96	5339.14	
5378.38	4903.96	5244.2	
5379.48	4579.47	4859.53	
4592.14	3600.39	3845.23	
3295.09	2375.74	2614.37	
2660.45	1949.59	2204.22	
2417.3	1853.67	2115.72	
2238.3	1838.99	2094.6	
2188.44	1837.49	2086.68	
2158.98	1858.06	2082.55	
2126.39	1881.97	2077.78	
2092.8	1908.91	2076.21	
2066.96	1929.03	2071.81	
2042.66	1942.07	2069.27	
2005.47	1949.4	2064.78	
1971.47	1945.69	2056.2	
1935.07	1938.86	2047.73	
1913.25	1905.92	2021.27	
1879.25	1853.22	1971.94	
1799.81	1738.21	1866.86	
1755.26	1667.05	1795.2	
1737.89	1641.3	1759.29	
1728.69	1635.04	1731.85	
1722.48	1624.07	1707.11	
1721.72	1615.22	1674.33	
1719.09	1613.62	1647.47	
1717.54	1607.44	1620.52	
9362	7482.48	9429.15	
9381.81	7481.28	9387.78	
9410.26	7471.52	9342.38	
9385.19	7454.43	9325.12	
9368.17	7419.64	9317.67	
9322.74	7398.45	9297.74	
9206.37	7332.32	9197.96	
8490.48	6906.71	8487.53	
7046.48	5870.02	7052.24	
6197.87	5244.22	6194.74	
5856.77	4972.54	5831	
5745.88	4887.79	5707.3	
5704.19	4876.12	5670.86	
5648.78	4899.04	5620.48	
5600.29	4912.2	5584.37	
5550.22	4927.76	5566.58	
5498.01	4940.17	5544.56	
5457.46	4942.65	5518.22	
5457.19	4950.82	5471.98	
5462.29	4955.71	5425.07	
5457.7	4953.71	5390.39	
5405.57	4919.94	5338.58	
5284.42	4746.17	5127.85	
4825.82	4225.68	4573.8	
3875.72	3235.01	3555.68	
2886.75	2293.55	2608.27	
2420.45	1914.71	2220.56	
2294.67	1848.98	2144.23	
2247.35	1841	2126.83	
2199.31	1852.69	2121.19	
2163.47	1873.87	2112.28	
2130.81	1893.85	2106.82	
2098.63	1910.95	2104.44	
2072.69	1929.24	2102.14	
2047.84	1934.84	2095.65	
2013.11	1941.71	2088.47	
1967.25	1940.84	2080.14	
1951.08	1921.59	2063.18	
1931.67	1896.88	2045.65	
1892.35	1835.37	1979.76	
1833.71	1750.94	1878.78	
1785.1	1680.47	1794.21	
1760.12	1649	1753.91	
1751.38	1636.23	1729.83	
1744.28	1629.18	1704.63	
1741.33	1613.31	1676.45	
1742.11	1611.01	1641.73	
1741.82	1616.85	1621.57	
9411.91	7428.96	9473.95	
9434.84	7431.99	9439.18	
9451.41	7410.02	9404	
9459.43	7376.43	9388.62	
9433.59	7347.79	9385.83	
9387.04	7320.06	9373.05	
9259.13	7232.48	9249.07	
8497.58	6709.13	8495.21	
6949.86	5622.82	6965.39	
6060.45	4977.8	6094.16	
5869.81	4829.35	5880.46	
5828.63	4784.19	5813.71	
5800.7	4774.43	5760.07	
5754.28	4775.32	5726.77	
5709.57	4790.22	5690.18	
5646.05	4820.53	5646.82	
5580.03	4851.81	5605.03	
5533.59	4877.41	5559.7	
5497.84	4900.67	5506.52	
5483.75	4907.04	5451.03	
5456.99	4904.21	5396.16	
5380.26	4843.33	5296.88	
5027.91	4502.65	4931.48	
4164.31	3626.82	4045.12	
3197.85	2658.65	3073.28	
2596.48	2089.95	2479.34	
2347.34	1889.71	2247.71	
2264.38	1852.72	2181.58	
2238.07	1856.77	2161.81	
2208.94	1863.64	2150.33	
2168.75	1880.21	2141.84	
2135.93	1898.07	2138.38	
2107.65	1915.11	2133.52	
2074.35	1920.21	2134.66	
2049.92	1928.63	2126.73	
2021.25	1925.55	2115.96	
1996.62	1912.08	2092.5	
1975.03	1898.36	2078.91	
1958.25	1871.74	2052.42	
1922.12	1826.82	1994.54	
1865.98	1745.39	1887.3	
1808.96	1685.57	1796.76	
1783.89	1657.96	1756.09	
1770.04	1640.27	1728.94	
1765.95	1623.55	1707.22	
1760.72	1619.05	1681.44	
1761.18	1608.52	1650.72	
1766.8	1602.38	1619.4	
9550.22	7303	9572.22	
9548.98	7298.49	9556.61	
9566.86	7273.32	9538.7	
9541.03	7272.04	9502.01	
9494.59	7282.13	9461.36	
9460.81	7237.77	9435.64	
9308.86	7111.35	9295.7	
8585.45	6569.52	8578.3	
6962.8	5488.48	6979.27	
6033.87	4870.27	6072.64	
5853.36	4756.85	5905.01	
5848.57	4732.37	5858.51	
5832.45	4716.41	5822.46	
5827.26	4707.28	5780.51	
5785.27	4698.93	5758.65	
5740.62	4707.49	5734.39	
5699.66	4724.48	5701.8	
5628.02	4770.92	5641.89	
5560.83	4797.05	5570.36	
5480.46	4809.6	5470.4	
5379.25	4769.69	5339.8	
5192.85	4626.82	5133.92	
4623.54	4069.03	4550.41	
3556.14	2997.82	3484.09	
2743	2200.33	2683.64	
2432.55	1915.17	2377.23	
2319.82	1842.94	2266.15	
2274.89	1839.44	2218.4	
2240.05	1853.02	2198.01	
2209.88	1863.33	2181.87	
2177.45	1881.3	2176.66	
2144.95	1901.1	2168.74	
2111.96	1905.65	2167.28	
2079.19	1915.27	2162.12	
2049.41	1917.03	2163.71	
2037.27	1901.94	2136.82	
2022.06	1882.06	2108.58	
2010.79	1864.19	2079.54	
1991.13	1846.82	2057.05	
1958.34	1801.95	1999.63	
1884.68	1735	1897.49	
1832.31	1679.47	1807.06	
1803.04	1652.84	1765.08	
1789.47	1633.43	1740.03	
1781.53	1619.6	1714.38	
1785.17	1611.86	1692.18	
1784.22	1606.28	1664.52	
1786.91	1601.2	1651.76	
9809.63	7056.85	9793.03	
9800.46	7047.7	9789.02	
9755.98	7063.07	9756.13	
9699.16	7085.69	9697.49	
9668.05	7091.15	9653.46	
9609.04	7080.8	9584.06	
9374.35	6900.86	9348.21	
8503.11	6368.46	8492.88	
6895.02	5311.65	6909.86	
6048.71	4798.24	6086.86	
5897.31	4708.42	5934.48	
5851.59	4689.29	5899.68	
5865.25	4670.12	5864.68	
5858.83	4656.03	5826.81	
5837.31	4649.19	5792.6	
5800.49	4636.76	5786.67	
5756.72	4645.73	5777.43	
5715.12	4645.97	5748.68	
5632.18	4654.56	5650.29	
5422.34	4593.03	5428.91	
5034.97	4338.34	5027.43	
4524.06	3883.69	4488.54	
3893.69	3271.53	3839.66	
3068.68	2450.66	3003.88	
2547.33	1956.73	2492.49	
2375.23	1824.18	2336.56	
2327.71	1800.43	2278.57	
2287.69	1804.85	2243.43	
2251.62	1820.48	2226.11	
2216.46	1846.18	2220.62	
2184.08	1872.87	2205.81	
2153.98	1889.48	2202.52	
2118.82	1898.37	2194.52	
2079.78	1898.28	2188.86	
2060.35	1887.08	2175.46	
2044.87	1876.38	2154.99	
2039.64	1856.65	2121.21	
2031.33	1838.48	2090.11	
2020.85	1819.81	2051.61	
1972.36	1780.54	2000.93	
1895.45	1710.34	1902.51	
1838.26	1662.01	1827.5	
1820.82	1635.78	1788.7	
1803.38	1620.36	1759.64	
1796.79	1611.09	1734.32	
1799.92	1603.78	1706.08	
1818.76	1601.25	1695.24	
1824.66	1602.59	1688.07	
9965.68	6924.65	9908.83	
9933.21	6917.37	9929.8	
9886.31	6911.46	9919.25	
9874.21	6893.06	9888.57	
9867.36	6868.86	9860.36	
9799.63	6859.72	9770.49	
9446.32	6752.06	9415.22	
8166.67	5969.91	8155.71	
6762.92	5080.68	6772.77	
6150.08	4696.57	6167.72	
5975.77	4616.34	6006.42	
5941.38	4601.56	5963.39	
5916.33	4601.94	5931.75	
5902.68	4598.14	5883.38	
5881.77	4592.77	5843.21	
5837.33	4597.69	5830.7	
5785.11	4594.75	5835.78	
5752.96	4587.14	5789.19	
5644.88	4522	5676.29	
5246.64	4257.01	5263.72	
4395.47	3577.88	4392.91	
3537.31	2795.84	3514.96	
3007.98	2287.17	2962.53	
2694.29	2002.41	2638.65	
2465.3	1815.33	2404.92	
2379.49	1762.38	2314.62	
2341.53	1755.49	2272.09	
2309.1	1759.88	2248.7	
2264.2	1786.06	2252.43	
2222.43	1817.46	2243.03	
2192.43	1843.19	2235.19	
2163.12	1854.43	2222.6	
2125.43	1867.41	2209.51	
2094.47	1863.2	2199.18	
2063.74	1856.92	2185.6	
2055.02	1845.33	2161.11	
2046.98	1835.73	2136.01	
2041.48	1818.67	2094.13	
2024.55	1797.18	2055.99	
1973.39	1757.46	1997.66	
1885.19	1684.5	1908.54	
1841.34	1636.05	1847.22	
1815.48	1614.53	1814.61	
1805.96	1604.03	1788.7	
1803.94	1595.13	1758.5	
1814.51	1591.89	1734.68	
1835.02	1593.38	1717.95	
1857.81	1595.24	1705.04	
10037.1	6852.75	9984.08	
9995.12	6850.92	9999.99	
9973.65	6819.93	10009	
9971.56	6787.16	9999.98	
9955.15	6777.08	9932.16	
9887.23	6740.26	9854.56	
9436.09	6518.99	9410.78	
8016.05	5728.92	8006.25	
6645.12	4834.67	6653.31	
6229.18	4548.11	6232.15	
6123.64	4475.03	6120.13	
6081.46	4459.28	6081.46	
6033.85	4471.93	6033.87	
5987.34	4493.4	5983.28	
5947.71	4507.85	5948.44	
5892.73	4526.76	5910.61	
5836.21	4538.09	5870.29	
5765.53	4525.49	5818.45	
5624.17	4423.48	5662.53	
4900.9	3820.38	4917.53	
3724.44	2811.56	3720.78	
2909.39	2092.25	2888.54	
2611.77	1828.8	2576.56	
2501.36	1744.44	2451.21	
2446.37	1720.56	2379.1	
2394.87	1705.72	2304.33	
2356.93	1708.74	2259.7	
2321.67	1724.44	2260.36	
2274.68	1753.55	2256.22	
2231.76	1783.77	2261.58	
2201.12	1797.84	2254.38	
2172.06	1812.23	2234	
2143.63	1815.38	2214.06	
2105.58	1823.98	2198.22	
2075.53	1824.91	2184.3	
2052.68	1823.03	2174.75	
2051.29	1810.73	2137.24	
2043.76	1797	2102.46	
2024.79	1773.73	2054.41	
1952.48	1725.87	1990.3	
1862.78	1658.44	1910.68	
1820.54	1612.63	1864.33	
1802.64	1597.58	1834.96	
1792.8	1587.48	1809.06	
1804.42	1581.31	1783.77	
1822.3	1577.44	1757.09	
1830.43	1578.21	1731.83	
1839.44	1577.11	1718.86	
10176.5	6683.56	10159.7	
10152	6688.54	10145.7	
10129.9	6678.95	10141.7	
10087.8	6684.61	10088.7	
10051.3	6679.26	10039.4	
9930.92	6627.05	9903.15	
9399.52	6311.88	9377.14	
7888.97	5440.32	7881.57	
6637.2	4701.23	6643.9	
6255.02	4435.1	6261.62	
6205.31	4385.27	6184.83	
6171.93	4372.69	6144.51	
6132.39	4366.18	6120.71	
6089.69	4370.68	6105.54	
6043.49	4386.15	6074.96	
5985.18	4405.05	6028.25	
5908.96	4424	5951.62	
5784.19	4402.6	5826.97	
5428.8	4186.92	5471.68	
4591.75	3474.5	4609.33	
3256.84	2290.59	3245.65	
2672.12	1802.32	2655.5	
2507.22	1688.08	2482.88	
2472.63	1670.01	2424.6	
2446.01	1657.86	2371.9	
2407.24	1661.36	2317.3	
2368.67	1666.58	2279.64	
2329.13	1690.16	2276.15	
2282.45	1720.05	2279.43	
2245.55	1738.91	2269.72	
2213.67	1755.34	2257.63	
2185.41	1766.24	2237.65	
2152.26	1776.84	2217.44	
2119.76	1787.11	2194.08	
2081.35	1793.32	2180.39	
2058.39	1794.22	2162.54	
2042.04	1786.29	2144.96	
2034.8	1765.76	2097.66	
1996.59	1735.96	2047.84	
1926.27	1683.24	1977.72	
1839.15	1624.41	1914.32	
1791.79	1599.3	1876.52	
1775.32	1580.65	1851.38	
1789.75	1571.19	1825.12	
1800.53	1567.34	1799.66	
1801.05	1563.29	1771.96	
1801.33	1559.27	1742.8	
1798.31	1554.66	1729.32	
10394.2	6452.5	10409.5	
10403.3	6437.72	10396.7	
10362.1	6458.22	10334.2	
10320.8	6473.41	10284.6	
10234.8	6481.93	10213.8	
10013.4	6436.35	9996.55	
9259.97	6061.95	9244.19	
7718.97	5158.1	7717.67	
6614.53	4515.23	6618.41	
6310.08	4358.03	6305.72	
6243.12	4323.56	6226.41	
6231.07	4310.81	6178.51	
6196.53	4303.4	6174.13	
6148.42	4307.77	6161.33	
6101.33	4304.67	6147.95	
6055.19	4300.6	6110.86	
5967.96	4282.63	6026.85	
5687.11	4171.88	5723.47	
5036.35	3730.72	5058.01	
3954.06	2834.55	3965.48	
3050.77	2051.66	3043.19	
2596.7	1674.13	2573.82	
2502.91	1624.98	2477.61	
2481.82	1613.99	2434.49	
2449.83	1618.13	2382.52	
2417.94	1619.79	2344.46	
2373.54	1635.34	2335.19	
2332.93	1656.57	2316.04	
2296.5	1675.15	2303.83	
2259.19	1692.92	2281.47	
2225.59	1712.17	2255.23	
2192.07	1730.13	2241.79	
2155.69	1747.5	2224.63	
2118.76	1754.89	2196.89	
2093.32	1761.34	2162.96	
2057.27	1755.15	2137.79	
2031.47	1742.8	2115.04	
2003.18	1715.44	2080.83	
1954.87	1664.72	2017.54	
1885.72	1616.63	1960.48	
1819.27	1589.71	1916.71	
1772.68	1572.18	1890.74	
1771.4	1561.38	1863.62	
1772.14	1552.48	1836.6	
1773.91	1548.76	1812.24	
1776.91	1546.09	1784.5	
1769.31	1542.46	1755.44	
1766.42	1540.01	1727.93	
10516.3	6336.79	10562.2	
10513.3	6320.78	10508.6	
10528.6	6304.22	10466.6	
10497.3	6286.08	10453.9	
10418.5	6257.95	10381	
10084.8	6178.64	10061.8	
8974.15	5716.23	8973.83	
7431.87	4819.83	7445.58	
6638.47	4342.88	6644.54	
6398.02	4228.48	6391.22	
6328.63	4222.67	6303.92	
6287.09	4235.8	6256.13	
6248.29	4251.13	6200.42	
6196.92	4255.3	6201.93	
6139.94	4257.8	6183.74	
6089.68	4236.39	6131.49	
5957.29	4157.41	6001.21	
5431.98	3803.24	5466.62	
4349.19	3004.32	4356.73	
3343.53	2204.73	3337.33	
2793.31	1762.61	2783.67	
2590.37	1612.66	2572.14	
2528.97	1567.34	2494.49	
2492.57	1563.1	2448.91	
2461.52	1570.14	2399.1	
2417.26	1587.35	2390.43	
2376.25	1609.92	2376.53	
2336.48	1627.94	2366.81	
2303.87	1638.43	2315.64	
2268.88	1657.4	2275.23	
2232.88	1670.74	2260.01	
2191.37	1693.57	2237.97	
2155.44	1707.08	2221.58	
2124.15	1720.03	2191.11	
2086.69	1711.59	2145.22	
2050.58	1692.97	2096.2	
2010.93	1660.41	2054.29	
1970.93	1628.39	2019.93	
1923.02	1596.08	1986.49	
1858.12	1565.75	1949.14	
1801.41	1546.41	1920.69	
1779.55	1536.88	1899.46	
1762.1	1531.77	1875.86	
1749.64	1529.29	1850.1	
1748.89	1522.14	1820.54	
1745.98	1523.02	1792.06	
1746.24	1523.77	1763.14	
1741.33	1524.76	1745.45	
10668.7	6156.48	10690.9	
10640.2	6180.77	10645.5	
10644.2	6155.34	10623	
10617.5	6149.46	10568.7	
10546.5	6111.34	10502.2	
9958.35	5888.73	9940.15	
8587.14	5247.07	8592.03	
7199.36	4513.29	7219.24	
6630.4	4174.99	6655.31	
6495.06	4100.01	6501.78	
6441.05	4096.04	6432.62	
6381	4126.06	6355.07	
6332.06	4153.02	6309.76	
6279.95	4174.46	6264.39	
6213.66	4180.19	6224.81	
6120.03	4158.78	6151.58	
5864.12	3992.89	5896.13	
5005.45	3341.84	5020.86	
3718.19	2345.91	3714.74	
2937.07	1755.69	2921.14	
2665.31	1578.23	2647.93	
2583.93	1539.85	2567.92	
2543.35	1519.26	2514.8	
2510.98	1517.47	2454.16	
2461.85	1527.3	2451.82	
2418.03	1548.08	2432.97	
2372.52	1576.31	2411.81	
2341.04	1594.22	2374.23	
2308.2	1611.67	2326.29	
2276.83	1620.09	2278.65	
2232.14	1633.93	2256.01	
2185.16	1640.38	2242.78	
2154.32	1644.24	2201.5	
2120.54	1640.86	2161.26	
2079.69	1628.69	2113.86	
2030.12	1593.3	2044.76	
1993.8	1576.72	1994.43	
1956	1566.74	1976.83	
1902.88	1551.98	1967.19	
1848.9	1532.29	1948.14	
1806.25	1511.37	1928.26	
1779.51	1500.58	1909.46	
1759.24	1497.36	1888.01	
1745.73	1497.5	1856.81	
1731.53	1500.93	1825.08	
1728.51	1498.88	1793.78	
1727.16	1500.56	1772.22	
1731.72	1499.02	1756.71	
10928.5	5871.6	10949.2	
10920.1	5865.87	10933.3	
10851.7	5919.09	10856.5	
10794.7	5927.22	10772.7	
10542.9	5966.75	10511.9	
9904.01	5673.24	9884.19	
8188.44	4723.61	8201.91	
7055.06	4190.36	7079.15	
6652.4	4039.8	6680.75	
6553.92	4012.35	6586.04	
6522.4	4004.98	6525.74	
6489.19	4010.88	6472.72	
6448.34	4021.45	6425.18	
6395.73	4042.09	6370.86	
6322.91	4048.61	6305.63	
6148.07	4000.86	6156.75	
5628.42	3709.76	5650.04	
4509.07	2862.16	4513.23	
3322.15	1933.06	3299.74	
2792.1	1548.89	2772.34	
2640.42	1471.12	2617.46	
2594.45	1453.95	2568.63	
2560.15	1461.21	2520.76	
2516.07	1464.65	2495.07	
2467.52	1484.27	2479.53	
2411.87	1513.56	2466.64	
2371.8	1534.21	2427.81	
2337.69	1552.29	2374.08	
2311.15	1567.58	2321.11	
2271.19	1572.19	2281.49	
2225.8	1575.41	2244.22	
2181.05	1556.15	2203.66	
2140.38	1538.53	2164.24	
2103.43	1516.7	2107.62	
2062.71	1509.22	2060.51	
2017.92	1513.08	2010.39	
1978.21	1518.26	1978.46	
1943.23	1522.22	1969.78	
1899.51	1517.91	1958.4	
1852.57	1502.68	1945.98	
1813.65	1486.26	1933.67	
1781.26	1477.63	1922.61	
1764.17	1471.1	1889.14	
1745.51	1475.22	1857.67	
1736.59	1484.06	1826.1	
1725.12	1483.59	1796.23	
1729.65	1475.8	1770.51	
1734.54	1479.13	1750.93	
11103.5	5662.87	11146.7	
11075.6	5696.99	11101.2	
11062.5	5688.73	11049.5	
10872	5721.52	10894.5	
10489.4	5617.77	10487.8	
9650.56	5232.67	9636.89	
8065.92	4442.08	8076.17	
7018.44	3910.97	7049.19	
6750.53	3865.83	6784.13	
6666.48	3881.37	6696.29	
6579.02	3926.77	6607.37	
6557.83	3933.52	6538.4	
6525.46	3937.1	6485.66	
6473.7	3928.36	6447.23	
6384.75	3906.59	6370.24	
6083.74	3789.17	6071.64	
5219.3	3246.21	5219.34	
3931.49	2316.45	3926.81	
3077.58	1671.3	3053.45	
2756.6	1448.71	2721.43	
2662.38	1393.4	2644.88	
2616.81	1383.71	2573.78	
2568.48	1389.74	2540.19	
2519.44	1412.25	2527.33	
2464.81	1442.25	2499.43	
2412.92	1472.76	2464.67	
2359.73	1487.02	2425.5	
2332.8	1490.65	2365.97	
2296.78	1478.8	2306.05	
2248.7	1473.64	2253.28	
2204.76	1449.16	2205.19	
2165.59	1437.45	2159.32	
2119.13	1423.53	2103.69	
2081.89	1428.8	2067.2	
2048.49	1435.27	2021.94	
2007.63	1454.75	2004.14	
1968.55	1467.35	1988.76	
1928.73	1473.73	1981.46	
1894.42	1475.66	1965.55	
1859.67	1473.89	1947.78	
1821.75	1468.03	1927.78	
1800.37	1458.78	1907.27	
1782.6	1465.25	1885.13	
1769.45	1471.5	1854.53	
1757.58	1473.68	1825.72	
1752.29	1474.32	1797	
1748.07	1472.83	1764.78	
1749.48	1462.27	1742.02	
11331.7	5430.02	11344.9	
11278.5	5455.83	11284.7	
11145.9	5496.66	11158.6	
10958.5	5405.96	10962.6	
10391.5	5038.53	10414.5	
9002.77	4458.99	9012.38	
7798.11	3962.99	7806.08	
7111.46	3730.13	7136.19	
6906.38	3680.34	6940.32	
6792.87	3736.41	6817.38	
6715.33	3793.09	6715.37	
6633.45	3852.68	6611.99	
6577.39	3875.04	6528.31	
6513.13	3869.47	6492.03	
6385.67	3799.67	6367.49	
5855.84	3458.39	5836.54	
4691.68	2694.92	4675.06	
3432.07	1827.11	3415.48	
2892.01	1458.2	2870.13	
2750.14	1366.73	2720.72	
2690.06	1336.85	2653.72	
2636.62	1328.26	2603.19	
2575.77	1341.6	2562.94	
2518.19	1360.25	2534.75	
2459.25	1388.21	2498.01	
2400.15	1402.9	2447.73	
2352.76	1401.38	2396.24	
2302.93	1378.68	2338.65	
2257.07	1361.09	2270.9	
2219.48	1342.59	2213.89	
2184.93	1336.19	2165.54	
2146.78	1345.31	2121.45	
2103.04	1366.46	2077.99	
2065.51	1382.34	2032.17	
2034.41	1395.96	2031.35	
2001.76	1406.71	2013.4	
1958.63	1421.16	2008.31	
1921.19	1434.5	1992.53	
1889.91	1444.39	1978.77	
1865.77	1448.7	1939	
1845.38	1451.7	1910.27	
1828.9	1454.82	1889.46	
1813.51	1464.86	1870.41	
1801.13	1472.53	1848.26	
1790.39	1473.98	1823.01	
1780.68	1475.89	1792.73	
1773.07	1471.11	1761.04	
1771.83	1472	1733.82	
11612.5	5163.33	11597.5	
11524.2	5137.16	11523.8	
11304	5039.16	11319.8	
11007.9	4798.67	11029.7	
9909.25	4371.52	9933.07	
8472.12	3724.86	8504	
7570.75	3452	7587.04	
7242.85	3450.68	7249.55	
7050.24	3528.69	7057.78	
6927.48	3604.36	6926.13	
6841.4	3667.91	6818.54	
6747.2	3733.25	6711.65	
6657.06	3788.28	6622.91	
6584.65	3804.12	6542.73	
6385.61	3711.82	6358.37	
5577.49	3142.56	5555.64	
4081.2	2110.72	4063.4	
3150.54	1507.44	3129.88	
2830.14	1317.85	2808.49	
2749.5	1278.45	2729.78	
2703.92	1272.52	2677.41	
2643.18	1277.07	2630.87	
2578.37	1284.61	2583.83	
2514.51	1292.82	2527.74	
2444.31	1278.11	2470.03	
2383.22	1260.27	2415.23	
2319.62	1243.56	2349.9	
2258.13	1253.56	2290.47	
2219.5	1252.72	2237.56	
2198	1259.95	2191.49	
2175.6	1276.72	2142.18	
2129.66	1299.54	2090.72	
2088.7	1323.2	2054.48	
2054.66	1343.18	2034.7	
2021.72	1360.76	2024.32	
1986.68	1372.11	2030.75	
1949.46	1388.16	2006.89	
1915.33	1409.74	1989.87	
1900.08	1421.86	1957.61	
1885.77	1428.59	1926.11	
1871.61	1437.25	1894.64	
1859.03	1458.19	1875.68	
1845.38	1467.45	1856.18	
1830.83	1474.27	1838.51	
1818.77	1480.09	1814.15	
1808.66	1478.52	1786.84	
1803.64	1480.2	1756.52	
1801.08	1476.33	1739.44	
11913.6	4829.58	11913.8	
11853.1	4786.67	11854.3	
11714	4494.62	11733.4	
10544.4	4087.67	10581.9	
9185.69	3527.47	9239.58	
8169.97	3154.59	8217.99	
7611.42	3101.38	7639.85	
7363.13	3208.89	7359.46	
7192.44	3367.05	7161.63	
7045.15	3476.73	7019.4	
6921.97	3575.48	6895.49	
6854.91	3631.84	6810.54	
6792.01	3671.15	6740.43	
6677.04	3690.1	6625.91	
6358.77	3569.31	6309.81	
5315.5	2899.21	5293.81	
3725.19	1751.07	3710.98	
3015.81	1291.63	3002.35	
2845.28	1209.84	2825.3	
2772.45	1197.08	2752.34	
2704.69	1194.14	2710.34	
2641.49	1205.02	2654.46	
2575.49	1191.63	2584.89	
2494.44	1154.24	2505.85	
2420.67	1122.33	2437.12	
2357.62	1118.55	2374.88	
2287.94	1141.41	2318.1	
2231.68	1161.72	2263.35	
2192.93	1196	2220.97	
2187.43	1220.72	2174.04	
2161.59	1239.45	2126.7	
2118.38	1263.2	2073.38	
2078.16	1285.27	2031.96	
2037.27	1307.02	2035.18	
2001.42	1324.49	2034.72	
1969.45	1342.28	2025.94	
1930.14	1365.77	2004.7	
1925.04	1387.32	1962.58	
1921.72	1404.65	1933.81	
1910.56	1418.24	1903.66	
1899.35	1433.94	1883.72	
1888.14	1456.75	1863.01	
1869.41	1483.85	1848.94	
1856.12	1482.22	1827.85	
1846.15	1479.96	1806.12	
1839.87	1484.56	1777.46	
1834.2	1481.34	1753.25	
1830	1478.59	1730.3	
12409.4	4310.48	12422.1	
12291.4	4373.9	12304.8	
11747	4288.06	11775	
10251.9	3496.84	10328.5	
8685.62	2813.71	8761.52	
8013.7	2745.89	8078.44	
7700.05	2862.82	7731.93	
7419.95	3082.03	7426.98	
7267.47	3233.98	7238.17	
7136.92	3360.17	7103.58	
7010.82	3477.45	6969.89	
6917.31	3572.56	6864.04	
6868.49	3601.09	6800.25	
6761.13	3588.29	6690.94	
6225.91	3358	6174.17	
4900.55	2539.14	4871.68	
3541.32	1587.95	3535.6	
2982.54	1156.1	2975.06	
2864.46	1114.73	2854.5	
2801.84	1105.58	2795.63	
2713.83	1135.88	2734.33	
2633.84	1090.61	2661.83	
2558.41	1035.4	2573.71	
2482.5	1001.27	2495.67	
2401.58	1019.33	2408.58	
2323.48	1049.22	2348.97	
2278.81	1075.48	2308.7	
2219.39	1119.55	2257.02	
2177.19	1164.56	2198.1	
2162.44	1187.92	2158.16	
2143.01	1206.8	2115.77	
2114.12	1234.93	2058.6	
2069.95	1259	2043.63	
2021.61	1277.33	2036.34	
1983.37	1295.93	2036.91	
1945.56	1321	2030.06	
1927.84	1345.27	1996.16	
1933.38	1369.35	1946.1	
1943.55	1392.87	1902.82	
1939.72	1407.84	1885.43	
1932.34	1431.98	1866.76	
1908.54	1465.45	1855.84	
1892.97	1489.46	1837.52	
1880.41	1493.02	1821.37	
1873.31	1484.85	1798.12	
1862.77	1478.91	1774.27	
1858.21	1480.22	1742.71	
1852.56	1482.72	1723.89	
12888.1	3842.49	12909.1	
12483.2	4063.94	12505.3	
11775.6	4042.45	11815.7	
10153.3	3170.56	10261.9	
8606.77	2482.46	8724.73	
8004.34	2556.8	8053.39	
7667.94	2794.39	7723.9	
7479.09	2985.8	7496.21	
7290.89	3167.44	7283.5	
7187.64	3284.02	7150.22	
7074.54	3412.41	7025.51	
6955.83	3514.91	6898.3	
6900.09	3552.81	6821.01	
6783.86	3535.22	6707.88	
6089.91	3172.03	6032.49	
4446.99	2156.4	4421.97	
3330.53	1399.98	3324.13	
2973.71	1120.99	2970.68	
2894.05	989.717	2875.37	
2820.29	1060.63	2822.88	
2731.45	1065.33	2745.53	
2630.39	994.429	2655.61	
2539.89	909.066	2581.79	
2473.64	924.082	2474	
2386.52	975.229	2403.57	
2311.9	1010.51	2342.31	
2258.11	1046.03	2298.82	
2218.52	1096.45	2251.97	
2174.84	1137.69	2185.75	
2132.08	1159.35	2144.82	
2133.41	1188.55	2100.33	
2112.25	1212.59	2069.66	
2065.08	1241.19	2051.29	
2010.74	1261.58	2048.68	
1960.33	1282.67	2043.04	
1945.22	1303.49	2024.01	
1936.68	1331.28	1989.62	
1940.59	1359.28	1938.46	
1950.25	1374.99	1894.51	
1966.68	1401.95	1863.35	
1950.4	1434.52	1859.76	
1926.69	1476.85	1850.08	
1909.42	1494.32	1835.66	
1903.58	1504.04	1811.53	
1885.92	1481.9	1794.62	
1879.66	1471.54	1768.84	
1871.17	1476.17	1741.63	
1872.21	1484.38	1710.45	