
8050.14	8867.96	7898.66	
8049.9	8852.65	7920.9	
8054.81	8860.36	7944.6	
8061.25	8858.65	7976.35	
8083.91	8823.71	8018.32	
8151.82	8738.65	8106.07	
8234.5	8650.63	8180.59	
8285.73	8608.83	8211.68	
8320.74	8594	8243.27	
8338.69	8572.96	8268.16	
8356.65	8550.94	8299.22	
8384.56	8521.66	8347.23	
8450.88	8442.07	8402.2	
8529.36	8374.2	8457.65	
8571.33	8337.58	8504.44	
8596.13	8309.92	8542.16	
8629.97	8268.01	8569.95	
8698.09	8176.14	8637.65	
8802.95	8082.76	8728.46	
8858	8032.87	8781.49	
8890.27	8006.51	8821.35	
8911.2	7993.94	8890.69	
8976.81	7895.6	8963.55	
9165.27	7693.27	9151.46	
9310.95	7535.09	9330.66	
9367.16	7477.44	9427.05	
9408.13	7439.28	9464.86	
9494.01	7341.58	9526.12	
9689.36	7131.81	9707.99	
9883.67	6958.75	9883.82	
9972.18	6906.01	9940.06	
10029.7	6843.73	9986.83	
10170.2	6673.24	10150.3	
10382.1	6457.24	10376.8	
10498.7	6357.2	10510.1	
10591.6	6266.4	10594.9	
10800	6024.17	10801.3	
11013.8	5806.23	11018.9	
11140.3	5660.73	11171	
11403.2	5385.38	11402.1	
11654.2	5141.92	11622.7	
11920.7	4848.03	11916.4	
12442.2	4281.55	12453.7	
12913.6	3780.49	12937.8	
12605.3	3758.44	12629.9	
11606.2	3304.5	11668.3	
10038	2422.23	10208.3	
9243.01	1726.02	9529.83	
8039.44	8832.06	7901	
8045.6	8836.39	7914.85	
8043.79	8839.41	7944.31	
8046.32	8849.84	7974.01	
8067.28	8832.22	8016.37	
8128.39	8748.63	8092.13	
8215.06	8657.7	8183.01	
8267.36	8616.86	8229.33	
8297.3	8594.31	8256.75	
8320.89	8578.98	8283.85	
8339.94	8550.24	8305.47	
8374.47	8503.34	8339.15	
8438.49	8432.49	8403.43	
8502.39	8368.04	8461.88	
8542.04	8329.28	8508.41	
8579.91	8289.24	8534.13	
8614.6	8243.53	8553.86	
8677.89	8176.88	8632.41	
8767.12	8081.03	8733.27	
8829.9	8025.39	8783.87	
8868.4	7996.66	8832.98	
8899.4	7962.64	8870.67	
8958.35	7897.91	8937.61	
9143.02	7702.23	9119.36	
9333.25	7529.63	9313.15	
9391.36	7471.61	9391.31	
9421.61	7429.15	9432.42	
9466.95	7342.36	9503.58	
9676.43	7134.92	9684.93	
9877.32	6952.58	9867.15	
9950.85	6876.74	9946.27	
10003.8	6825.59	9998.79	
10124.7	6693.45	10115.6	
10390.2	6436.53	10375.2	
10512.9	6324.19	10493.4	
10575.6	6250.42	10566.8	
10766.9	6034.4	10769.1	
10994.8	5780.9	11006.9	
11132.1	5639.02	11133.6	
11344	5414.67	11349.8	
11597.9	5160.86	11602.8	
11916.2	4828.68	11911	
12346.7	4369.89	12360.1	
12462.4	4095.61	12479.3	
12380.3	3704.05	12407.6	
11090.7	3214.58	11149.2	
9432.21	2385.36	9563.43	
8744.61	1997.55	8920.6	
8036.72	8805.15	7890.97	
8024.92	8822.87	7917.12	
8020.88	8834.19	7939.63	
8025.51	8834.64	7969.86	
8048.36	8816.1	8012.53	
8103.23	8765.57	8077.96	
8179.15	8687.61	8171.24	
8231	8631.11	8241.7	
8264.03	8600.92	8277.74	
8285.61	8581.43	8299.35	
8315.14	8544.12	8305.44	
8361.27	8487.3	8319.87	
8421	8419.5	8399.92	
8469.65	8365.34	8473.85	
8513.21	8317.57	8501.3	
8557	8270.07	8532.49	
8596.12	8227.77	8569.2	
8648.09	8171.17	8620.71	
8729.54	8087.08	8722.6	
8795.85	8019.14	8809.63	
8843.16	7975.74	8823.72	
8884.57	7936.51	8847	
8951.69	7873.56	8907.21	
9112.4	7721.42	9079.92	
9321.89	7529.67	9282.31	
9419.64	7455.68	9347.91	
9434.5	7403.2	9400.6	
9490.55	7323.36	9478.75	
9631.08	7166.64	9631.66	
9831.67	6953.69	9826.96	
9928.65	6844.36	9943.84	
9980	6787.45	10001.9	
10119.1	6673.64	10110.9	
10353.5	6448.75	10327.8	
10495.6	6297.45	10461.2	
10570.8	6201.25	10554.1	
10707	6035.77	10710.3	
10914.5	5779.3	10929.1	
11083.7	5609.43	11105.3	
11257.4	5420.89	11268.4	
11484.1	5124.89	11493.8	
11880.7	4740.7	11889.6	
12023.9	4555.37	12027.8	
11917.5	4292.97	11930.1	
11298.3	3754.16	11326.8	
10330.7	3111.93	10385.9	
8918.08	2552.26	8994.47	
8383.46	2320.8	8448.63	
8001.7	8816.99	7892.96	
8000.91	8817.39	7907.44	
7996.23	8832.13	7935.14	
8004.01	8837.86	7965.16	
8023.97	8826.72	8009.05	
8062.59	8795.08	8063.36	
8119.51	8732.61	8139.88	
8184.53	8657.41	8232.14	
8220.81	8614.17	8290.04	
8247.74	8576.53	8298.88	
8287.01	8533.77	8299.22	
8339.58	8479.08	8317.79	
8394.13	8417.59	8378.19	
8442.33	8356.15	8458.18	
8486.92	8309.17	8510.83	
8526.29	8261.17	8536.6	
8567.14	8218.15	8564.77	
8616.74	8167.47	8616.23	
8697.05	8083.93	8711.19	
8772.65	8007.36	8792.37	
8816.81	7960.81	8823.97	
8868.04	7916.14	8831.82	
8933.26	7859.16	8883.85	
9080.37	7727.49	9040.48	
9301.71	7529.59	9242	
9394.62	7424.01	9333.44	
9443.96	7376.58	9373	
9483.02	7308.59	9442.45	
9589.3	7181.78	9565.29	
9777.62	6958.71	9781.56	
9908.19	6817.43	9907.72	
9984.53	6754.38	9966.56	
10085.8	6649.35	10079.1	
10276.4	6442.71	10250.4	
10407.9	6258.55	10377.3	
10506.8	6151.46	10469.4	
10590.5	5996.22	10587.5	
10741.4	5727.84	10789.7	
10808.9	5499.1	10838.8	
10916.6	5341.01	10936.3	
11139.1	4974.48	11148.6	
11108.8	4674.14	11114.2	
11017.6	4485.59	11021	
10800.5	4228.2	10803.4	
10006.6	3714.02	10026.9	
8888.21	3062.32	8927.46	
8392.7	2718.51	8433	
8063.28	2569.91	8103.77	
7961.38	8829.26	7879.06	
7965.99	8841.35	7897.74	
7976.72	8846.77	7922.85	
7983.24	8860.66	7957.29	
7989.98	8849.34	7999.55	
8004.92	8828.34	8044.49	
8048.64	8776.75	8105.35	
8120.87	8695.21	8196.98	
8169.61	8632.95	8252.36	
8205.51	8582.86	8278.07	
8259.42	8524.9	8285.99	
8308.44	8473.08	8304.59	
8357.57	8422.91	8347.51	
8414.28	8356.26	8428.38	
8454.93	8296.57	8510.61	
8494.26	8250.6	8538.1	
8529.91	8211.18	8560.61	
8575.53	8167.82	8603.07	
8665.92	8082.48	8684.04	
8750.95	7987.23	8770.37	
8799.33	7936.48	8813.94	
8834.08	7904.54	8844.62	
8896.95	7852.7	8886.21	
9054.49	7718.16	9007.63	
9249.14	7516.09	9194.67	
9363.51	7393.76	9307.93	
9406.13	7343.24	9364.06	
9462.73	7305.07	9397.18	
9545.91	7165.46	9509.63	
9716.79	6919.67	9707.57	
9818.44	6777.72	9802.89	
9892.02	6696.93	9872.23	
9975.06	6577.19	9951.01	
10018.7	6379.85	10002.1	
10032.3	6123.64	10004	
9994.16	5877.71	9973.65	
10124	5741.45	10125.6	
10036.8	5531.43	10056.8	
9756.8	5172.86	9787.87	
9589.19	4784.47	9608.36	
9575.5	4650.23	9587.63	
9182.89	4363.21	9186.02	
8766.25	4024.02	8756.38	
8642.24	3816.36	8633.4	
8473.75	3528.76	8469.02	
8080.13	3136.83	8088.74	
7832.87	2848.58	7861.32	
7834.69	2689.44	7875.82	
7921.45	8876.05	7858.16	
7933.95	8877.15	7874.81	
7937.12	8890.75	7897.97	
7941.99	8891.31	7931.05	
7950.14	8880.66	7976.61	
7959.29	8852.57	8026.09	
7981.78	8805.42	8073.86	
8026.48	8741.57	8124.52	
8079.54	8676.54	8173.96	
8161.83	8596.14	8229.52	
8224.17	8525.68	8265.9	
8274.3	8474.41	8276.54	
8314.87	8430.97	8312.43	
8373.35	8363.25	8399.64	
8432.78	8290.69	8473.99	
8466.69	8244.05	8525.4	
8491.68	8204.42	8551.24	
8543.68	8164.12	8575.72	
8629.31	8077.28	8647.34	
8722.62	7969	8744.74	
8767.69	7909.66	8805.5	
8795.76	7881.13	8835.14	
8863.49	7826.11	8877.9	
8989.44	7683.56	8965.16	
9151.65	7470.3	9103.36	
9246.91	7324.73	9206.27	
9315.56	7272.9	9267.47	
9354.81	7217.81	9309.14	
9428.29	7093.82	9381.94	
9438.24	6841.73	9409.22	
9349.47	6554.91	9332.7	
9264.72	6324.78	9249.03	
9294.47	6219.68	9277.48	
9214.6	6027.56	9193.24	
8933.26	5653.18	8921.37	
8661.02	5248.15	8656.96	
8292.54	4933.14	8292.44	
8208.84	4803.32	8208.99	
8110.04	4579.52	8116.09	
7755.94	4254.68	7762.78	
7479.53	4021.19	7491.21	
7513.29	3937.49	7519.45	
7426.93	3750.29	7422.34	
7411.88	3551.53	7380.99	
7487.4	3409.15	7455.95	
7589.54	3192.25	7568.45	
7633.52	2936.13	7649.55	
7612.33	2841.63	7659.14	
7812.67	8995.24	7778.04	
7830.17	8984.43	7798.7	
7840.5	8981.36	7821.21	
7869.11	8958.62	7872.07	
7892.89	8921.27	7936.56	
7919.71	8874.94	7995.64	
7932.49	8821.98	8036.34	
7942.34	8774.99	8063.14	
7995.48	8721.3	8094.16	
8080.29	8632.07	8154.84	
8180.54	8537.3	8220.7	
8233.2	8479.82	8265.81	
8272.16	8438.14	8299.13	
8317.41	8384.54	8355.67	
8397.04	8298.39	8437.96	
8456.37	8229.67	8487.4	
8479.87	8199.23	8513.86	
8512.4	8154.93	8536.23	
8580.88	8059.68	8602.36	
8655.21	7923.75	8685.75	
8689.44	7852.61	8724.18	
8710.23	7808.99	8746.63	
8736.24	7722.81	8760.89	
8800.61	7541.67	8796.17	
8842.77	7305.19	8815.02	
8775.9	7050.06	8736.06	
8618.53	6800.7	8588.93	
8675.93	6718.28	8651.07	
8736.09	6657.67	8710.11	
8607.9	6448.39	8581.13	
8173.61	5949.38	8166.6	
7715.48	5473.77	7714.29	
7476.81	5205.01	7468.32	
7505.61	5125.6	7495.03	
7409.41	4930.69	7400.45	
7091.22	4601.52	7084.6	
6908.1	4357.26	6895.55	
6861.42	4209.11	6854.78	
6878.85	4145.06	6874.15	
6853	4027.65	6852.89	
6891.24	3855.94	6883.35	
6929.24	3730.17	6935.92	
7000.21	3660.76	6992.85	
7100.46	3529.74	7072.61	
7256.74	3373.31	7200.06	
7366.78	3214.35	7334.45	
7469.07	3049.5	7471.45	
7512.54	2947.84	7534.06	
7597	9226.12	7608.41	
7604.51	9211	7621	
7670.07	9142.11	7686.67	
7724.76	9076.81	7757.03	
7793.4	9001.34	7843.45	
7850	8917.42	7929.27	
7889.82	8846.61	7989.11	
7907.83	8797.58	8013.1	
7927.5	8749.86	8037.1	
8001.78	8680.92	8077.61	
8116.51	8567.59	8164.43	
8193.82	8485.65	8240.66	
8228.79	8443.55	8294.79	
8280.55	8397.73	8334.56	
8357.41	8306.73	8391.34	
8431.86	8218.28	8443.09	
8471.88	8177.97	8460.41	
8468.4	8123.08	8482.43	
8462.52	7976.64	8490.59	
8435.27	7792.92	8462.28	
8256.14	7517.38	8276.4	
8143.76	7321.78	8159	
8157.89	7234.94	8170.41	
8096.5	7046.61	8098.08	
7875.18	6699.53	7857.1	
7522.34	6267.01	7494.84	
7190.16	5857.21	7173.64	
6991.7	5596.57	7000.78	
6998.18	5531.6	7009.83	
6975.57	5446.07	6990.16	
6782.28	5206.25	6799.03	
6529.63	4864.89	6550.77	
6439.71	4634.46	6444.16	
6423.72	4517.42	6412.06	
6440.62	4462.4	6428.03	
6449.79	4362.87	6432.64	
6495.43	4201.16	6476.69	
6538.95	4089.84	6519.63	
6570.92	4028.26	6567.79	
6632.75	3968.35	6618.39	
6733.04	3836.54	6716.19	
6832.43	3704.42	6809.38	
6898.58	3628.3	6884.17	
7020.5	3527.3	6981.64	
7145.87	3383.21	7101.91	
7256.45	3258.67	7211.78	
7321.32	3140.3	7310.66	
7381.72	3056.02	7384.67	
7476.49	9360.73	7512.85	
7485.84	9330.39	7525.91	
7488.15	9293.34	7541.38	
7543.18	9233.61	7591.27	
7625.24	9138.06	7680.58	
7740.72	9011.48	7804.85	
7815.77	8909.95	7892.68	
7866.53	8826.29	7953.84	
7893.94	8775.24	7979.75	
7946.06	8717.12	8017.49	
8046.38	8610.78	8098.61	
8154.91	8493.7	8206.78	
8209.17	8439.09	8268.55	
8251.54	8396.51	8300.98	
8310.63	8312.06	8342.47	
8362.34	8180.48	8363.89	
8352.04	8081.58	8348.17	
8333.53	7992.26	8330.84	
8151.52	7734.2	8169.92	
7722.78	7239.19	7740.06	
7290.73	6735.12	7294.21	
6801.37	6203.56	6784.96	
6621.31	5986.88	6603.31	
6580.02	5910.9	6561.44	
6417.07	5717.18	6391.96	
6224.35	5436.33	6191.35	
6166.35	5211.49	6144.33	
6082.21	5000.52	6087.65	
6013	4879.82	6051.82	
6018.14	4844.58	6057.67	
6052.57	4800.47	6093.13	
6118.75	4677.58	6148.41	
6159.23	4501.16	6179.94	
6205.73	4409.15	6203.99	
6236.15	4358.73	6209.49	
6286.44	4299.09	6251.68	
6366.45	4191.85	6335.13	
6458.9	4072.33	6449.29	
6520.6	4003.62	6497.06	
6574.14	3939.98	6547.79	
6656.13	3843.07	6629.51	
6775.61	3710.63	6743.44	
6877.72	3611.69	6826.07	
6938.38	3534.18	6897.84	
7046.41	3401.95	7009.72	
7149.79	3263.41	7131.14	
7204.01	3194.74	7175.38	
7212.73	3119.26	7206.88	
7444.51	9406.78	7483.18	
7419.36	9381.79	7481.27	
7434.84	9355.39	7480.53	
7440.75	9313.87	7490.66	
7502.45	9261.46	7531.27	
7580.5	9170.37	7609.39	
7702.08	9022.33	7742.85	
7797.21	8896.93	7847.88	
7862.43	8807.04	7910.19	
7902.65	8743.78	7952.09	
7982.95	8641.8	8033.6	
8103.71	8497.72	8152.43	
8173.68	8417.35	8207.68	
8200.35	8363.96	8241.2	
8227.04	8266.71	8256.06	
8141.68	8065.05	8158.91	
7896.77	7686.48	7908.05	
7627.42	7343.61	7641.49	
7360.24	7047.8	7371.47	
6713.65	6373.53	6727.8	
6133.73	5755.65	6128.96	
5874.04	5458.79	5852.99	
5720.9	5282.22	5682.81	
5687.63	5227.99	5650.52	
5696.38	5202.26	5658.04	
5737.69	5141.85	5702.52	
5794.71	4991.35	5756.22	
5843.58	4848.58	5829.54	
5851.39	4778.15	5872.09	
5848.58	4738.53	5898.44	
5888.3	4705.5	5929.91	
5952.48	4622.63	5996.54	
6075.16	4479.31	6101.93	
6141.81	4394.72	6151.69	
6197.2	4340.6	6166.85	
6244.06	4284.93	6189.52	
6310.08	4199.15	6284.86	
6399.32	4087.63	6383.52	
6477.39	3984.07	6474.8	
6533.04	3916.57	6513.1	
6590.3	3849.46	6554.04	
6700.53	3723.09	6654.57	
6790.39	3578.36	6741.86	
6825.88	3482.44	6778.09	
6867.69	3375.03	6838.85	
6892.4	3220.81	6869.09	
6902.75	3119.04	6886.09	
6840.57	3024.82	6816.28	
7409.12	9431.82	7454.34	
7422.96	9419.93	7446.67	
7414.72	9389.82	7442.89	
7434.38	9360.52	7439.66	
7441.03	9325.34	7444.89	
7486.92	9274.66	7476.62	
7560.17	9174.12	7556.26	
7671.8	9026.43	7675.2	
7777.78	8886.23	7788.14	
7864.08	8758.61	7883.86	
7907.54	8640.01	7945.32	
7972.39	8458.71	8007.55	
7979.2	8280.74	8006.15	
7982.27	8161.77	8001.65	
7871.12	7982.29	7893.19	
7609.04	7626.75	7627.26	
7048.04	6958.64	7064.38	
6395.37	6238.35	6423.33	
6036.11	5842.77	6074.92	
5866.21	5628.49	5896.44	
5623.58	5335.75	5636.55	
5530.84	5199.25	5518.89	
5525.43	5147.82	5493.1	
5543.37	5118.38	5491.24	
5567.04	5099.56	5525.36	
5597.43	5057.86	5549.77	
5674.75	4951.93	5634.64	
5777.35	4823.63	5744.6	
5826.64	4760.83	5811.53	
5837.2	4718.08	5853.37	
5837.85	4677.19	5894.42	
5896.77	4612.75	5943.05	
5997.21	4497.29	6033.7	
6101.37	4388.69	6112.89	
6158.37	4328.61	6157.33	
6203.7	4280.09	6188.71	
6254.94	4218.37	6224.69	
6329.54	4107.41	6330.14	
6427.44	3970.63	6431.4	
6469.09	3890.25	6473.37	
6505.26	3824.91	6476.85	
6517.28	3691.21	6473.74	
6480.74	3478.04	6439.84	
6340.27	3220.48	6306.12	
6177.48	3031.58	6144.07	
6002.32	2866.48	5981.3	
5642.56	2576.76	5628.09	
5423.15	2397.4	5411.73	
7422.36	9467.01	7432.37	
7408.77	9448.12	7416.67	
7420.33	9427.31	7399.95	
7417.94	9396.88	7396.29	
7434.07	9366.05	7397.4	
7434.81	9328.3	7398.62	
7462.64	9275.67	7422.63	
7531.52	9178.3	7483.73	
7653.7	8974.82	7635.26	
7734.17	8796.54	7738.13	
7774.66	8575.81	7788.04	
7600.58	8208.72	7615.85	
7335.92	7720.99	7337.84	
7044.81	7284.03	7033.39	
6840.12	7008.85	6825.76	
6495.56	6597.03	6478.75	
6056.42	6082.82	6046.21	
5655.08	5602.18	5669.07	
5477.22	5353.72	5523.18	
5441.28	5262.31	5497.51	
5443.84	5211.25	5483.81	
5457.27	5154.79	5459.89	
5483.17	5124.09	5455.8	
5506.8	5094.89	5469.01	
5533.26	5065.53	5468.19	
5553.52	5031.45	5500.83	
5617.19	4954.67	5570.02	
5732.37	4832.5	5687.89	
5806.67	4756.37	5759.97	
5818.74	4707.22	5819.86	
5839.35	4656.94	5864.39	
5854.06	4611.67	5909.09	
5943.68	4523.83	5973.32	
6058.33	4396.09	6081.61	
6114.44	4321.11	6143.09	
6149.96	4274.75	6172.73	
6187.03	4222.38	6204.35	
6254.85	4111.42	6254.51	
6318.83	3952.33	6347.74	
6322.61	3828.79	6329.15	
6239.4	3687.51	6235.08	
6023.81	3457.17	5998.38	
5632.52	3081.75	5602.67	
5089.63	2606.91	5068.32	
4486.08	2149.58	4471.8	
4124.29	1867.22	4110.21	
3883.65	1705.05	3879.33	
3610.28	1507.71	3608.31	
7372.32	9490.77	7412.46	
7405.86	9481.17	7381.3	
7395.19	9461.23	7362.03	
7398.52	9439.15	7351.5	
7396.9	9409.62	7349.62	
7408.71	9367.15	7351.78	
7431.51	9315.54	7352.84	
7443.8	9253.59	7385.02	
7455.79	9109.51	7416.28	
7450.63	8733.44	7426.09	
7316.7	8248	7301.16	
6994.26	7633.75	6978.84	
6336.22	6746.11	6299.81	
5877.01	6150.35	5820.82	
5650.98	5860.94	5592.41	
5556.15	5726.86	5504.56	
5442.52	5550.73	5397.49	
5383.84	5393.78	5369.03	
5360.44	5267.32	5390.37	
5359.53	5211.42	5421.29	
5387.91	5175.05	5439.15	
5425.39	5142.65	5449.68	
5445.95	5111.94	5457.75	
5474.43	5081.24	5454.18	
5497.23	5050.39	5462.36	
5531.37	5016.05	5475.15	
5584.08	4958.49	5522.53	
5673.22	4861.82	5622.33	
5750.9	4762.7	5720.94	
5805.4	4699.05	5779.97	
5823.1	4649.47	5831.84	
5855.93	4606.19	5866.67	
5898.88	4541.3	5926.85	
5992.26	4420.57	6023.14	
6065.75	4315.76	6111.11	
6093.47	4265.97	6157.93	
6115.89	4201.95	6150.43	
6119.98	4067.41	6144.8	
5991.79	3848.84	6000.19	
5748.74	3536.18	5760.25	
5360.47	3174.02	5361.88	
4847.35	2773.55	4845.48	
4197.71	2289.59	4184.52	
3594.65	1834.73	3584.87	
3210.99	1524.61	3209.47	
3045.53	1335.57	3045.32	
3015.45	1210.07	3010.16	
2997.47	1162.48	3002.94	
7291.82	9572.85	7301.4	
7309.43	9551.14	7303.6	
7338.8	9527.19	7296.29	
7360.23	9491.84	7297.95	
7352.06	9458.14	7299.83	
7372.77	9404.32	7307.24	
7377.67	9356.03	7308.64	
7370.5	9297.33	7305.92	
7316.13	9152.15	7256.9	
7059.35	8590.1	7001.25	
6509.92	7459.82	6462.4	
6025.53	6582.38	5981.06	
5658.06	6031.85	5602.34	
5372.69	5649.44	5298.23	
5279.13	5511.05	5198.85	
5253.65	5459	5181.56	
5264.22	5419.28	5209.45	
5293.72	5336.85	5257.18	
5328.22	5252.9	5332.59	
5353.14	5203.36	5381.17	
5374.45	5171.47	5410.3	
5379.86	5138.96	5441.69	
5409.19	5103.77	5455.94	
5435.15	5074.03	5463.46	
5467.92	5043.19	5464.42	
5507.4	5006.83	5477.16	
5550.17	4964.43	5499.97	
5604.72	4894.88	5564.29	
5698.94	4784.84	5673.23	
5768.14	4697.05	5753.77	
5812.24	4647.49	5791.98	
5826.81	4601.96	5828.67	
5863.9	4550.83	5866.26	
5913.34	4441.66	5947.72	
5980.48	4302	6050.01	
6002.94	4215.81	6059.1	
5963.76	4121.57	6018.85	
5754.45	3901.1	5788.73	
5250.65	3444.27	5271.88	
4484.12	2814.24	4493.96	
3844.12	2282.7	3848.96	
3388.45	1911.11	3390.2	
3091.41	1662.99	3094.02	
2877.16	1463.8	2874.52	
2792.96	1334.12	2792.69	
2790.71	1240.75	2791	
2836.69	1144.72	2836.36	
2889.8	1020.88	2875.13	
7095.3	9768.44	7102.71	
7103.02	9739.75	7105.74	
7166.66	9666.21	7147.25	
7209.49	9609.37	7176.64	
7254.95	9547.34	7204.62	
7263.43	9501.92	7211.72	
7281.58	9427.55	7213.33	
7260.35	9320.51	7181.8	
7180.93	9127.82	7094.73	
6743.99	8321.77	6675.15	
5919.48	6793.1	5871.11	
5415.09	5882.17	5357.18	
5269.9	5613.41	5211.05	
5221.56	5511.09	5153.31	
5204.18	5459.11	5120.54	
5203.84	5422.31	5123.72	
5216.88	5387.23	5151.15	
5252.27	5330.25	5208.36	
5316.55	5253.57	5281.75	
5351.59	5207.92	5328.41	
5360.5	5171.22	5371.43	
5367.36	5136.6	5407.26	
5373.72	5104.76	5439.95	
5404.71	5072.5	5463.07	
5441.61	5040.62	5473.51	
5474.12	5004.68	5482.79	
5507.51	4965.99	5503.7	
5558.1	4912.71	5539.96	
5640.43	4815.58	5627.97	
5731.52	4711.46	5713.89	
5788.83	4641.52	5756.25	
5804.17	4599.66	5783.16	
5813.99	4544.18	5819.71	
5836.35	4437.55	5863.56	
5747.35	4225.23	5793.34	
5560.66	3951.97	5613.22	
5292.01	3680.4	5337.08	
4881.75	3337.09	4921.17	
4101.07	2722.39	4129.76	
3318.34	2099.52	3342.85	
2882.65	1730.58	2898.17	
2738.56	1560.9	2741.27	
2687.71	1457.49	2691.22	
2690.49	1382.51	2694.63	
2696.01	1300.56	2687.67	
2725.68	1208.31	2726.1	
2766.99	1112.77	2765.51	
2799.16	1054.78	2798.68	
6943.16	9938.6	6957.54	
6954.24	9886.23	6967.25	
6942.54	9839.96	6968.65	
6982.38	9790.93	6976.44	
7019.34	9743.51	6998.04	
7080.01	9670.92	7027.22	
7104.66	9578.06	7026.17	
7094.32	9398.9	6964.94	
6877.58	8837.84	6777.37	
6427.62	7888.22	6352.14	
5617.68	6397.22	5566.62	
5227.91	5671.09	5190.03	
5156.15	5508.08	5096.74	
5158.06	5472.71	5096.51	
5164.17	5447.35	5100.8	
5177.3	5417.97	5107.58	
5195.18	5376.45	5118.84	
5227.1	5332.44	5168.15	
5281.7	5272.44	5224.65	
5345.04	5212.24	5282.35	
5355.69	5174.48	5327.7	
5359.86	5138.18	5366.98	
5369.7	5104.6	5404.91	
5388.96	5075.01	5432.54	
5410.71	5040.4	5460.74	
5436.43	5005.44	5482.85	
5463.69	4965.71	5501.1	
5507.44	4921.6	5526.38	
5570.54	4854.17	5576.72	
5683.81	4731.62	5663.3	
5750.08	4637.13	5720.93	
5764.94	4575.63	5736.56	
5750.04	4513.22	5741.56	
5652.42	4369.7	5664.25	
5318.85	4007.75	5335.87	
4521.42	3285.25	4545.33	
3849.2	2697.57	3870.65	
3418.76	2333.91	3441.01	
3073.13	2037.63	3094.61	
2733.6	1744.66	2759.64	
2592.15	1585.2	2618.35	
2569.71	1503.37	2588.4	
2601.19	1429.14	2598.69	
2620.3	1357.12	2616.09	
2655	1290.82	2642.4	
2663.43	1204.87	2657.85	
2662.26	1091.61	2670.4	
2661.32	998.279	2671.28	
6881.61	9987.64	6906.17	
6871.05	9960.59	6900.99	
6870.95	9923.18	6883.63	
6856.84	9883.33	6876.64	
6889.04	9857.15	6852.19	
6912.71	9825.72	6845.47	
6943.1	9746.19	6835.88	
6881.54	9419.61	6772.04	
6562.44	8521.15	6444.05	
5861.03	7001.24	5783.1	
5405.7	6085.95	5353.94	
5160.56	5608.81	5118.77	
5121.55	5500.33	5084.72	
5125.26	5470.25	5066.96	
5132.29	5446.69	5087.09	
5148.19	5414.86	5089.29	
5168.63	5380.1	5112.44	
5196.3	5337.06	5129.16	
5248.86	5281.76	5185.57	
5299.91	5226.78	5242.6	
5343.19	5183.02	5281.29	
5351.41	5146.84	5325.81	
5369.88	5109.61	5362.42	
5375.15	5073.25	5397.23	
5385.61	5039.94	5428.51	
5398.22	5006.3	5453.41	
5427.98	4969.76	5482.57	
5454.38	4930.52	5508.2	
5516.1	4871.79	5530.97	
5603.43	4756.11	5589.51	
5665.18	4616.44	5641.78	
5641.97	4505.26	5618.72	
5497.09	4341.16	5474.02	
5180.67	4047.79	5168.76	
4537.18	3476.42	4535.12	
3577.93	2638.64	3575.14	
2866.65	2021.42	2866.59	
2648.28	1815.9	2649.58	
2562.99	1716.02	2575.25	
2526.11	1629.66	2546.44	
2502.36	1556.99	2535.75	
2515.37	1496.54	2541.12	
2541.14	1424.94	2553.57	
2583.65	1361.57	2560.74	
2584.65	1296.15	2574.11	
2581.56	1204.97	2577.75	
2559.16	1053.73	2564.51	
2540.03	921.152	2567.01	
6838.26	10016.6	6866.99	
6836.23	9995.47	6859.38	
6845.23	9958.01	6847.5	
6846.99	9924.45	6823.04	
6839.11	9898.26	6800.7	
6865.35	9878.77	6765.43	
6842.51	9823.01	6739.18	
6725.04	9460.5	6605.33	
6197.7	8078.67	6107.23	
5539.58	6510.32	5469.56	
5193.37	5757.17	5136.54	
5119.27	5581.22	5072.32	
5097.86	5509.39	5060.05	
5097.75	5474.9	5084.82	
5105.97	5448.02	5061.74	
5115.96	5420.81	5086.73	
5136.62	5383.45	5102.55	
5166.63	5341.4	5123.4	
5197.59	5297.05	5151.48	
5241.2	5251.63	5190.11	
5287.16	5204.22	5242.08	
5342.62	5155.18	5289.34	
5354.81	5114.87	5330.4	
5360.85	5075.53	5366.73	
5363.98	5039.37	5394.76	
5382.76	5006.84	5418.49	
5407.43	4968.72	5441.11	
5432.84	4932.68	5456.38	
5454.66	4877.36	5474.14	
5469.04	4738.25	5468.31	
5395.06	4511.47	5377.83	
5170.01	4192.54	5142.78	
4781.52	3805.23	4752.16	
4168.74	3272.79	4143.89	
3449.61	2656.08	3434.38	
2859.71	2126.98	2843.29	
2541.4	1815.82	2528.45	
2456.39	1706.69	2450.89	
2448.58	1655.82	2448	
2446.57	1603.78	2468.25	
2465.95	1552.43	2486.06	
2477.04	1496.51	2499.15	
2509.91	1438.75	2503.5	
2519.88	1380.43	2509.05	
2526.31	1310.08	2502.42	
2489.35	1173.97	2487.94	
2461.92	1030.97	2469.7	
2441.8	959.138	2448.88	
6807.11	10058.3	6813.89	
6807.06	10033	6809.92	
6805.12	10005.2	6795.19	
6807.9	9975.06	6769.97	
6830.44	9944.54	6748.91	
6801.39	9911.73	6730.28	
6779.53	9852.11	6655.68	
6616.78	9454.65	6506.14	
5991.8	7868.87	5916.52	
5310.12	6158.82	5263.66	
5118.57	5661.38	5070.3	
5080.91	5557.82	5029.9	
5070.36	5516.67	5053.9	
5067.97	5482.23	5063.69	
5071.32	5456.93	5084.9	
5082.1	5426.94	5077.05	
5098.23	5391.79	5099.41	
5120.86	5352.64	5121.55	
5147.93	5312.3	5129.43	
5175.84	5278.74	5155	
5231.17	5229.57	5205.7	
5288.77	5172.85	5255.48	
5340.49	5120.43	5297.2	
5350.86	5076.02	5335.71	
5362.54	5038.9	5364.83	
5377.39	5005.3	5386.07	
5398.09	4971.54	5392.78	
5402.76	4918.2	5387.33	
5365.7	4827.21	5363.66	
5229	4626.45	5230.86	
4784.79	4107.06	4758.08	
4135.95	3427.55	4089.95	
3501.51	2814.08	3453.27	
3022.48	2386.62	2995.37	
2674.23	2070.72	2656.78	
2483.62	1872.62	2464.42	
2413.85	1759.65	2391.18	
2404.81	1690.94	2386.19	
2403.96	1648.07	2400.99	
2419.99	1604.92	2416.51	
2437.59	1557.49	2434	
2462.04	1512.3	2443.1	
2465.94	1459.75	2451.27	
2457.08	1402.4	2442.9	
2447.1	1301.82	2437.46	
2413.67	1150.5	2411.12	
2367.38	1051.63	2380.82	
2345.9	1015.45	2366.2	
6683.41	10164.4	6675.86	
6676.91	10157.6	6661.76	
6674.04	10139.2	6648.75	
6694.03	10098.3	6643.28	
6700.79	10051.2	6638.39	
6698.35	9984.03	6616.54	
6661.84	9824.52	6585.58	
6492.37	9358.12	6397.4	
5848.82	7706.81	5784.94	
5218.57	6042.61	5179.25	
5062.92	5620.14	5031.61	
5043.32	5555.86	5024.89	
5034.77	5524.17	5036.09	
5032.34	5495.26	5065.77	
5034.25	5467.5	5074.83	
5040.44	5439	5087.69	
5052.44	5403.26	5094.77	
5074.57	5362.71	5106.91	
5098.59	5328.28	5129.13	
5124.24	5295.62	5146.81	
5156.32	5261.76	5170.12	
5223.6	5200.96	5213.59	
5310.7	5124.61	5265.71	
5350.39	5070.39	5304.11	
5368.55	5035.91	5329.81	
5378.89	5003.8	5341.5	
5379.6	4954.29	5346.4	
5337.31	4866.23	5295.85	
5166.29	4650.37	5111.35	
4708.8	4160.9	4638.74	
4014.73	3459.97	3928.21	
3129.11	2598.41	3032.04	
2620.12	2150.16	2584.06	
2430.94	1952.39	2404.97	
2374.34	1862.63	2349.18	
2355.72	1805.2	2337.38	
2359.71	1747.35	2326.42	
2370.45	1695.32	2330.55	
2381.45	1655.35	2344.46	
2396.74	1617.53	2360.49	
2414.32	1576.5	2377.48	
2423.11	1530.47	2386.02	
2410.27	1486.88	2388.66	
2391.76	1408.59	2376.49	
2350.98	1268.21	2345.85	
2328.44	1154.79	2330.33	
2296.5	1086.54	2315.21	
2271.61	1045.86	2311.02	
6463.82	10382.8	6444.19	
6452.83	10374.4	6426.91	
6459.36	10345.2	6421.9	
6469.91	10306.4	6428.1	
6475.48	10252.3	6424.52	
6489.5	10081.6	6440.18	
6419.41	9699.83	6374.65	
6175.55	8878.06	6130.23	
5638.62	7381.91	5590.58	
5137.84	6003.65	5108.94	
5017.04	5636.86	5007.73	
4997.2	5568.33	5006.91	
4992.45	5537.3	5023.31	
4992.54	5509.94	5039.87	
4994.24	5483.64	5058.91	
5004.21	5449.17	5077.51	
5019.57	5410.91	5084.82	
5033.76	5374.43	5098.72	
5055.06	5342.15	5112.09	
5076.71	5311.73	5133.92	
5106.85	5274.67	5148.67	
5177.72	5219.92	5173.34	
5270.76	5131.52	5231.58	
5340.21	5067.24	5270.61	
5389.38	5025.8	5279.73	
5385.2	4966.94	5275.87	
5332.26	4867.64	5215.05	
5186.35	4659.15	5036.14	
4751.49	4152.49	4531.71	
4018.61	3417.47	3773.98	
3182.66	2626.41	2953.54	
2591.14	2187.5	2517.95	
2328.06	1948.01	2296.84	
2278.98	1871.1	2257.12	
2289.32	1825.92	2263.43	
2308.08	1790.43	2274.33	
2322.95	1750.67	2283.8	
2336.52	1707.62	2281.85	
2350.07	1673.91	2284.31	
2363.58	1634.69	2310.16	
2371.71	1595.74	2328.77	
2370.92	1556.88	2337.98	
2365.69	1503.34	2338.8	
2330.81	1400.65	2314.99	
2281.79	1257.85	2269.63	
2242.41	1175.27	2250.7	
2229.28	1127.02	2250.89	
2223.65	1093.61	2246.66	
6338.51	10526.1	6318.51	
6337.01	10497.8	6308.31	
6339.04	10456.4	6306.36	
6337.31	10422.8	6292.52	
6323.58	10372.5	6293.91	
6275.65	10183.9	6271.24	
6107.99	9444.93	6096.15	
5677.94	8007.44	5662.38	
5243.76	6711.11	5233.23	
4999.36	5988.56	4997.81	
4932.82	5687.96	4943.81	
4932.91	5610.84	4954.75	
4943.57	5568.64	4982.24	
4944.07	5534.14	5013.14	
4956.82	5497.1	5035.15	
4978.81	5456.47	5043.17	
4997.43	5419.42	5057.73	
5008.31	5387.07	5072.17	
5021.36	5354.79	5093.9	
5050.72	5322.5	5094.41	
5085.19	5285.37	5107.1	
5128.63	5229.31	5130.68	
5219.44	5127.12	5170.77	
5297.55	5035.58	5205.42	
5345.02	4961.25	5188.06	
5444.7	4811.66	5060.95	
5259.55	4463.68	4735.71	
4824.46	3950.68	4234.62	
4213.72	3313.35	3590.19	
3434.81	2595.91	2853.23	
2635.77	2189.93	2455.23	
2324.17	1985.83	2263.78	
2250.3	1914.91	2220.09	
2239.71	1865.38	2216.39	
2248.09	1830.83	2233.77	
2262.8	1796.48	2244.4	
2282.81	1761.25	2244.95	
2295.19	1731.06	2252.78	
2305.8	1692.92	2261.19	
2315.6	1653.42	2270.7	
2317.4	1615.62	2291.34	
2318.5	1579.88	2305.75	
2303.29	1511.85	2288.29	
2271.43	1382.71	2253.72	
2223.55	1265.58	2215.78	
2201.94	1202.15	2194.51	
2177.78	1168.1	2177.13	
2171.3	1145.29	2172.63	
6281.3	10583.7	6260.41	
6285.2	10550.5	6259.18	
6279.16	10514.9	6245.83	
6269.89	10479.3	6237.27	
6241.18	10435.3	6243.22	
6157.13	10203.1	6162.52	
5833.11	9133.15	5840.99	
5268.29	7283.23	5283.02	
4930.45	6229.11	4944.89	
4832.27	5886.63	4849.09	
4806.47	5767.7	4828.58	
4824.32	5691.3	4859.07	
4857.92	5630.17	4912.79	
4899.02	5567.81	4970.12	
4928.11	5514.09	4988.43	
4956.1	5469.52	5005.22	
4980.92	5433.83	5013.41	
4995.39	5397.87	5033.47	
5009.17	5365.74	5041.63	
5030.8	5333.27	5048.64	
5047.71	5286.23	5043.11	
5066.82	5194.9	5056.5	
5070.36	5047.66	5031.34	
5021.04	4824.27	4909.25	
4969.66	4541.04	4690.22	
5055.6	4220.56	4388.4	
5373.26	3636.84	3781.65	
4637.27	2910.82	3062.18	
3900.15	2438.03	2610.97	
2807.84	2161.08	2373.27	
2367.13	1979.65	2214.56	
2248.95	1927.47	2180.54	
2212.7	1900.97	2179.07	
2207.29	1876.98	2194.74	
2210.54	1848.8	2214.4	
2222.86	1813.32	2223.55	
2233.08	1783.15	2230.62	
2245.26	1752.08	2232.05	
2253.48	1717.71	2242.51	
2261.8	1675.19	2252.45	
2262.78	1643.13	2267.42	
2257.88	1600.89	2263.2	
2244.04	1506.21	2241.6	
2213.31	1370.97	2198.9	
2186.92	1275.28	2165.97	
2162.62	1231.48	2144.4	
2145.29	1202.04	2126.46	
2117.43	1173.66	2127.99	
6183.84	10655	6166.25	
6202.75	10619.8	6185.8	
6191.45	10600	6168.67	
6172.09	10566.8	6161.98	
6168.31	10490.1	6160.33	
6094.52	10256.4	6100.57	
5638.8	8835.03	5658.68	
5041.36	6886.47	5073.04	
4786.6	6049.68	4820.05	
4740.01	5863.1	4763.17	
4732.07	5799.17	4764.64	
4735.74	5754.11	4782.13	
4756.93	5700.09	4823.28	
4809.07	5627.88	4873.26	
4879.79	5552.15	4925.16	
4935.71	5492.65	4953.61	
4967.97	5448.87	4973.19	
4995.12	5412.13	4976.28	
5008.02	5376.56	4986.43	
5007.75	5331.96	4983.92	
4967.23	5234.79	4956.55	
4849.99	5018.81	4830.85	
4600.44	4652.03	4554.99	
4194.64	4085.75	4063.58	
3839.31	3465.14	3491.51	
3824.28	2987.22	3033.28	
4264.51	2655.32	2700.91	
5097.55	2303.98	2333.97	
3159.44	2065.65	2190.4	
2459.99	1954.96	2140.76	
2261.3	1912.24	2127.01	
2211.46	1892.17	2128.03	
2189.18	1893.6	2147.1	
2171.97	1896.44	2178.17	
2173.03	1870.72	2192.42	
2180.38	1840.54	2209.76	
2187.63	1805.26	2218.35	
2194.89	1775.62	2220.21	
2202.6	1741.87	2221.26	
2205.24	1710.58	2242.08	
2200.37	1668.98	2244.94	
2200.94	1608.22	2231.5	
2190.86	1495.35	2194.85	
2166.92	1370.78	2148.37	
2141.09	1303.53	2117.61	
2118.97	1264.52	2094.15	
2094.97	1231.17	2086.11	
2084.59	1211.63	2086.92	
5982.63	10835.7	5981.06	
5985.6	10817.9	5977.71	
6005.38	10777.9	6000.14	
6018.7	10701.2	6006.61	
6010.86	10583.9	5999.62	
5963.59	10199.9	5957.32	
5575.49	8802.6	5598.24	
4915.39	6687.83	4961.41	
4724.01	6001.69	4764.21	
4689.86	5870.34	4737.46	
4684	5826.71	4739.61	
4678.84	5790.66	4741.47	
4683.63	5743.93	4749.38	
4721.52	5695.26	4770.73	
4806.54	5612.43	4826.54	
4892.94	5530.59	4886.47	
4956.61	5473.35	4922	
4987.83	5425.3	4933.44	
5012.88	5374.63	4928.94	
4962.15	5300.68	4909.55	
4783.58	5071.94	4753.08	
4300.26	4492.75	4265.96	
3654.44	3727.93	3585.66	
3096.98	3040.73	2956.8	
2767.68	2539.69	2490.27	
2784.19	2268.56	2241.11	
3168.46	2129.98	2116.19	
2955.7	2056.64	2086.12	
2745.43	1974.85	2064.92	
2314.97	1908.03	2064.5	
2216.98	1879.43	2079.3	
2181.76	1884.41	2096.07	
2161.58	1894.78	2122.24	
2148.21	1898.6	2147.05	
2137.12	1898.67	2180.11	
2135.23	1866.22	2190.63	
2138.96	1833.97	2202.49	
2144.39	1799.43	2204.07	
2149.22	1770.95	2212.77	
2150.87	1737.4	2222.73	
2159.65	1695.23	2213.41	
2156.71	1608.24	2188.47	
2134.18	1483.23	2138.49	
2109.09	1390.14	2101.81	
2095.68	1334.83	2076.49	
2077.28	1291.31	2055.87	
2051.41	1266.75	2054.07	
2025.74	1251.82	2057.16	
5782.36	11039.2	5805.55	
5779.31	11025.8	5792.7	
5807.72	10956.1	5795	
5818.88	10858.2	5802.93	
5790.52	10609.9	5774.17	
5682.54	9878.1	5680.31	
5350.15	8427.36	5367.89	
4875.45	6670.68	4920.4	
4675.91	5994.62	4736.38	
4657.56	5892.46	4715.23	
4642.48	5856.66	4711.96	
4643	5815.23	4706.71	
4660.13	5778.7	4695.25	
4685.38	5730.29	4703.93	
4744.09	5677.19	4726.26	
4825.43	5583.26	4780.02	
4890.85	5491.88	4829.13	
4949.21	5408.47	4874.3	
4936.92	5334.55	4858.74	
4842.8	5188.52	4759.28	
4409.3	4694.95	4351.48	
3570.91	3744.65	3513.8	
2772.96	2834.14	2684.17	
2406.75	2385.78	2281.09	
2295.25	2181.95	2103.23	
2348.11	2085.21	2025.94	
2294.72	2032.94	2003.45	
2279.88	1989.79	2003.07	
2271.97	1949.5	2017.93	
2256.13	1905.14	2034.79	
2184.45	1882.47	2049.76	
2156.07	1885.52	2071.94	
2135.93	1899.67	2094.81	
2123.2	1906.86	2126.33	
2110.23	1903.67	2151.39	
2095.65	1894.56	2177.28	
2092.3	1858.4	2185.01	
2092.39	1828.01	2194.57	
2098.03	1788.95	2196.8	
2112.08	1756.03	2187.43	
2120.52	1710.89	2176.4	
2119.24	1616.76	2139.33	
2090.38	1485.76	2083.23	
2065.02	1403.43	2053.07	
2053.44	1357.79	2039.41	
2042.7	1326.65	2021.32	
2015.66	1301.42	2022.73	
1988.59	1287.74	2034.76	
5687.68	11149.1	5727.92	
5695.34	11107.3	5715.79	
5689.11	11064.2	5680.58	
5667.53	10977.4	5643.81	
5566.36	10511.8	5554.64	
5294.65	9328.66	5294.15	
4966.27	7606.3	4985.82	
4740.05	6484.54	4782.92	
4642.28	6030.12	4703.83	
4613.7	5923.02	4690.23	
4622.29	5880.39	4672.35	
4633.79	5846.81	4660.77	
4646.85	5807.82	4654.8	
4680.84	5762.07	4645.33	
4712.64	5709.89	4652.63	
4733.61	5639.6	4652.07	
4752.55	5456.64	4670.9	
4698.21	5236.53	4619.07	
4607.34	5040.31	4529.96	
4344.26	4694.68	4264.99	
3791.72	4050.71	3709.92	
2884.16	3032.88	2809.82	
2345.15	2407.74	2260.3	
2162.63	2172.05	2051.86	
2139.59	2096.77	2000.5	
2118.49	2057.77	1982.49	
2119.42	2021.16	1980.64	
2132.73	1983.68	1984.31	
2151.67	1946.6	1990.59	
2156.37	1917.46	2005.73	
2152.24	1898.82	2026.49	
2128.23	1896.18	2049.63	
2110.66	1905.21	2078.34	
2093.41	1913.49	2102.28	
2082.38	1913	2127.49	
2071.53	1897.52	2154.85	
2060.03	1879.91	2182.53	
2064.3	1835.62	2178.8	
2072.92	1799.55	2163.68	
2078.86	1765.02	2148.02	
2086.57	1715.02	2122.55	
2077.96	1619.82	2084.99	
2053.91	1488.22	2035.77	
2035.95	1417.15	1997.25	
2025.71	1386.96	1983.56	
2012.85	1358.46	1976.38	
1989.17	1330.42	1986.7	
1969.76	1320.02	2008.95	
5548.11	11267.2	5573.94	
5568.23	11233.5	5586.27	
5535.04	11220.9	5538.55	
5519.23	11087.5	5513.59	
5367.54	10522	5360.41	
4997.83	8640.19	4999.42	
4665.18	6967.23	4680.57	
4563.09	6295.4	4597.58	
4555.29	6069.78	4607.52	
4562.75	5982.57	4610.79	
4586.66	5921.16	4621.38	
4616.88	5878.61	4615.62	
4645.23	5840.32	4611.33	
4660.4	5787.02	4607.48	
4690.52	5737.04	4586.96	
4659.74	5641.74	4570.46	
4476.41	5319.13	4392.6	
4057.17	4663.98	3968.94	
3598.4	4008.97	3506.1	
3242.52	3550.08	3154.83	
2794.82	3018.99	2711.46	
2399.65	2548.2	2321.52	
2136.13	2221.35	2055.13	
2083.99	2120.57	1993.99	
2068.75	2082.58	1971.9	
2068.19	2052.52	1973.24	
2077.31	2020.42	1970.65	
2090.79	1986.54	1967.41	
2099.4	1953.61	1964.37	
2104.36	1926.66	1973.85	
2104.16	1913.62	2002.67	
2099.27	1912.46	2034.73	
2081.83	1917	2060.14	
2068.72	1924.06	2086.08	
2055.81	1918.15	2110.61	
2049.19	1899.16	2138.35	
2047.84	1868.69	2150.45	
2054.8	1843.24	2150.51	
2066.91	1804.42	2130.05	
2072.02	1765.01	2104.95	
2062.08	1706.18	2069.82	
2033.12	1598.74	2024.06	
2011.09	1503.64	1981.97	
2003.92	1445.74	1949.92	
2002.69	1409.93	1930.84	
1985.18	1385.07	1935.13	
1965.09	1362.84	1948.68	
1948	1348.76	1958.73	
5315.63	11500.7	5330.94	
5293.01	11496	5303.16	
5322.12	11425.5	5336.27	
5284.98	11286	5289.88	
5229.69	10437	5227	
4818.26	8252.34	4831.89	
4519.59	6679.88	4534.77	
4452.31	6251.46	4471.44	
4441.19	6148.47	4463.52	
4469.45	6067.23	4489.83	
4516.59	5989.3	4524.74	
4567.69	5928.51	4553.17	
4604.4	5874.04	4562.69	
4638.35	5818.88	4561.11	
4626.45	5754.85	4547.48	
4557.19	5605.84	4463.72	
4186.41	5084.27	4103.22	
3320.39	3907.58	3230.23	
2571.89	2924.69	2467.5	
2265.5	2523.04	2157.1	
2153.14	2367.45	2057.51	
2074.33	2244.32	1988.93	
2043.01	2157.63	1971.32	
2030.29	2105.59	1962.37	
2033.23	2077.49	1972.09	
2038.61	2050.86	1962.92	
2045.72	2023.95	1958.58	
2055.32	1995.28	1950.96	
2061.54	1963.03	1947.27	
2068.72	1933.63	1951.54	
2067.83	1928.51	1982.58	
2061.91	1927.45	2018.51	
2056.36	1932.99	2049.02	
2044.62	1930.77	2072.33	
2032.8	1918.23	2093.03	
2022.46	1894.93	2106.31	
2034.87	1862.46	2110.84	
2045.95	1832.61	2107.32	
2061.62	1804.14	2097.85	
2075.63	1758.51	2066.38	
2036.74	1686.32	2029.9	
1995.3	1586.21	1970.5	
1975.45	1519.69	1936.89	
1970.78	1469.17	1916.08	
1965.43	1435.37	1909.73	
1953.4	1410.91	1916.86	
1940.49	1390.71	1915.05	
1928.55	1375.14	1921.17	
5147.41	11700.4	5152.59	
5128.32	11657.5	5145.3	
5111.23	11601.6	5115.29	
5139.45	11364.5	5140.89	
5019.89	10294.9	5019.35	
4699.59	8039.86	4710.06	
4443.32	6574.52	4475.89	
4393.26	6266.62	4407.45	
4388.23	6186.53	4401.43	
4390.46	6127.38	4404.2	
4424.18	6074.79	4411.88	
4473.48	6007.55	4438.14	
4527.68	5938.78	4470.86	
4548.66	5882.75	4485.56	
4528.19	5783.37	4463.62	
4356.86	5478.97	4290.06	
3826.8	4687.24	3746.66	
2815.39	3343.28	2735.5	
2168.63	2492.26	2071.02	
2005.1	2263.71	1895.73	
1976.05	2202.15	1862.69	
1976.22	2168.4	1889.23	
1983.96	2131.31	1919.33	
1991.6	2100.93	1947.44	
1996.54	2075.87	1948.61	
2000.75	2053.49	1953.8	
2008.12	2029.16	1937.99	
2014.38	2005.34	1937.45	
2023.65	1974.33	1936.87	
2028.14	1950.26	1945.69	
2032.1	1940.93	1968.05	
2032.52	1941.14	2003.05	
2025.8	1941.15	2033.35	
2015.43	1936.85	2054.73	
2003.25	1921.34	2067.9	
2006.7	1886.98	2074.04	
2015.96	1855.71	2074.75	
2036.34	1821.96	2065.99	
2046.69	1785.52	2051.55	
2033.18	1741.07	2029.98	
2005.22	1661.28	1979.96	
1963.96	1584.04	1935.12	
1949.13	1532.03	1896.48	
1934.21	1493.73	1897.01	
1920.58	1460.56	1907.79	
1918.16	1433.59	1920.6	
1912.75	1410.61	1930.19	
1905.97	1392.55	1915.42	
4912.19	11914.8	4911.97	
4935.94	11857.8	4934.63	
4967.69	11711.4	4964.39	
4955.05	11398.2	4943.78	
4818.56	10148.6	4804.95	
4557.55	7702.14	4569.62	
4394.62	6520.5	4419.25	
4340.45	6272.49	4387.34	
4348.06	6205.37	4368.22	
4358.05	6168.91	4355.07	
4370.31	6127.42	4341.89	
4392.95	6077.43	4338.85	
4399.47	6036.46	4340.34	
4398.17	5966.88	4359.29	
4359.95	5783.39	4316.08	
4073.68	5220.49	4018.63	
3262.92	4032.99	3210.02	
2442.13	2901.14	2383.38	
2034.09	2351.64	1956.94	
1953.24	2227.08	1852.21	
1942.93	2187.19	1844.07	
1946.37	2153.41	1858.63	
1950.06	2128.86	1899.31	
1957.05	2101.64	1924.85	
1960.27	2079.05	1944	
1967.45	2055.82	1925.87	
1973.6	2034.08	1934.83	
1977.98	2011.99	1924.79	
1984.6	1990.19	1941.88	
1990.38	1966.8	1948.13	
1997.09	1950.05	1962.59	
1997.73	1945.05	1986.47	
1992.67	1941.27	2010.76	
1984.4	1930.22	2029.12	
1982.14	1908.74	2038.74	
1988.24	1882.16	2041.91	
2007.61	1843.45	2035.25	
2008.26	1805.14	2022.08	
1995.55	1763.27	1999.37	
1964.57	1697.49	1955.52	
1941.59	1632.29	1918.19	
1933.18	1583.42	1886.63	
1913.58	1545.01	1884.56	
1898.97	1511.37	1885.45	
1886.03	1480.37	1911.65	
1880.33	1450.01	1937.44	
1877.64	1428.83	1926.02	
1873.6	1412.37	1925	
4648.25	12191.7	4636.39	
4672	12107.8	4647.73	
4697.46	11918.2	4661.56	
4675.14	11279.8	4627.97	
4631.71	9667.65	4612.45	
4433.95	7471.98	4439.3	
4330.82	6497.14	4357.99	
4311.99	6284.71	4336.17	
4306.9	6229.36	4336.12	
4328.09	6201.56	4309.1	
4346.31	6163.51	4296.2	
4342.34	6126.34	4282.1	
4318.58	6081.55	4289.62	
4271.15	5986.02	4243.5	
4130.14	5658.2	4098.22	
3625.01	4760.77	3586.99	
2742.15	3411.36	2703.42	
2129.67	2535.1	2092.21	
1963.46	2285.02	1913.18	
1925.91	2219.07	1859.92	
1921.21	2188.56	1853.22	
1921.41	2161.82	1866.78	
1923.16	2132.98	1883.43	
1926.22	2107.08	1916.26	
1932.15	2081.84	1928.62	
1940.47	2058.69	1934.62	
1942.7	2037.91	1922.98	
1946.79	2021.63	1942.83	
1949.44	2001.47	1948.02	
1953.95	1979.97	1964.77	
1956.78	1960.18	1969.72	
1959.59	1943.85	1972.64	
1957	1931.5	1982.89	
1954.25	1914.22	1987.99	
1953.72	1891.18	1996.92	
1966.34	1862.62	1997.8	
1961.01	1822.38	1979.62	
1942.48	1774.36	1945.8	
1911.36	1718.73	1909.63	
1891.39	1666.09	1886.09	
1882.95	1616.62	1860.45	
1880.42	1581.3	1859.66	
1876.47	1551.24	1867.64	
1869.63	1524.61	1896.66	
1860.39	1488.92	1906.08	
1840.9	1464.12	1919.38	
1833.76	1445.7	1931.91	
1828.19	1434.22	1925.59	
4340.88	12479.3	4303.48	
4346.19	12445.3	4298.75	
4317.19	12224.6	4216.44	
4434.96	10950	4372.82	
4380.49	8752.78	4353.01	
4282.35	7253.02	4278.9	
4240.2	6550.2	4244.82	
4251.34	6333.04	4256.18	
4272.31	6280.28	4253.31	
4284.67	6237.5	4262.16	
4311.04	6198.31	4251.31	
4300.55	6156.96	4254.49	
4270.84	6103	4243.95	
4194.96	5961.74	4173.02	
3804.19	5325.35	3777.2	
3080.54	4124.26	3052.61	
2302.47	2885.35	2275.68	
1978.9	2373.93	1950.02	
1907.29	2250.3	1881.11	
1898.69	2220.06	1877.26	
1893.89	2195.57	1857.5	
1893.88	2169.56	1863.95	
1895.37	2142.61	1885.73	
1898.55	2113.12	1900.92	
1902.61	2087.56	1929.32	
1905.86	2063.95	1936.75	
1912.76	2046.58	1947.57	
1915.07	2027.63	1944.4	
1918.77	2010.38	1958.22	
1920.43	1989.31	1975.79	
1924.02	1963.74	1982.14	
1926.03	1941.02	1973.24	
1931.56	1922.23	1946.37	
1921.06	1896.2	1939.71	
1907.3	1860.16	1927.33	
1890.42	1822.83	1903.96	
1868.02	1780.46	1872.18	
1846.72	1729.71	1840.89	
1840.4	1684.68	1828.05	
1835.87	1645.6	1827.99	
1834.91	1610.79	1835.59	
1834.28	1579.63	1843.16	
1837.2	1554.61	1860.98	
1839.86	1525.66	1877.7	
1830.37	1499.81	1893.12	
1814.31	1476.36	1908.3	
1792.96	1458.38	1921.63	
1794.82	1434.97	1919.09	
3890.26	12913.3	3818.99	
3819.33	12881.8	3724.25	
4079.43	12282.2	3999.02	
4185.15	10642.4	4113.64	
4162.15	8143.39	4132.63	
4134.68	6939.04	4118.72	
4133.31	6576.43	4117.67	
4149.01	6441.23	4124.56	
4176.9	6368.44	4145.56	
4226.84	6293.57	4184.07	
4238.34	6244.39	4205.92	
4241.86	6193.63	4215.48	
4210.39	6114.01	4181.72	
4080.04	5874.45	4057.82	
3561.91	5034	3541.35	
2559.56	3445.1	2529.65	
2036.98	2582.19	2010.5	
1891.2	2312.66	1871.28	
1867.9	2250.04	1857.74	
1860.26	2226.13	1856.31	
1862.23	2204.07	1857.36	
1862.34	2179.14	1863.14	
1865.73	2151.59	1878.69	
1867.47	2124.51	1905.21	
1870.48	2098.17	1925.04	
1868.48	2074.22	1940.4	
1873.13	2052.22	1955.42	
1879.71	2035.32	1952.47	
1888.95	2015.05	1945.23	
1896.43	1991.77	1959.26	
1896.91	1966.64	1980.61	
1901.98	1939.23	1958.9	
1898.48	1908.97	1919.85	
1877.05	1873.95	1878.82	
1827.69	1821.03	1827.33	
1793.58	1778.62	1792.46	
1787.7	1744.38	1775.71	
1788.35	1704.6	1778.68	
1791.21	1668.32	1783.58	
1794.61	1637.63	1797.19	
1795.17	1607.1	1821.09	
1798.52	1581.31	1833.24	
1799.64	1555.87	1851.4	
1800.24	1527.61	1863.66	
1801.1	1503.48	1876.68	
1794.12	1481.1	1885.78	
1784.34	1460.36	1887.4	
1778.48	1446.05	1886.21	
3271.89	13359.9	3139.64	
3562.08	12903.9	3465.16	
3693.85	11978.7	3611.68	
3874.62	10210.4	3820.14	
4009.96	7897.75	3979.81	
4051.44	6790.52	4031.21	
4062.9	6578.35	4040.55	
4069.73	6513.13	4037.16	
4092.47	6442.08	4053.4	
4110.58	6384.22	4071.98	
4133.11	6323.28	4110.18	
4134.08	6259.09	4119.68	
4100.07	6110.29	4086.29	
3849.17	5631.85	3834.35	
3211.91	4561.92	3196.09	
2306.66	3115.14	2283.37	
1900.66	2448.72	1868.18	
1837.27	2311.58	1816.69	
1825.22	2269.3	1815.82	
1824.15	2237.81	1837.52	
1826.92	2212.28	1861.33	
1827.33	2189.93	1867.32	
1828.39	2165.31	1879.1	
1832.02	2136.56	1896.72	
1832.46	2108.97	1915.81	
1839.37	2082.43	1927.9	
1833.15	2060.29	1939.43	
1844.7	2038.05	1940.77	
1857.43	2017.3	1932.36	
1865.97	1994.82	1933.55	
1872.18	1966.65	1926.66	
1866.97	1934.39	1917.69	
1843.73	1891.41	1870.34	
1801.79	1836.38	1791.92	
1769.9	1797.96	1751.91	
1750.5	1762.87	1738.11	
1746.3	1726.82	1741.01	
1752.7	1697.35	1747.36	
1756.8	1664.67	1763.23	
1761.33	1633.89	1786.11	
1765.53	1608.67	1805.94	
1765.05	1580.15	1828.83	
1768.52	1553.74	1844.43	
1766.94	1527.58	1857.39	
1777.09	1501.68	1851.56	
1786.13	1482.23	1847.13	
1796.21	1465.44	1846.2	
1807.64	1456.37	1845.98	
3092.34	12542.1	2976.93	
3112.02	12386.5	2999.43	
3281.5	11163.9	3205.75	
3550.24	9396.75	3503.06	
3874.82	7650.16	3852.23	
3995.79	6768.58	3979.6	
4015.76	6593.19	3991.85	
4025.45	6539.32	3996.48	
4029.07	6496.11	3986.09	
4025.23	6448.46	4003.72	
4018.55	6406.37	4007.33	
4004.1	6316.28	4008.29	
3912.54	6036.33	3920.69	
3531.59	5264.27	3528.49	
2682.58	3823.52	2679.38	
2068.78	2807.25	2059.31	
1837.92	2413.35	1815.26	
1800.89	2330.95	1765.6	
1789.15	2288.9	1781.11	
1788.83	2248.24	1819.22	
1786.62	2224.57	1851.35	
1786.83	2201.88	1866.06	
1790.22	2177.24	1865.96	
1796.45	2148.72	1878.44	
1805.08	2120.64	1885.25	
1808.68	2091.79	1898.65	
1819	2063.76	1899.73	
1818.05	2042	1902.16	
1824.16	2020.36	1903.18	
1831.68	1995.46	1888.08	
1825.72	1961.56	1865.24	
1794.63	1911.53	1816.33	
1758.76	1861.11	1767.67	
1734.52	1816.05	1721.96	
1732.53	1781.91	1703.61	
1720.76	1753.61	1711.87	
1716.32	1724.55	1720.4	
1720.32	1693.67	1734.99	
1726.65	1664.19	1758.64	
1730.99	1636.73	1773.69	
1734.16	1610.4	1800.51	
1738.72	1579.21	1820.05	
1735.61	1546.12	1833.61	
1747.32	1521.23	1829.02	
1754.21	1500.13	1823.74	
1786.93	1483.3	1813.01	
1819.13	1476.12	1806.86	
1838.22	1466.77	1806.49	
2509.51	10283.3	2428.25	
2559.84	10137.8	2481.55	
2929.57	10072.4	2857.24	
3395.6	8643.47	3360.92	
3743.37	7323.88	3725.76	
3918.82	6786.8	3904.95	
3954.52	6629.79	3949.28	
3964.63	6573.4	3950.69	
3969.67	6529.8	3969.53	
3965.36	6488.47	3967.65	
3952.61	6438.81	3972.92	
3914.88	6334.19	3938.03	
3689.17	5856.95	3704.65	
3057.22	4653.47	3066.07	
2273.69	3268.18	2279.66	
1860.94	2555.49	1868.38	
1779.64	2389.52	1774.09	
1755.88	2341.33	1744.16	
1749.93	2306.56	1759.97	
1742.09	2268.77	1791.2	
1745.04	2237.3	1818.44	
1746.63	2214.16	1826.18	
1758.23	2187.41	1832.34	
1773.59	2162.8	1830.61	
1783.63	2133.01	1838.59	
1793.29	2102.96	1842.21	
1800.43	2071.12	1847.19	
1803.06	2041.85	1850.31	
1797.57	2018.29	1850.34	
1786.44	1990.36	1833.75	
1751.4	1942.2	1779.68	
1709.63	1885.13	1716.28	
1689.48	1842.61	1676.29	
1686.79	1804.42	1676.31	
1683.77	1775.08	1680.85	
1687.17	1752.48	1686.82	
1687.86	1723.16	1707.36	
1691.71	1693.39	1732.82	
1696.86	1665.6	1744.28	
1700.44	1641.52	1773.73	
1706.53	1609.84	1786.87	
1707.81	1575.05	1807.13	
1718.93	1541.8	1805.12	
1724.36	1510.79	1801.82	
1756.39	1498.32	1794.14	
1787.93	1493.47	1786.7	
1827.58	1482.48	1773.79	
1855.05	1478.47	1769.87	
2092.62	8797.29	2029.58	
2364.54	8727.96	2311.98	
2770.48	8531.26	2732.72	
3285.06	8032.26	3258.83	
3652.84	7193.53	3641.55	
3773.97	6853.57	3769.49	
3844.86	6715.37	3842.5	
3891.17	6621.25	3906.3	
3909.79	6565.51	3939	
3913.73	6512.02	3960.23	
3903.62	6447.55	3950.56	
3839.21	6304.65	3871.64	
3487.32	5638.47	3509.48	
2607.25	4038.35	2621.06	
1953.82	2847.88	1965.1	
1759.08	2469.11	1770.24	
1716.11	2383.65	1736.93	
1704	2352.31	1728.13	
1691.77	2324.22	1736.16	
1695.43	2289.9	1753.37	
1697.91	2256.05	1761.37	
1723.77	2227.21	1771.37	
1738.24	2204.17	1774.24	
1761.64	2174.11	1780.83	
1770.46	2145.84	1780.67	
1777.67	2113.59	1786.19	
1780.59	2073.1	1797.59	
1786.81	2039.81	1799.12	
1770.78	2010.81	1787.67	
1718.06	1970.7	1754.32	
1668.66	1917.98	1698.37	
1648.01	1873.3	1651.12	
1643.76	1835.65	1648.01	
1644.95	1805.15	1651.8	
1647.9	1774.97	1660.39	
1653.34	1751.08	1680.47	
1661.34	1726.83	1701.3	
1665.48	1692.86	1720.06	
1667.91	1667.59	1742.26	
1673.64	1640.36	1755.27	
1677.28	1610.52	1775.87	
1687.22	1574.91	1776.94	
1702.11	1532.91	1779.82	
1727.9	1513.34	1774.1	
1756.12	1502.29	1768.59	
1793.08	1500	1760.02	
1827.49	1493.17	1747.84	
1850.28	1482.97	1731.16	
2317.31	8243.1	2273.75	
2403.95	8188.56	2368.9	
2743.75	7947.45	2728.27	
3241.2	7499.94	3233.38	
3550.69	7138.38	3545.12	
3679.49	6911.22	3675.9	
3741.07	6793.45	3736.96	
3796.27	6697.8	3809.55	
3839.41	6614.57	3878.33	
3866.16	6542.1	3909.9	
3842.53	6456.15	3888.07	
3724.17	6191.06	3764.65	
3244.88	5311.01	3275.62	
2316.55	3646.33	2339.34	
1787.25	2663.07	1800.82	
1682.7	2446.67	1699.65	
1659.05	2395.58	1687.77	
1644.16	2367.02	1697.21	
1646.28	2339.42	1697.77	
1646.7	2309.86	1700.75	
1669.14	2278.63	1706.61	
1693.23	2247.25	1708.97	
1733.23	2217.31	1717.15	
1743.55	2185.21	1723.37	
1758.95	2153.49	1737.13	
1751.4	2115.78	1748.39	
1748.55	2070	1747.05	
1726.18	2030.02	1731.64	
1690.7	1992.89	1705.76	
1644.36	1950.6	1674.33	
1606.49	1903.42	1641.55	
1596.67	1867.02	1634.96	
1599.97	1837.4	1630.14	
1607.54	1805.31	1640.5	
1615.83	1780.73	1660.84	
1622.25	1756.52	1674.23	
1630.4	1727.9	1695.05	
1635.91	1698.77	1715.95	
1636.66	1665.4	1729.3	
1638.56	1635.81	1742.31	
1646.9	1608.82	1750.28	
1665.5	1574.02	1755.5	
1694.27	1543.55	1750.82	
1727.37	1522.44	1746.16	
1758.7	1508.85	1740.57	
1791.07	1509.34	1734.51	
1823.81	1508.81	1723.21	
1845.1	1513.78	1719.9	
2521.46	7953.46	2491.82	
2591.57	7914.25	2576.82	
2774.84	7764.88	2767.77	
3163.17	7403.56	3172.51	
3504.12	7072.46	3505.23	
3636.18	6929.75	3624.74	
3675.2	6847.95	3662.71	
3699.6	6778.27	3716.41	
3735.91	6697.34	3766.68	
3751.61	6606.31	3785.74	
3733.46	6423.09	3767.34	
3505.95	5918.39	3546.15	
2876.41	4755.2	2907.64	
2064.79	3305.84	2091.69	
1690.68	2611.73	1718.24	
1621.45	2460.6	1643.9	
1605.23	2416.12	1639.51	
1601.35	2388.09	1643.99	
1609.14	2358.71	1648.14	
1629.64	2328.84	1646.84	
1636.09	2298.85	1654.39	
1672.55	2266.1	1658.73	
1699.48	2229.46	1660.17	
1721.15	2192.01	1672.49	
1712.93	2151.68	1683.5	
1706.76	2112.67	1691.57	
1674.21	2064.85	1671.53	
1621.28	2012.46	1630.43	
1580.7	1970.89	1603.16	
1568.66	1932.14	1603.27	
1559.39	1898.79	1619.49	
1555.11	1866.72	1616.66	
1562.67	1836.67	1620.03	
1570.1	1813.08	1637.31	
1576.42	1786.13	1657.8	
1588.01	1760.11	1671.79	
1597.32	1733.01	1683.52	
1601.62	1702.63	1699.98	
1605.93	1667.05	1711.66	
1602.72	1633.42	1725.99	
1614.26	1602.57	1733.7	
1647.39	1576.82	1729.66	
1686.17	1556.01	1726.51	
1723.8	1534.51	1723.19	
1755.53	1518.72	1717.06	
1785.17	1520.34	1711.32	
1820.13	1541.61	1712.9	
1846.33	1551.35	1714	
2706.58	7757.35	2705.53	
2775.18	7710.71	2772.07	
2882.81	7633.3	2888.2	
3137.57	7403.46	3142.29	
3458.56	7080.13	3468.63	
3580.65	6945.72	3585.95	
3614.14	6890.99	3636.43	
3639.56	6830.37	3659.93	
3646.23	6768.28	3667.5	
3640.78	6659.91	3658.83	
3527.9	6284.67	3559.79	
3136.34	5403.26	3165.95	
2403.19	4025.75	2426.29	
1830.12	2987.28	1847.65	
1603.42	2586.31	1635.88	
1554.39	2482.08	1596.63	
1559.37	2444.41	1585.19	
1581.98	2411.96	1587.11	
1587.51	2382.3	1593.06	
1605.71	2348.44	1596.33	
1623.16	2314.09	1595.5	
1631.52	2281.4	1602.16	
1646.01	2241.16	1607.08	
1647.67	2192.11	1609.79	
1635.79	2148.41	1603.43	
1592.3	2100.79	1573.79	
1549.57	2052.67	1547.21	
1520.93	1999.45	1531.65	
1513.9	1955.85	1543.78	
1509.39	1925.24	1564.72	
1510.87	1895.61	1585.27	
1519.65	1866.22	1600.25	
1521.8	1842.02	1619.1	
1529.37	1817.83	1628.53	
1539.17	1792.16	1641.35	
1549.59	1761.07	1658.46	
1562.45	1734.68	1666.03	
1569.8	1705.39	1677.89	
1574.07	1672.35	1695.11	
1584.7	1636.12	1700.19	
1600.85	1602.88	1704.45	
1634.75	1583.55	1703.55	
1677.16	1563.65	1702.47	
1715.3	1543.21	1701.11	
1748.76	1542.52	1700.65	
1776.92	1548.98	1702.49	
1810.44	1563.85	1705.45	
1842.96	1584.39	1708.32	
2859.14	7578.29	2872.65	
2910.41	7557.68	2936.54	
2996.78	7528.78	3000.18	
3159.1	7382.52	3158.97	
3394.5	7136.66	3406.19	
3509.84	6991.31	3554.34	
3562.23	6916.02	3604.57	
3590.63	6856.57	3623.4	
3606.27	6798.15	3614.22	
3576.33	6683.65	3601.79	
3334.82	6117.78	3369.66	
2661.46	4709.37	2686.52	
1981.97	3376.2	1989.89	
1644.7	2759.21	1655.97	
1541.99	2569.54	1559.87	
1505.74	2508.31	1538.52	
1527	2471.3	1530.31	
1543.78	2440.61	1530.32	
1560.51	2409.29	1533.34	
1568.48	2371.81	1536.97	
1570.12	2331.66	1541.46	
1572.56	2295.39	1536.46	
1565.76	2253.46	1539.89	
1535.19	2189.33	1512.06	
1497.03	2134.52	1467.88	
1467.91	2093.99	1444.05	
1448.25	2045.3	1442.33	
1453.97	1994.74	1474.4	
1462.92	1949.44	1500.85	
1463.76	1920.92	1533.38	
1474.06	1891.9	1553.29	
1480.7	1866.92	1579.96	
1488.43	1843.83	1598.49	
1494.02	1821.62	1612.29	
1509.46	1794.24	1622.57	
1527	1764.59	1631.86	
1532.59	1735.01	1646.09	
1546.51	1707.27	1652.68	
1550.05	1680.14	1659.88	
1571.32	1646.01	1669.92	
1595.29	1612.88	1671.96	
1628.05	1590.35	1675.18	
1666.6	1568.93	1673.79	
1703.48	1567.34	1680.88	
1738.47	1565.22	1687.32	
1769.48	1573.76	1692.8	
1797.13	1585.18	1698.78	
1813.44	1587.96	1696.34	
2925.14	7494.46	2969.06	
2999.9	7471.65	3013.74	
3096.81	7411.27	3111.7	
3216.79	7325.48	3217.1	
3333.28	7207.1	3350.66	
3453.89	7037.31	3499.51	
3527.77	6920.76	3587.11	
3556.51	6870.08	3580.84	
3564.4	6813.3	3608.46	
3523.51	6662.57	3562.16	
3219.16	6005.13	3264.2	
2336.9	4223.58	2368.33	
1708.4	2982.15	1716.42	
1541	2650.38	1540.35	
1493.66	2565.77	1498.55	
1492.72	2529.55	1479.43	
1489.52	2501.34	1475.06	
1501.46	2473.41	1469.56	
1491.11	2440.91	1472.81	
1491.1	2403.24	1476.4	
1486.67	2361.4	1473.16	
1483.89	2309.28	1471.2	
1451.7	2257.12	1435.44	
1401.87	2194.21	1393.64	
1368.99	2133.79	1360.48	
1385.8	2088.13	1360.07	
1394.55	2045.25	1392.35	
1402.98	1995.4	1430.2	
1415.99	1952.89	1465.78	
1433.95	1912.03	1493.32	
1443.44	1886.98	1519.38	
1453.73	1862.91	1540.27	
1464.88	1841.02	1563.73	
1482.2	1820.32	1578.16	
1497.63	1799.57	1589.37	
1516.47	1769.82	1603.28	
1529.82	1737.71	1615.97	
1530.28	1713.06	1623.7	
1542.36	1686.94	1630.5	
1559.78	1658	1639.71	
1591.93	1626.47	1645.76	
1626.03	1597.98	1648.55	
1656.68	1592.92	1654.73	
1691.58	1580.8	1659.84	
1727.75	1585.3	1672.83	
1759.19	1590.64	1681.82	
1776.01	1592.48	1675.05	
1787.11	1590.95	1670.82	
3030.89	7398.55	3053.44	
3079.3	7368.94	3103.75	
3178.06	7317.07	3196.15	
3250.55	7277.48	3277.02	
3309.29	7212.61	3333.85	
3417.62	7067.47	3458.73	
3491.58	6937.99	3552.99	
3522.14	6871.79	3621.68	
3522.96	6805.44	3607.33	
3447.93	6594.6	3535.31	
3063.01	5773.19	3134.58	
2176.28	3999.83	2232.49	
1595.83	2853.01	1621.9	
1485.84	2624.12	1486.32	
1471.31	2578.16	1447.3	
1457.15	2554.47	1425.22	
1458.1	2531.99	1410.82	
1426.21	2511.59	1411.64	
1412.93	2480.12	1414.79	
1390.21	2445.46	1407.28	
1379.34	2393.24	1383.81	
1341.62	2330.75	1345.69	
1310.29	2265.79	1319.39	
1288.91	2206.21	1293.65	
1302.08	2144.69	1303.7	
1322.52	2087.85	1331.36	
1343.06	2044.64	1364.06	
1355.83	1997.21	1399.48	
1376.72	1949.71	1430.07	
1401.84	1909.91	1455.78	
1417.33	1873.66	1476.6	
1442.32	1854.91	1499.03	
1465.32	1837.1	1513.61	
1479.56	1825.16	1529.43	
1503.15	1807.75	1547.34	
1519.2	1775.8	1570	
1528.33	1745.59	1584.91	
1528.61	1720.7	1595.1	
1533.37	1694.33	1606.97	
1556.07	1665.25	1612.83	
1588.66	1638.97	1620.94	
1619.45	1624.47	1626.6	
1647.74	1608.09	1630.67	
1680.58	1604.52	1640.82	
1716.24	1601.18	1649.36	
1738.57	1600.45	1651.51	
1756.18	1595.81	1644.61	
1772	1589.21	1630.54	
3146.46	7253.74	3156.32	
3175.12	7261.25	3190.89	
3210.83	7260.37	3241.76	
3257.05	7239.9	3292.37	
3308.66	7190.35	3345.44	
3370.08	7104.8	3411.43	
3445.96	6968.3	3535.68	
3464.96	6837.46	3620.71	
3470.96	6761.45	3641.26	
3338.69	6469.25	3514.2	
2819.75	5400.17	2997.07	
1995.5	3734.22	2121.79	
1540.58	2826.16	1605.29	
1448.63	2638.47	1473.31	
1439.98	2603.87	1415.95	
1435.91	2582.12	1380.83	
1384.61	2575.27	1350.43	
1348.4	2561.27	1333.53	
1311.36	2536.85	1332.98	
1291.22	2497.52	1304.83	
1247.95	2441.15	1263.3	
1197.36	2356.51	1211.99	
1187.28	2287.02	1209.24	
1210.83	2224.11	1229.92	
1254.53	2154.72	1261.72	
1275.79	2091.73	1304.41	
1289.38	2041	1348.98	
1323.29	1992.47	1366.89	
1347.35	1945.87	1392.24	
1372.09	1907.49	1415.67	
1414.37	1876.36	1438.95	
1445.17	1843.03	1457.55	
1473.88	1843.71	1472.54	
1500.59	1839.25	1490.52	
1519.14	1816.97	1514.49	
1534.38	1784.38	1537.99	
1530.69	1756.57	1553.17	
1538.85	1732.53	1565.19	
1537.91	1702.06	1576.96	
1555.77	1671.19	1586.23	
1583.93	1655.03	1592.59	
1609.9	1646.15	1598.18	
1639.68	1638.39	1608.95	
1670.63	1628.8	1615.72	
1697.45	1624.22	1618.38	
1721.45	1612.47	1614	
1743.3	1608.52	1615.79	
1756.93	1603.08	1616.13	
3204.12	7208.05	3190.58	
3207.81	7205.12	3222.37	
3234.09	7214.13	3252.37	
3259.87	7203.43	3291.59	
3292.11	7175.34	3334.26	
3347.22	7107.33	3407.98	
3394.2	6988.5	3500.81	
3389.18	6802.8	3602.81	
3231.39	6494.2	3675.19	
3095.95	6168.53	3540.35	
2509.51	4985.21	2976.32	
1775.51	3455.81	2101.83	
1478.6	2815.71	1651.46	
1417.94	2659.18	1447.66	
1405.19	2631.79	1384	
1367.07	2636.41	1345.14	
1329.74	2634.53	1305.5	
1273.01	2627.35	1272.95	
1216.72	2612.47	1219.12	
1163.46	2574.39	1167.99	
1115.77	2483.6	1118.54	
1095.79	2388.96	1114.68	
1114.49	2312.43	1128.36	
1162.22	2236.56	1174.02	
1206.82	2161.86	1222.1	
1250.41	2091.99	1270.28	
1269.58	2035.1	1305.39	
1303.36	1990.53	1332.59	
1335.48	1942.17	1353.89	
1371.87	1915.8	1377.04	
1417.39	1884.01	1406.64	
1458.66	1862.35	1426.98	
1490.43	1859.3	1443.59	
1520	1852.42	1468.77	
1547.81	1830.89	1490.94	
1558	1796.48	1513.15	
1563.19	1769.38	1524.79	
1545.06	1740.09	1533.05	
1542.85	1708.82	1540.72	
1555.66	1686.22	1551.87	
1575.42	1671.6	1560.07	
1605.07	1658.29	1571.87	
1635.71	1666.28	1586.14	
1661.21	1658.77	1596.56	
1687.56	1639.68	1591.99	
1714.19	1636.05	1595.92	
1733.69	1637.72	1602.31	
1746.15	1645.46	1606.75	
3238.34	7173.11	3204.03	
3244.04	7179.13	3217.95	
3244.73	7176.24	3243.92	
3262.04	7170.38	3278.24	
3290.45	7146.72	3331.17	
3327.91	7091.52	3398.68	
3350.74	6967.85	3488.47	
3266.88	6709.06	3588.17	
2944.71	6147.17	3681.09	
2304.43	5179.93	3711.93	
1989.21	4383.14	3155.13	
1536.47	3309.1	2373.37	
1441.14	2803.29	1634.93	
1398.34	2681.48	1427.99	
1344.2	2668.34	1366.37	
1314.61	2686.39	1312.23	
1272.72	2706.56	1271.36	
1223.7	2713.38	1221.82	
1156.39	2709.62	1150.52	
1060.52	2642.27	1040.94	
1012.95	2532.08	1009.26	
1018.39	2415.29	1017.83	
1062.15	2319.1	1074.06	
1120.75	2240.59	1122.04	
1186.38	2166.81	1176.85	
1232.32	2089.35	1228.11	
1281.52	2030.57	1260.16	
1302.09	1981.93	1293.14	
1338.8	1953.31	1321.16	
1381.73	1917.41	1348.48	
1426.2	1901.75	1377.57	
1473.34	1896.79	1399.25	
1509.54	1883.73	1425.65	
1546.4	1867.68	1447.39	
1573.65	1838.68	1479.08	
1595.95	1808.9	1496.07	
1577.24	1774.19	1500.08	
1548.99	1742.01	1500.05	
1536.55	1716.74	1507.93	
1542.11	1694.89	1519.14	
1576.44	1682.69	1534.31	
1606.23	1682.27	1548.83	
1632.8	1680.57	1560.7	
1658.27	1675.25	1568.96	
1683.04	1668.56	1577.92	
1707.74	1668.21	1586.7	
1729.76	1678.66	1598.5	
1747.38	1676.43	1603.76	
3286.73	7152.65	3196.88	
3274.39	7149.81	3215.64	
3261.86	7154.34	3236.15	
3262.72	7150.7	3262.55	
3292.72	7118.13	3321.51	
3324.39	7045.96	3405.79	
3301.64	6896.27	3495.87	
3109.5	6502.15	3602.46	
2584.44	5657.16	3686.97	
1789.35	4459.64	3704.41	
1154.66	3555.52	3710.41	
1423.69	3204.53	2414.39	
1412.37	2815.82	1658.3	
1365.93	2714.35	1422.53	
1332.95	2704.26	1347.67	
1284.76	2717.04	1297.91	
1237.17	2752.21	1253.88	
1193.89	2789.04	1203.43	
1134.74	2761.92	1106.37	
1030.86	2705.83	1002.72	
930.954	2562.38	908.099	
969.292	2424.12	980.517	
1043.34	2310.36	1028.3	
1102	2242.21	1084.07	
1172.79	2172.21	1144.71	
1240.8	2086.28	1193.09	
1273.34	2021.18	1234.19	
1318.87	1987.54	1261.84	
1345.42	1954.71	1299.2	
1389.3	1932.81	1333.78	
1437.79	1917.7	1345.17	
1479.24	1918.69	1385.09	
1527.13	1911.46	1407.33	
1565.83	1872.54	1440.28	
1604.27	1846.05	1470.18	
1601.91	1812.93	1481.66	
1590.8	1773.7	1479.71	
1550.48	1745.53	1481.19	
1516.66	1719.23	1486.2	
1544.81	1699.76	1501.32	
1577.14	1691.73	1517.16	
1607.21	1691.19	1528.73	
1633.53	1694.13	1538.69	
1655.99	1681.4	1544.86	
1680.66	1688.65	1564.79	
1704.63	1702.54	1582.06	
1729.08	1699.14	1592.89	
1750.32	1709.15	1604.19	