
2289.15	1039.23	2304.43	
2225.9	1114.68	2226.58	
2184.24	1184.7	2159.89	
2146.41	1227.15	2124.21	
2108.69	1278.76	2091.05	
2095.11	1334.61	2084.25	
2096.96	1381.34	2106.67	
2157.67	1415.71	2160.49	
2247.08	1473.32	2269.09	
2338.42	1501.73	2388.67	
2397.49	1488.53	2444.41	
2450.45	1451.83	2493.91	
2506.9	1375.6	2529.25	
2565.57	1269.78	2573.37	
2621.52	1180.01	2626.15	
2702.78	1169.25	2713.89	
2819.32	1150.84	2806.87	
2956.35	1173.61	2949.3	
3437.31	1592.6	3431.5	
4947.71	2746.45	4941.99	
6231.36	3653.08	6209.98	
6555.97	3779.35	6531.42	
6732.26	3729.43	6705.29	
6868.82	3636.27	6837.74	
6989.43	3533.27	6956.1	
7189.59	3346.65	7156.28	
7421.53	3158.99	7418.65	
7673.95	2912.21	7715.47	
8256.28	2735.11	8303.04	
8916.56	2607.86	9035.16	
9689.27	2728.18	9837.71	
10618.8	3321.85	10722.3	
2195.9	1115.82	2225.08	
2183.57	1139.3	2195.8	
2134.69	1197.88	2121.67	
2112.11	1240.69	2075.02	
2086.01	1296.57	2056.35	
2068.87	1355.31	2060.05	
2082.62	1400.52	2081.98	
2148.43	1459.65	2150.86	
2254.21	1513.88	2273.67	
2333.11	1535.78	2367.92	
2386.9	1520.63	2428.37	
2442.5	1478.46	2454.83	
2502.06	1414.91	2503.29	
2568.08	1339.95	2546.13	
2628.37	1286.52	2608.95	
2700.64	1246.19	2689.93	
2803.6	1252.43	2798.8	
3016.35	1357.08	3005.53	
3646.59	1804.94	3640.8	
5154.85	2977.3	5149.12	
6289.99	3768.9	6283.13	
6534.97	3867.65	6511.9	
6663.54	3803.8	6644.49	
6795.18	3720.63	6774.13	
6970.99	3602.64	6951.41	
7156.68	3470.31	7139.72	
7469.44	3193.62	7468.24	
7927.67	2968.03	7948.07	
8458.08	3003.31	8509.37	
9929.77	3274.57	9990.2	
10901	3615.29	10969.1	
11617.7	3962.57	11670.4	
2070.71	1212.14	2125.9	
2071.02	1225.04	2103.37	
2076.25	1238.73	2072.32	
2062.05	1283.43	2019.12	
2051.06	1327.53	2006.06	
2047.66	1378.52	2013.06	
2074.05	1433.56	2054.06	
2145.27	1502.22	2148.12	
2246.65	1564.25	2262.28	
2317.36	1574.62	2340.78	
2366.8	1559.97	2382.46	
2423.47	1527.24	2426.93	
2496.97	1472.41	2455.62	
2548.96	1431.55	2513.36	
2612.03	1391.85	2587.13	
2676.42	1367.99	2655.83	
2782.8	1390.82	2767.46	
3194.86	1661.08	3190.87	
4167.08	2369.04	4159.49	
5445.51	3325.29	5440.64	
6290.88	3869.86	6284.8	
6482.89	3926.28	6485.93	
6571.22	3915.25	6553.39	
6683.79	3847.15	6672.42	
6845.68	3772.68	6842.4	
7244.11	3661.12	7243.89	
7765.91	3501.34	7770.25	
8309.31	3482.82	8322.09	
9377.6	3752.09	9398.24	
10533.8	4032.67	10560	
11847.7	4184.53	11870.4	
12121.5	4342.54	12142.3	
1957.94	1305.56	2040.73	
1969.02	1314.48	2013.67	
1986.02	1325.22	1983.56	
2000.35	1341.17	1962.61	
2010.86	1375.95	1948.04	
2023.7	1414.06	1963.45	
2054.22	1472.29	2028.03	
2133.16	1552.13	2143.8	
2226.72	1598.26	2243.31	
2291.73	1611.05	2304.62	
2345.67	1602.73	2351.47	
2402.82	1576.5	2378.04	
2458.94	1551.48	2407.75	
2518.23	1523.32	2467.55	
2568.7	1507	2545.86	
2643.5	1506.55	2627.75	
2833.57	1591.05	2816.66	
3411.06	1979.6	3403.59	
4774.87	3023.04	4778.29	
5848.26	3797.2	5840.63	
6228.46	4022.39	6227.42	
6390.43	4048.82	6383.75	
6460.51	4032.14	6457.12	
6545.07	4000.48	6541.67	
6718.73	3959.48	6722.52	
7245.93	3935.54	7254.73	
8372.41	4248.62	8386.17	
9518.75	4596.94	9535.09	
10334.1	4718.2	10346.1	
11212.1	4824.8	11215.6	
11801.4	4677.74	11809.6	
12399.5	4287.19	12410.9	
1887.32	1387.1	1978.11	
1897.89	1386.71	1947.24	
1914.35	1390.02	1914.29	
1942.9	1405.44	1899.9	
1973.35	1420.4	1901.45	
1984.95	1457.2	1929.39	
2021.94	1519.93	2001.41	
2106.77	1590.77	2123.42	
2197.44	1632.99	2233.28	
2266.36	1647.22	2277.29	
2316.14	1646.2	2304.03	
2364.16	1637.92	2321.94	
2414.45	1623.39	2361.96	
2469.6	1606.4	2420.94	
2514.58	1601.81	2485	
2631.02	1663.64	2615.73	
3036.53	1929.87	3026.71	
3947.89	2604.3	3940.55	
5188.07	3517.98	5192.68	
5988.89	4085.71	6001.55	
6187.29	4187.34	6179.07	
6246.5	4203.76	6241.35	
6329.07	4179.52	6324.06	
6411.68	4153.6	6417.54	
6601.65	4129.35	6605.97	
7213.2	4306.01	7227.49	
8774.63	4820.79	8796.19	
10396.6	5383.58	10418.2	
10945.1	5458.55	10964.4	
11293.4	5294.11	11303.5	
11726.1	4976.82	11718.5	
11918.5	4772.65	11919.3	
1826.31	1443.4	1916.61	
1846.05	1438.85	1897.85	
1874.43	1441.02	1870.92	
1904.69	1444.24	1855.62	
1928.23	1466.85	1864.57	
1954.71	1501.03	1908.61	
1989.27	1553.68	1979.54	
2080.31	1630.03	2105.71	
2168.26	1678.58	2203	
2220.19	1693.73	2247.65	
2270.64	1696.02	2264.48	
2319.72	1693.04	2274.21	
2369.87	1684.65	2317.87	
2409.34	1682.4	2374.32	
2462.76	1700.52	2439.56	
2641.34	1801.88	2627.33	
3341.07	2341.98	3337.99	
4613.93	3353.82	4615.56	
5569.02	4046.87	5575.34	
5980.76	4258.21	5994.13	
6110.9	4285.46	6128.91	
6175.38	4300.75	6154.69	
6198.38	4309.03	6204.98	
6291.97	4321.38	6303.08	
6540.81	4387.68	6555.57	
7251.76	4604.81	7265.77	
9079.25	5245.71	9100.81	
10601.1	5681.17	10625.1	
11012.1	5701.07	11035.5	
11221.7	5518.98	11233.3	
11308.3	5429.32	11307	
11411.6	5340.84	11400.2	
1784.8	1476.85	1880.57	
1811.47	1477.02	1855.82	
1846.2	1470.87	1828.73	
1877.06	1476.53	1809.03	
1903.37	1503.33	1837.8	
1933.33	1545.08	1892.32	
1982.94	1590.75	1965.49	
2062.48	1666.31	2080.77	
2123.83	1726.58	2177.52	
2175.29	1739.52	2214.95	
2218.32	1742.23	2232.6	
2269.5	1743.18	2254.02	
2310.3	1747.42	2288.44	
2353.42	1762.5	2337.58	
2445.38	1814.44	2443.84	
2731.32	2021.25	2738.72	
3625.92	2741.7	3645.12	
5043.19	3880.25	5061.51	
5723.52	4361.68	5734.91	
5936.13	4418.77	5945.28	
6006.27	4424.25	6009.61	
6057.79	4407.86	6064.68	
6116.85	4405.98	6115.79	
6190.99	4426.16	6209.48	
6506.88	4609.65	6526.4	
7631.46	5089.99	7645.15	
9323.98	5607.22	9338.81	
10624.5	5873.88	10648.1	
10856.7	5874.34	10875.9	
10839.6	5939.27	10845.7	
10826.6	5976.76	10818.3	
10857.3	5955.86	10828.9	
1762.46	1500.36	1836.73	
1786.27	1492.82	1817.81	
1824.86	1494.92	1788.71	
1858	1508.11	1786.42	
1889.93	1533.41	1813.18	
1923.99	1576.17	1867.2	
1991.62	1648.66	1966.46	
2061.47	1716.97	2073.9	
2110.05	1760.18	2146.08	
2130.79	1777.04	2185.93	
2175.25	1783.38	2210.24	
2212.29	1791.33	2241.15	
2259.94	1803.6	2271.88	
2304.53	1837.09	2338.31	
2452.79	1963.16	2498.89	
2991.26	2442.1	3065.83	
4050.37	3324.97	4135.92	
5228.28	4210.91	5286.31	
5745.23	4511.53	5754.65	
5841.5	4557.22	5837.27	
5883.98	4566.45	5878.97	
5918.65	4567.7	5931.52	
5981.37	4547.3	5999.54	
6062.71	4578.02	6081.06	
6446	4716.32	6463.69	
7862.23	5389.6	7868.18	
9700.32	6085.53	9706.97	
10352.6	6182.99	10364.3	
10484.6	6252.31	10501.3	
10524	6281.3	10530.8	
10572.9	6268.73	10541.4	
10606.6	6231.22	10570.1	
1746.03	1503.35	1776.28	
1770.92	1512.48	1772	
1801.43	1521.75	1764.04	
1838.35	1539.76	1769.66	
1871.82	1561.57	1790.97	
1928	1607.11	1851.22	
2013.51	1694.17	1970.33	
2074.1	1764.56	2071.09	
2104.24	1790.39	2120.64	
2126.1	1807.57	2157.2	
2137.26	1819.62	2193.19	
2177.61	1830.8	2220.51	
2200.76	1850.86	2253.08	
2269.11	1915.08	2333.12	
2491.84	2176.06	2659.63	
3248.31	2888.09	3469.68	
4526.75	3996.79	4736.89	
5380.58	4518.36	5429.25	
5680.16	4645.19	5680.93	
5765.24	4652.71	5754.77	
5801.85	4662.78	5784.93	
5831.56	4670.66	5834.17	
5854.35	4681.16	5883.73	
5961.26	4711.99	5980.98	
6427.51	4896.52	6432.28	
7923	5525.17	7925.54	
9645.62	6371.83	9637.75	
10066.3	6606.42	10062.8	
10179.2	6592	10178.7	
10275.8	6539.02	10269.2	
10377.1	6454.88	10363.3	
10461.9	6385.36	10436.7	
1738.4	1530.46	1728.71	
1757.7	1532.35	1719.7	
1778.2	1553.82	1738.66	
1815.75	1570.24	1758.56	
1869.46	1590.37	1774.69	
1940.06	1637.51	1845.88	
2051.31	1730.84	1979.63	
2106.11	1787.79	2058.8	
2124.79	1815.38	2100.15	
2128.33	1833.97	2136.04	
2144.69	1851.45	2168.61	
2134.06	1867.66	2197.44	
2156.02	1891.44	2222.65	
2236.48	1978.14	2324.92	
2622.39	2399.54	2815.61	
3519.63	3424.25	4044.62	
4860.54	4395.85	5035.83	
5421.54	4764.11	5461.15	
5576.52	4801.87	5579.57	
5634.23	4804.15	5623.25	
5693.14	4781.72	5678.52	
5755.9	4759.78	5743.81	
5796.24	4763.16	5803.3	
5889.87	4793.6	5898.45	
6400.24	5041.6	6400.48	
7976.88	5774.86	7970.17	
9501.99	6516.89	9490.43	
9947.33	6767.78	9927.26	
10002.7	6810.09	9994.15	
10044.2	6771.94	10041.1	
10131.3	6697.73	10123.3	
10191.2	6644.14	10178.5	
1714.87	1559.75	1693.63	
1733.25	1571.78	1698.39	
1767.02	1580.43	1715.88	
1801.59	1599.97	1748.62	
1858.3	1622.39	1777.86	
1995.65	1675.58	1855.44	
2114.58	1754.3	1976.44	
2166.4	1804.81	2046.71	
2171.8	1833.2	2085.15	
2171.23	1859.97	2116.47	
2128.29	1880.7	2142.09	
2123.33	1903.22	2167.79	
2131.59	1928.92	2204.27	
2225.1	2024.64	2315.55	
2761	2601.44	2974.35	
4134.33	3886.27	4351.93	
5061.53	4676.93	5209.02	
5400.05	4888.06	5439.08	
5470.8	4928.41	5489.66	
5519.61	4932.46	5515.35	
5582.96	4911.16	5556.15	
5634.98	4895.94	5612.61	
5699.46	4887.19	5677.88	
5820.73	4921.96	5809.15	
6284.69	5117.36	6277.56	
7873.22	5924.03	7862.8	
9485.63	6705.4	9469.25	
9839.04	6868.15	9826.4	
9888.08	6911.79	9876.19	
9882.25	6952.23	9873.21	
9829.98	7000.16	9823.32	
9794.01	7042.77	9786.36	
1672.38	1581.97	1679.87	
1715.52	1594.64	1702.12	
1758.11	1613.97	1720.07	
1797.73	1630.06	1749.78	
1864.08	1665.16	1797.67	
2014.9	1720.55	1872.95	
2277.19	1792.36	1966.89	
2301.86	1835.22	2028.05	
2282.2	1861.64	2066.44	
2163.12	1886.4	2090.46	
2119.8	1908.36	2112.9	
2107.69	1928.13	2140.57	
2134.67	1964.26	2186.44	
2269.48	2111.94	2356.59	
2944.28	2769.35	3051.58	
4432.43	4170.13	4530.64	
5209.72	4855.85	5277.6	
5360.44	4970.09	5416.39	
5414.43	4997.85	5442.9	
5458.5	5001.02	5460.62	
5497.6	5007.18	5471.58	
5536.62	5009.55	5492.65	
5581.95	5026.58	5545.77	
5727.06	5074.41	5694.21	
6271.69	5305.6	6250.11	
7838.57	6038.89	7824.42	
9328.07	6828.85	9315.05	
9638.14	7049.77	9626.03	
9661.25	7118.1	9652.32	
9637.73	7173.13	9637.7	
9593.66	7247.91	9586.79	
9526.15	7326.83	9520.31	
1668	1598.13	1721.32	
1697.63	1613.43	1718.81	
1743.69	1634.41	1746.25	
1799.01	1669.37	1773.72	
1892.32	1724.45	1831.43	
2035.55	1791.14	1905.78	
2250	1844.33	1956.45	
2623.6	1884.34	1992.05	
2273.54	1904.75	2034.03	
2148.22	1917.12	2059.89	
2105.29	1928.9	2082.76	
2105.77	1952.47	2110.9	
2148.78	2009.94	2174.48	
2371.93	2243.82	2415.6	
3228.46	3095.98	3286.31	
4595.87	4383.83	4647.46	
5230.71	4949.12	5278.73	
5335.19	5031.59	5381.6	
5371.31	5048.94	5412.21	
5406.91	5062.52	5419.54	
5442.7	5067.18	5421.82	
5482.49	5076.31	5430.51	
5517.07	5095.61	5465.81	
5638.57	5158.78	5599.48	
6354.42	5529.39	6323.27	
7876.68	6313.12	7858.62	
9030.7	6960.09	9020.41	
9408	7246.05	9398.1	
9449.13	7312.23	9440.08	
9439.55	7363.39	9441.42	
9429.38	7406.18	9448.56	
9447.64	7430.45	9409.54	
1660.74	1629.83	1733.96	
1689.96	1639.91	1745.32	
1731.69	1664.74	1759.71	
1801.22	1712.14	1803.65	
1916.64	1791.68	1878.8	
2034.77	1854.01	1936.26	
2175.34	1892.27	1959.29	
2218.89	1921.87	1981.01	
2225.29	1940.67	2004.11	
2129.8	1946.36	2026.82	
2096.8	1959.42	2049.62	
2099.81	1983.13	2075.91	
2170.9	2073.93	2161.52	
2544.15	2473.37	2554.04	
3581.42	3524.16	3616.17	
4763.72	4667.15	4803.15	
5200.41	5033.21	5236.27	
5291.37	5089.75	5332.14	
5322.51	5110.26	5367.64	
5354.84	5119.26	5378.61	
5393.25	5123.25	5370.58	
5430.79	5131.23	5379.21	
5473.63	5148.1	5418.15	
5612.89	5224.13	5564.76	
6256.39	5616.07	6222.55	
7810.56	6627.63	7791.72	
8875.79	7269.83	8863.98	
9197.17	7440.15	9191.29	
9263.25	7498.29	9261.34	
9298.17	7504.34	9304.64	
9342.21	7505.75	9324.49	
9327.09	7528.69	9316.27	
1660.28	1661.63	1727.78	
1681.2	1673.24	1746.75	
1725.46	1701.23	1769.81	
1810.62	1768.18	1837.3	
1925.75	1846.37	1919.09	
2006.29	1893.97	1961.28	
2037.6	1923.29	1969.42	
2071.02	1946.81	1972.85	
2093.79	1966.74	1979.79	
2106.54	1983.3	1991.36	
2084.75	1999.09	2011.34	
2086.71	2025.4	2042.49	
2182.98	2134.7	2148.68	
2729.87	2723.67	2716.78	
3997.4	4045.36	4021.9	
4864.11	4904.43	4907.36	
5139.03	5146.41	5172.94	
5205.26	5195.11	5234.34	
5243.62	5199.19	5267.68	
5284.32	5197.41	5295.7	
5330.99	5188.4	5312.95	
5377.01	5187.3	5324.56	
5425.95	5211.38	5374.07	
5584.8	5320.25	5535.58	
6216.78	5762.08	6182.94	
7699.74	6790.02	7681.49	
8763.23	7554.45	8754.07	
8961.58	7709.07	8954.92	
9024.72	7730.74	9029.38	
9094.07	7720.15	9084.12	
9102.22	7729.96	9095.08	
9116.66	7736.48	9103.2	
1654.48	1693.53	1721.07	
1677.15	1708.77	1737.01	
1719.44	1740	1770.04	
1815.6	1808.24	1849.21	
1914.42	1883.34	1942.17	
1954.38	1920.34	1972.98	
1982.77	1947.57	1975.61	
2005.39	1971.72	1967.49	
2023.8	1994.21	1963.59	
2043.25	2014.16	1965.96	
2062.24	2037.14	1979.1	
2078.61	2070.37	2015.22	
2192.89	2196.43	2141.88	
2879.16	2937.87	2855.85	
4245.77	4400.18	4260.61	
4917.73	5101.8	4957.75	
5066.27	5255.82	5116.87	
5115.81	5285.96	5148.14	
5157.92	5293.09	5155.34	
5205.3	5286.45	5185.32	
5248.76	5281.94	5216.19	
5286.43	5281.47	5250.91	
5340.41	5308	5293.39	
5557.14	5453.14	5517.46	
6359.78	6047.35	6328.98	
7783.61	7091.56	7770.25	
8624.81	7728.41	8619.96	
8825.36	7861.5	8823.57	
8887.7	7880.62	8873.68	
8880.75	7910.82	8891.56	
8900.75	7941.16	8894.34	
8935.98	7934.21	8908.56	
1661.39	1723.66	1699.71	
1678.42	1740.36	1718.25	
1723.11	1770.51	1756.04	
1813.89	1834.53	1837.61	
1886.76	1906.03	1927.94	
1919.52	1945.98	1973.54	
1941.2	1973.76	1975.36	
1958.78	1998.98	1956.53	
1975.15	2021.18	1955.87	
1994.31	2040.93	1955.43	
2021.43	2064.07	1963.36	
2066.96	2106.67	1991.72	
2230.11	2296.18	2173.24	
2989.5	3133.18	2961.92	
4325.98	4584.89	4333.73	
4918.05	5224.37	4946.47	
5026.89	5331.29	5069.65	
5052.43	5349.7	5092.42	
5095.91	5353.37	5093.89	
5140.8	5361.45	5094.18	
5159.59	5377.37	5125.48	
5188.83	5395.68	5148.52	
5251.34	5424.08	5225.42	
5538.67	5594.87	5502.57	
6556.22	6357.57	6530.09	
7948.86	7468.97	7945.48	
8572.82	7908.3	8576.25	
8718.8	7987.64	8715	
8754.93	7999.14	8755.95	
8776.41	8021.36	8785.02	
8814.68	8018.21	8805.46	
8855.83	8018.03	8794.36	
1673.41	1735.76	1665.14	
1693.47	1752.49	1683.04	
1735.56	1782.61	1721.58	
1794.73	1852.16	1804.37	
1860.26	1928.73	1894.76	
1887.49	1974.64	1940.74	
1899.97	2003.04	1957	
1916.33	2025.73	1959.45	
1934.43	2046.46	1953.17	
1956.66	2068.09	1945.41	
1981.98	2090.67	1950.96	
2029.64	2143.18	1988.07	
2269.93	2417.71	2222.5	
3124.98	3398.37	3095.22	
4384.43	4772.64	4380.3	
4904.12	5305.61	4918.55	
4990.14	5381.77	5010.29	
5008.82	5406.42	5043.92	
5040.56	5413.82	5053.81	
5072.34	5425.96	5052.49	
5109.46	5440.52	5060.66	
5125.8	5456.27	5106.57	
5201.28	5499.62	5169.98	
5571.14	5773.38	5542.48	
6748.08	6667.5	6729.06	
8105.07	7737.44	8103.67	
8493.82	8068.97	8504.05	
8580.38	8131.07	8592.24	
8625.76	8137.38	8632.81	
8674.33	8124.65	8668.36	
8714.32	8127.32	8684.61	
8733.5	8128.9	8696.64	
1678.27	1731.95	1624.65	
1703.31	1750.22	1640.15	
1724.08	1789.98	1678.12	
1767.34	1861.21	1750.65	
1822.23	1950.24	1838.75	
1855.2	2003.18	1896.5	
1868.77	2030.07	1927.06	
1876.9	2052.43	1948.36	
1896.25	2076.45	1946.1	
1917.86	2097.79	1937.09	
1941.14	2123.83	1935.53	
1995.16	2196.57	1986.06	
2274.55	2531.42	2261.73	
3329.5	3748.71	3299.83	
4468.71	5025.66	4444.36	
4861.6	5394.11	4851.56	
4932.17	5458.57	4941.28	
4956.64	5469.76	4973.02	
4972.99	5483.68	5003.03	
5011.19	5488.18	5019.6	
5043.45	5496.38	5030.77	
5081.94	5510.54	5046.71	
5159.71	5565.75	5133.23	
5611.74	5916.25	5586.75	
7019.6	7045.1	7011.11	
8140.06	7924.42	8140.56	
8447.12	8168.55	8454.61	
8498.55	8206.31	8526.01	
8523.7	8234.69	8541.2	
8567.3	8237.83	8548.72	
8584.95	8257.99	8558.75	
8607.52	8276.62	8573.52	
1682.22	1721.67	1584.23	
1678.31	1753.14	1595.81	
1691.22	1791.61	1625.83	
1730.29	1864.58	1688.42	
1795.23	1966.3	1788.17	
1831.11	2026.22	1851.93	
1848.42	2057.88	1886.59	
1857.51	2083.41	1909.22	
1863.5	2107.01	1925.8	
1876.67	2137.58	1926.24	
1902.44	2165.69	1930.64	
1965.48	2253.71	1985.23	
2349.46	2724.97	2351.23	
3505.94	4095.68	3485.04	
4506.66	5241.89	4469.37	
4768.43	5540.06	4731.26	
4818.01	5594.62	4800.8	
4839.09	5604.12	4844.2	
4877.08	5588.44	4897.8	
4916.28	5575.6	4947.78	
4965.2	5565.42	4971.48	
5015.63	5578.87	4992.49	
5140.51	5660.73	5111.74	
5709.62	6113.29	5696.76	
7132.06	7273.73	7127.43	
8168.37	8116.07	8175.48	
8386.32	8254.43	8402.09	
8417.43	8294.59	8444.25	
8446.92	8308.4	8467.4	
8457.57	8348.43	8462.69	
8495.44	8352.77	8474.72	
8501.48	8375.61	8459.56	
1642.36	1723.85	1556.94	
1646.68	1749.92	1565.04	
1658.9	1797.36	1580.49	
1696.03	1866.77	1645.9	
1763.93	1972.22	1739.95	
1815.84	2043.62	1801.79	
1840.84	2090.87	1835.46	
1845.54	2122.79	1862.79	
1853.98	2146.96	1878.13	
1857.34	2172.85	1899.76	
1869.09	2209.73	1926.33	
1956.56	2311.55	1993.24	
2466.03	2993.43	2472.73	
3654.61	4498.83	3630.6	
4452.89	5442.56	4412.85	
4664.93	5685.36	4608.77	
4714.25	5732.31	4652.96	
4716.38	5739.45	4711.4	
4736.17	5732.28	4765.47	
4783.54	5710.72	4815.41	
4837.03	5691.97	4867.31	
4911.49	5688.8	4922.91	
5109.26	5784.03	5099.49	
5902.59	6402.62	5887.91	
7319.84	7588.39	7327.93	
8116.45	8234.06	8130.85	
8271.65	8379.42	8291.79	
8320.34	8396.56	8340.21	
8331.34	8420.58	8366.65	
8368.98	8436.81	8378.37	
8378.86	8475.16	8359.81	
8396.66	8474.36	8361.09	
1601.64	1716.34	1553.97	
1609.16	1751.63	1564.46	
1626.04	1799.92	1572.89	
1658.4	1867.15	1611.42	
1723.26	1972.57	1692.84	
1792.13	2069.27	1759.3	
1822.26	2124.35	1793.94	
1846.54	2160.6	1812.02	
1842.51	2185.05	1833.36	
1853.94	2210.29	1862.48	
1866.68	2255.39	1903.88	
1972.92	2424.45	2015.19	
2555.32	3234.54	2569.54	
3739.94	4896.1	3714.19	
4367.68	5694.45	4315.21	
4547.59	5846.27	4490.64	
4603.1	5853.61	4555.52	
4634.52	5845.29	4607.46	
4642.67	5837.07	4659.84	
4655.37	5834.78	4711.9	
4703.08	5834.91	4746.91	
4805.01	5860.66	4844.43	
5161.61	6017.81	5174.98	
6111.06	6720.93	6104.89	
7478.97	7922.62	7487.64	
8022.22	8398.28	8049.7	
8167.89	8482.49	8189.38	
8202.55	8501.9	8235.88	
8227.92	8526.18	8255.27	
8251.2	8548.37	8284.45	
8290.36	8555.69	8282.9	
8322.18	8557.91	8273.62	
1567.14	1722.04	1571.14	
1574.2	1758.44	1567.46	
1589.28	1807.84	1588.86	
1620.6	1872.05	1599.54	
1674.93	1973.3	1658.86	
1747.68	2095.51	1727.82	
1800.19	2156.69	1757.71	
1824.31	2192.09	1773.95	
1841.43	2221.79	1794.07	
1827.3	2250.37	1820.88	
1856.26	2322.51	1861.25	
2058.15	2664.21	2082.23	
2718.63	3679.12	2734.93	
3764.71	5187.61	3741.37	
4283.64	5900	4234.82	
4406.71	6021.24	4350.62	
4445.28	6026.86	4412.63	
4493.68	5998.57	4475.77	
4534.7	5962.99	4546.59	
4579.64	5932.25	4618.75	
4622.83	5930.97	4684.42	
4754.62	5990	4798.3	
5356.63	6448.1	5375.93	
6469.82	7345.31	6473.08	
7498.32	8196.45	7505.89	
7934.35	8571.4	7953.2	
8014.8	8639.32	8060.13	
8048.34	8657.67	8089.28	
8090.41	8662.55	8130.85	
8146.1	8660.58	8158.38	
8205.61	8637.99	8203.68	
8237.1	8630.24	8201.69	
1531.58	1743.64	1570.75	
1538.16	1772.51	1584.52	
1556.44	1821.2	1588.95	
1576.91	1879.91	1611.49	
1631.75	1991.35	1637.42	
1707.1	2123.01	1691.7	
1751.19	2192.68	1724.84	
1776.13	2227.39	1741.07	
1786.55	2262.65	1753.05	
1800.56	2311	1770.28	
1844.3	2427.1	1838.88	
2138.19	2934.44	2141.48	
3003.09	4388.18	3008.02	
3803.06	5603.41	3784.04	
4186.91	6068.56	4151.38	
4287.14	6144.61	4248.57	
4327.41	6164.08	4287.28	
4351.93	6149.93	4352.84	
4405.05	6123.69	4422.64	
4478.64	6075.61	4511.19	
4572.49	6052.1	4613	
4785.81	6168.38	4831.71	
5487.52	6832.4	5499.97	
6779.84	8116.33	6765.21	
7506.99	8660.25	7500.24	
7787.12	8771.74	7799.8	
7880.97	8785.8	7906.59	
7910.57	8783.69	7982	
7978.59	8776	8019.92	
8051.12	8765.97	8055.53	
8087.58	8760.53	8051.87	
8115.97	8745.87	8071.34	
1495.79	1756.24	1576.79	
1505.77	1797.98	1576	
1514.98	1839.97	1587.94	
1539.3	1896.28	1589.66	
1590.65	2008.7	1613.78	
1656.17	2154.48	1653.24	
1689.22	2233.05	1684.05	
1702.52	2276.7	1694.46	
1721.71	2314.62	1706.32	
1743.57	2364.81	1731.19	
1839.52	2552.83	1822.35	
2248.93	3368.39	2246.69	
3145.38	4900.09	3141.58	
3841.68	6011.9	3834.31	
4065.69	6272.96	4044.55	
4139.82	6319.96	4118.29	
4205.48	6291.26	4187.32	
4253.13	6266.72	4255	
4314.54	6233.24	4345.96	
4404.19	6244.67	4425.73	
4576.47	6294.02	4598.47	
4952.7	6629.09	4973.89	
5723.04	7529.13	5720.29	
6813.42	8614.32	6773.67	
7394.97	9070.19	7353.24	
7587.4	9056.41	7572.71	
7690.77	8992.06	7712.98	
7794.97	8919.76	7833.11	
7884.71	8873.32	7924.12	
7951.22	8855.64	7954.42	
7999.31	8851.96	7961.69	
8031.77	8843.63	7943.53	
1479.75	1800.09	1534.36	
1476.14	1822.99	1547.49	
1484.5	1866.54	1550.26	
1505.63	1919.1	1558.59	
1553.5	2029.2	1576.59	
1601.72	2180.25	1609.92	
1622.53	2277.6	1627.63	
1640.32	2327.14	1640.22	
1650.5	2365.43	1657.7	
1683.57	2435.29	1676.49	
1804.66	2701.47	1794.5	
2332.13	3763.96	2322.24	
3246.72	5482.14	3251.73	
3787.94	6262.11	3789.59	
3941.62	6443.91	3943.19	
4009.49	6478.07	3991.74	
4052.89	6474.34	4059.29	
4151.14	6407.3	4161.38	
4254.53	6373.46	4269.99	
4384.19	6442.27	4406.73	
4718.11	6938.24	4726.29	
5281.69	7708.11	5275.26	
6077.67	8634.97	6035.86	
6757.79	9244.44	6697.52	
7208.77	9352.34	7136.48	
7389.74	9302.33	7342.07	
7440.18	9266.58	7440.62	
7557.59	9175.67	7575.51	
7708.55	9057.13	7725.51	
7822.15	8978.82	7825.15	
7905.02	8934.91	7866.89	
7928.2	8934.98	7871.09	
1461.33	1826.93	1481.55	
1460.7	1864.2	1487.79	
1464.16	1900.58	1497.76	
1482.04	1952.01	1505.7	
1505.63	2052.99	1524.24	
1539.21	2208.96	1549.45	
1565.55	2315.26	1570.32	
1574.84	2377.15	1578.79	
1587.54	2423.75	1580	
1606.21	2502.33	1604.17	
1766.98	2876.2	1754.07	
2378.11	4143.74	2369.21	
3273.95	5857.15	3279.97	
3672.36	6553.87	3691.89	
3801.01	6636.02	3810.35	
3868.09	6628.37	3879.84	
3958.32	6602.82	3962.48	
4051.82	6633.67	4063.71	
4206.63	6757.14	4215.5	
4487.87	7139.34	4498.55	
4951.34	7967.38	4954.57	
5646.55	9197.65	5624.83	
6192.67	9748.81	6143.75	
6656.79	9805.93	6571.18	
6950.03	9698.86	6887.08	
7066.07	9639.04	7017.55	
7188.98	9537.23	7159	
7349.37	9389.32	7358.23	
7480.17	9284.28	7505.48	
7607.83	9197.79	7607.82	
7664.59	9157.14	7657.57	
7722.7	9121.13	7695.33	
1456.08	1863.4	1430.16	
1447.24	1897.35	1433.77	
1441.53	1945.34	1432.01	
1440.78	1995.8	1439.55	
1450.21	2085	1449.48	
1473.11	2237.9	1481.21	
1489.15	2356.6	1501.78	
1500.89	2428.11	1504.42	
1511.36	2483.31	1506.01	
1540.54	2579.56	1521.58	
1697.65	2971.97	1687.2	
2403.06	4525.52	2394.37	
3243.2	6179.2	3245.03	
3559.16	6723.53	3577.58	
3638.57	6841.14	3669.3	
3722.56	6834.56	3734.11	
3831.27	6841.96	3840.82	
3971.78	7025.17	3976.25	
4262.7	7624.88	4269.56	
4750.7	8712.56	4754.63	
5233.9	9608.99	5230.86	
5708.66	10154.8	5689.25	
6108.89	10368.8	6063.83	
6433.78	10227	6382.29	
6655.54	10061.4	6599.07	
6819.13	9913.27	6766.1	
6955.83	9791.47	6927.06	
7167.45	9590.46	7162.76	
7335.14	9434	7358.28	
7405.17	9378.66	7444.09	
7473.86	9360.04	7468.78	
7529.22	9325.06	7514.38	
1423.56	1901.69	1384.5	
1430.92	1931.18	1378.47	
1409.83	1982.18	1374.78	
1382.82	2051.05	1363.44	
1373.49	2131.3	1365.93	
1379.25	2259.09	1382.84	
1390.1	2398.49	1404.52	
1407.81	2480.43	1419.79	
1436.53	2536.85	1421.45	
1466.41	2632.74	1452.65	
1641.76	3143.48	1625.62	
2363.19	4753.8	2356.22	
3157.28	6476.71	3155.69	
3417.47	6918.52	3423.42	
3484.17	6997.15	3498.17	
3519.69	7137.42	3536.95	
3615.47	7443.78	3621.98	
3941.47	7985.66	3942.77	
4391.49	9056.59	4388.65	
4898.06	10265.4	4897.3	
5268.95	10867	5263.79	
5568.97	10935.8	5552.61	
5996.39	10657	5967.22	
6281.46	10450.2	6237.54	
6469.68	10286.1	6433.63	
6628.26	10144.9	6597.78	
6819.12	9954.68	6787.61	
6991.96	9783.14	6990.37	
7176.65	9598.7	7203.7	
7310.68	9490.04	7337.59	
7386.71	9448.71	7403.57	
7459.33	9427.04	7429.16	
1377.4	1929.57	1350.88	
1379.4	1966.18	1339.92	
1370.47	2017.34	1320.3	
1327.8	2087.85	1299.35	
1280.06	2179.8	1271.65	
1253.59	2294.86	1256.76	
1267.25	2423.38	1274.62	
1293.95	2526.45	1302.37	
1324	2596.82	1325.68	
1376.95	2707.56	1363.27	
1591.12	3211.05	1579.46	
2299.06	5141.99	2289.06	
3018.14	6687.42	3014.2	
3205.11	7147.43	3199.23	
3242.98	7249.39	3248.12	
3267.31	7422.51	3276.85	
3495.72	8256.3	3493.39	
3938.31	9704.44	3918.52	
4435.71	10804.4	4415.33	
4839.85	11343.1	4827.23	
5131.95	11460	5126.59	
5464.96	11244.1	5454.77	
5921.8	10825.9	5899.79	
6182.17	10584.7	6160.49	
6297.02	10493.6	6284.15	
6518.66	10283.2	6500.41	
6757.12	10048.7	6741.55	
6879.07	9895.11	6895.26	
7033.58	9771.58	7050.89	
7193.69	9639.89	7204.48	
7347.07	9513.49	7339.8	
7417.82	9461.61	7399.94	
1323.13	1963.44	1330.67	
1325.68	1992.24	1306.01	
1308.58	2043.93	1287.17	
1275.15	2117.06	1249.28	
1205.98	2204.26	1199.62	
1153.69	2309.51	1157.25	
1124.91	2443.46	1121.94	
1158.17	2572.76	1155.57	
1209.78	2670.15	1209.84	
1298.07	2785.45	1296.74	
1558.12	3343.74	1554.09	
2264.82	5256.28	2255.6	
2747.05	7067.03	2731.32	
2924.12	7416.07	2920.16	
2955.25	7532.91	2958.29	
3139.58	7620.77	3140.26	
3426.75	8666.89	3414.74	
3795.9	11170.5	3745.9	
4268.9	12019.9	4221.94	
4624	12026.8	4592.75	
5064.1	11668.3	5054.46	
5494.28	11273.8	5493.79	
5811.26	10975.5	5802.31	
6026.06	10776.1	6022.66	
6253.9	10559.2	6239.64	
6437.35	10374.6	6428.26	
6717.57	10094.8	6728.63	
6853.77	9970.86	6865.21	
6921.94	9915.37	6936.54	
7098.87	9760.38	7094.93	
7313.73	9567.33	7278.03	
7399.73	9495.48	7351.44	
1292.28	1976.5	1300.45	
1268.69	2013.09	1301.34	
1266.71	2064.26	1270.88	
1222.51	2131.31	1221.19	
1163.2	2224.08	1156.72	
1092.32	2305.71	1086.36	
1047.34	2442.84	1051.78	
1035.67	2629.61	1020.26	
1145.41	2725.66	1134.92	
1248.24	2863.85	1261.2	
1557.53	3531.71	1561.76	
2217.28	5457.08	2207.54	
2571.82	7156.1	2556.76	
2530.29	7836.53	2507.5	
2784.57	7718.08	2772.34	
3023.78	7888.48	3019.84	
3389.82	9148.27	3366.93	
3800.99	11532.7	3744.07	
3945.04	12668.4	3872.07	
4587.78	12179.6	4551.81	
5060.26	11739.6	5050.05	
5478.64	11311.4	5480.34	
5722.81	11080.5	5737.26	
5951.65	10862.6	5950.36	
6213.33	10619.4	6204.7	
6419.14	10397.2	6420.85	
6678.87	10148	6690.35	
6820.56	10024.9	6846.76	
6898.1	9963.05	6905.79	
7030.59	9832.92	7023.16	
7268.79	9622.04	7218.4	
7400.94	9513.22	7303.36	