
3331.03	2978.36	3230.3	
3350.86	2961.7	3279.81	
3378.94	2919.01	3351.33	
3424.3	2863.79	3417.2	
3481.18	2818.51	3483.65	
3553.69	2762.05	3553.15	
3632.85	2675.76	3628.59	
3711.09	2602.59	3697.51	
3782.92	2537.23	3784.08	
3865.07	2459.76	3876.99	
3924.56	2389.18	3969.52	
4017.87	2316.06	4058.01	
4116.82	2197.36	4169.28	
4268.65	2094.54	4304.11	
4411.75	1987.11	4461.75	
4594.23	1862.13	4647.35	
4855.74	1781.86	4916.09	
5272.65	2108.06	5349.1	
5682.18	2427.61	5726.57	
5963.22	2752.89	5982.85	
6118.98	2823.66	6122.26	
6290.22	2823.8	6299.19	
6756.71	3207.4	6781.71	
7937.98	3917.69	7992.27	
8663.54	4171.62	8741.12	
9045.77	4177.22	9067.54	
9254.59	4082.96	9270.18	
9563.69	3901.27	9576.11	
10193.4	3741.17	10198	
10998.5	3883.43	11022.9	
11832.8	4319.27	11864.7	
12360	4137.94	12403.5	
3301.59	2986.65	3257.25	
3326.76	2972.3	3287.07	
3370.88	2935.43	3357.85	
3422.01	2885.3	3428.93	
3481.92	2838.02	3485.94	
3545.72	2777.08	3562.28	
3638.85	2701.51	3644.04	
3709.48	2637.52	3708.37	
3790.81	2563.9	3786.41	
3870.77	2483.47	3886.82	
3942.61	2420.89	3955.63	
4035.59	2327.56	4075.19	
4151.38	2233.56	4189.9	
4259.49	2143.64	4306.82	
4454.53	2070.02	4498.16	
4690.46	2054.11	4738.68	
4934.15	2130.91	4987.9	
5312.3	2373.24	5359.71	
5695.37	2777.17	5725.09	
5887.33	2896.02	5897.94	
6007.33	2935.91	6015.94	
6251.81	3043.98	6257.16	
6883.17	3391.06	6902.79	
8003.34	4067.45	8064.39	
8663.68	4368.68	8720.02	
8892.3	4343.78	8934.06	
9116.92	4263.31	9134.35	
9525.08	4142.79	9531.86	
10128.1	4178.7	10136.3	
10969.3	4501.96	10993	
11678.4	4584.2	11729.1	
11769.6	4860.32	11783	
3264.71	3004.77	3272.89	
3297.52	2988.09	3312.27	
3351.67	2958.27	3369.87	
3406.78	2916.81	3436.83	
3467.86	2866.34	3495.38	
3561.14	2799.09	3564.05	
3631.09	2743.53	3643.09	
3710.14	2683.87	3706.76	
3797.01	2605.28	3802.35	
3881.54	2531.75	3884.61	
3969.1	2446.04	3979.75	
4066.84	2378.51	4080.87	
4184.93	2342.08	4223.42	
4342.74	2308.7	4385.14	
4535.2	2312.91	4580.17	
4853.14	2514.66	4891.79	
5165.43	2754.64	5193.4	
5406.88	2887.79	5430.61	
5648.52	2995.62	5665.24	
5781.57	3053.45	5796.47	
5905.15	3110.11	5906.89	
6257.65	3286.2	6263.55	
7160.5	3794.14	7179.81	
8076.87	4310.49	8109.01	
8558.28	4503.64	8613.11	
8740.51	4513.61	8776.4	
8924.37	4520.87	8942.92	
9349.29	4614.02	9350.75	
10162.2	4877.1	10166.1	
10951.4	5054.05	10971.1	
11203	5304.65	11216.7	
11286.1	5342.2	11299.6	
3243.07	3028.71	3290.25	
3278.44	3016.92	3328.97	
3327.09	2991.33	3382.94	
3389.69	2954.12	3437.01	
3465.86	2903.62	3492.9	
3552.44	2839.74	3561.05	
3647.06	2781.78	3623.8	
3708.79	2726.59	3705.37	
3791.3	2664.05	3803.78	
3918.84	2623.05	3926.11	
4022.17	2562.89	4024.97	
4141.44	2537.46	4155.87	
4301.28	2598.63	4327.24	
4539.95	2756.33	4580.29	
4788.82	2931.24	4826.03	
5029.66	3065.22	5061.41	
5303.41	3198.64	5323.84	
5462.29	3240.6	5466.95	
5579.42	3207.53	5592.96	
5701.51	3214.63	5711.02	
5880.1	3287.5	5885.63	
6376.53	3575.27	6381.12	
7409.93	4172.9	7425.1	
8155.76	4609.95	8177.4	
8440.31	4712.77	8452.76	
8525.15	4748.67	8537.51	
8671.07	4780.9	8677.31	
9224.57	5061.25	9227.24	
10213.6	5426.55	10209.4	
10698.5	5739.95	10685.3	
10823.6	5824.3	10815	
10956.7	5779.57	10958.7	
3248.24	3069.22	3311.64	
3267.14	3058.7	3331.99	
3313.02	3034.86	3368.19	
3383.51	2991.78	3434.49	
3460.96	2943.55	3489.53	
3548.85	2892.46	3543.78	
3632.94	2833.83	3616.65	
3718.19	2771.06	3711.28	
3810.81	2752.07	3813.96	
3971.47	2789.48	3977.78	
4236.81	2965.24	4247.36	
4379.67	3036.23	4390.18	
4562.01	3155.09	4581.84	
4781.24	3323.34	4816.86	
4989.71	3454.33	5031.89	
5159.37	3471.79	5187.39	
5313.24	3428.99	5329.36	
5440.43	3378.09	5454.83	
5520.23	3374.31	5517.86	
5608.03	3392.23	5609.09	
5938.74	3546.6	5946.18	
6680.7	4006.92	6687.42	
7569.19	4568.14	7575.18	
8157.41	4828.16	8163.25	
8278.4	4927.1	8276.97	
8339.6	4980.31	8318.96	
8495.76	5037.72	8493.11	
9120.01	5256.74	9121.99	
10074	5911.47	10057.2	
10472.5	6145.05	10439.2	
10620	6149.54	10597.3	
10656.8	6118.69	10652.2	
3245.92	3122.62	3302.82	
3267.22	3103.15	3310.16	
3310.44	3075.03	3350.28	
3380.78	3033.05	3416.13	
3468.08	2983.51	3493.63	
3548.76	2953.51	3533.39	
3658.35	2919.53	3645.58	
3764.59	2898.63	3753.12	
3876.28	2925.64	3865.61	
4125.96	3117.09	4125.99	
4438.44	3398.13	4443.34	
4701.79	3654.43	4719.6	
4790.16	3693.81	4810.57	
4904.57	3705.61	4934.84	
5048.5	3652.86	5088.82	
5173.74	3615.05	5204.69	
5286.81	3560.24	5294.11	
5380.02	3515.19	5386.92	
5471.78	3490.76	5473.87	
5587.77	3532.71	5587.68	
6019.39	3784.44	6023.6	
7023.98	4481.16	7029.74	
7721.28	4946.7	7722.07	
8004.43	5101.47	7996.57	
8125.04	5127.59	8113.26	
8195.77	5145.04	8193.48	
8381.19	5216.08	8368.71	
9030.86	5587.34	9025.51	
9896.18	6105.21	9878.2	
10274.4	6413.45	10245.3	
10341.8	6435.68	10316.5	
10348.3	6459.24	10328.6	
3248.05	3139.82	3254.91	
3283.46	3129.25	3284.78	
3327.08	3104.25	3327.37	
3391.07	3073.44	3397.85	
3496.07	3060.14	3488.8	
3614.44	3059.12	3605.82	
3751.41	3119.44	3724.02	
3979.25	3300.37	3948.59	
4153.54	3425.84	4133.96	
4337.11	3558.36	4324.92	
4617.85	3787.89	4615.93	
4778.39	3874.37	4788.93	
4858.78	3880.91	4887.59	
4929.77	3841.9	4944.85	
5057.55	3761.66	5066.76	
5166.31	3689.54	5174.2	
5228.41	3657.95	5247.92	
5317.01	3631.54	5321.91	
5415.96	3645.08	5427.7	
5677.99	3751.02	5683.83	
6242.99	4150.6	6246	
7181.37	4794.32	7183.84	
7761.62	5206.9	7758.57	
7880.45	5306.65	7873.63	
7933.94	5341.69	7918.26	
8023.32	5364.75	8013.66	
8310.32	5477.29	8305.17	
8925.02	5822.93	8914.02	
9737.64	6382.27	9730.11	
10026.4	6628.29	10009.6	
10050.6	6754.6	10023.7	
10084.4	6728.36	10056.7	
3299.52	3134.21	3227.42	
3314.08	3130.59	3257.76	
3350.3	3123.83	3313.55	
3412.55	3119.73	3368.68	
3571.46	3171.19	3519.26	
3853.72	3355.11	3776.37	
4085.82	3555.72	4007.05	
4258.24	3750.73	4210.55	
4452.88	3954.53	4424.14	
4559.89	4011.57	4538.9	
4664.17	4005.01	4659.14	
4793.75	3978.65	4802.3	
4861.59	3954.84	4864.45	
4929.65	3911.57	4928.4	
5021.21	3851.9	5016.26	
5125.79	3781.25	5125.78	
5206.77	3726.28	5209.81	
5243.87	3729.48	5275.04	
5415.82	3801.16	5432.27	
5902.88	4153.42	5913.46	
6647.4	4724.82	6656.65	
7308.69	5193.3	7312.29	
7687.91	5387.62	7686.26	
7795.72	5438.09	7788.44	
7826.62	5471.61	7817.07	
7908.64	5514.51	7893.88	
8206.72	5716.31	8196.62	
8916.45	6236.7	8914.35	
9514.87	6656.73	9514.51	
9794.12	6888.43	9797.33	
9872.04	6909.03	9852.05	
9914.63	6908.52	9881.65	
3371.05	3118.64	3214.81	
3374.19	3126.95	3248.62	
3399.18	3137.05	3291.88	
3479.24	3156.87	3352.55	
3745.94	3299.26	3548.78	
4197.49	3663.33	3956.99	
4416.72	3971.4	4291.81	
4497	4091.16	4431.68	
4558.05	4144.25	4513.12	
4602.28	4161.54	4584.3	
4669.66	4125.61	4664	
4747.79	4075.83	4751.68	
4851	4016.26	4847.63	
4912.03	3976.9	4907.81	
4968.5	3938.33	4979.62	
5068.26	3885.88	5075.24	
5149.38	3854.87	5167.37	
5254.42	3854.32	5273.15	
5457.48	3976.89	5485.87	
6142.45	4545.56	6153.97	
6987.24	5246.1	6996.68	
7379.63	5531.42	7391.77	
7559.65	5611.52	7563.41	
7636.92	5623.12	7637.79	
7710.45	5619.94	7703.67	
7803.89	5672.06	7793.76	
8078.27	5878.55	8069.23	
8856.14	6511.01	8855.43	
9421.09	7009.05	9426.44	
9560.48	7117.61	9557.11	
9635.22	7155.32	9614.56	
9682.01	7140.43	9652.5	
3567.26	3126.53	3224.02	
3549.59	3130.04	3237.34	
3627.4	3149.34	3265.89	
3762.32	3202.33	3336.33	
4132.93	3399.5	3558.95	
4312.04	3835.13	4050.68	
4522.05	4132.9	4392.73	
4597.56	4202.81	4491.15	
4580.71	4214.83	4536.61	
4607.62	4212.98	4582.28	
4627.85	4197.93	4631.08	
4713.36	4148.89	4714.84	
4800.19	4092.4	4806.88	
4864.08	4053.05	4885.71	
4923.69	4021.1	4938.37	
4980.07	4014.26	5012.69	
5120.28	4070.97	5146.5	
5384.2	4216.5	5403.6	
5784.72	4498.34	5801.34	
6377.79	4958.68	6395.09	
7107.25	5542.64	7110.61	
7375.32	5729.72	7384.74	
7429.26	5782.54	7445.84	
7479.93	5820.1	7480.43	
7533.96	5837.01	7528.87	
7664.87	5880.39	7663.39	
8078.61	6156.35	8077.24	
8796.64	6738.64	8796.78	
9284.81	7205.53	9284.48	
9417.88	7300.52	9414.69	
9448.07	7335.04	9440.66	
9471.74	7379.5	9433.55	
3782.21	3155.27	3208.84	
4468.23	3176.23	3205.18	
4471.21	3195.34	3225.79	
4753.65	3287.21	3308.06	
4211.09	3498.6	3572.09	
4320.49	3911.61	4068.69	
4517.15	4174.97	4398.07	
4584.18	4237.34	4490.77	
4613.09	4249.69	4531.09	
4581.08	4248.34	4568.09	
4617.91	4243.11	4612.02	
4663.01	4222.49	4664.75	
4719.08	4188.81	4740.87	
4770.27	4159.16	4801.55	
4827.35	4137.35	4865.51	
4910.4	4159.82	4945.82	
5125.97	4291.7	5158.93	
5697.6	4793.56	5711.78	
6322.04	5323.15	6329.1	
6775.71	5635.71	6785.32	
7114.28	5779.64	7120.27	
7300.83	5858.48	7300.53	
7360.2	5885.96	7368.18	
7406.77	5907.27	7404.1	
7449.85	5949.3	7452.54	
7578.32	6055.74	7585.87	
8096.77	6473.54	8104.94	
8761.35	7108.78	8762.49	
9165.36	7385.93	9161.74	
9257.18	7481.94	9257.37	
9318.7	7477.34	9319.16	
9304.5	7513.87	9289.03	
3794.07	3223.51	3133.82	
4615.13	3246.46	3136.05	
6176.94	3295.09	3146.65	
4653.07	3351.36	3261.22	
4218.7	3600.03	3570.65	
4246.33	3944.81	4021.79	
4446.53	4178.5	4348.9	
4560.37	4264.51	4478.89	
4591.19	4282.45	4515.13	
4607.84	4286.1	4544.06	
4606.79	4285.3	4580.21	
4621.18	4281.98	4626.6	
4629.89	4275.91	4665.4	
4662.69	4271.36	4711.1	
4711.14	4281.74	4764.12	
4846.94	4332.98	4894.19	
5251.23	4619.65	5282.14	
5963.68	5226.21	5970.95	
6665.64	5866.85	6649.91	
6942.46	6037.66	6936.94	
7075.38	6050.03	7081.99	
7165.03	6029.64	7174.15	
7260.97	6004.38	7267.21	
7323.77	6002.72	7341.98	
7371.67	6041.05	7387.98	
7536.43	6197.27	7554.36	
8059.66	6751.36	8077.31	
8763.17	7384.17	8772.46	
8958.64	7656.17	8959.67	
9054.7	7701.63	9052.5	
9049.09	7746.28	9044.34	
9088.71	7726.95	9082.93	
3474.09	3256.69	3084.98	
3953.59	3273.15	3087.08	
3990.7	3293.28	3112.54	
4277.04	3390.38	3208.33	
3934.71	3592.73	3469.27	
4082.64	3922.84	3899.34	
4374.27	4201.51	4291.15	
4507.3	4293.25	4451.02	
4558.25	4321.03	4493.19	
4593.66	4329.66	4513.39	
4600.52	4328.94	4545.62	
4584.24	4329.66	4585.5	
4588.87	4331.96	4622.68	
4590.66	4337.95	4654.25	
4640.31	4369.55	4700.74	
4847.09	4523.14	4902.61	
5432.2	4989.76	5465.79	
6257.5	5679.1	6258.34	
6765.76	6070.14	6744.19	
6949.6	6193.49	6922.68	
6995.68	6206.48	6989.58	
7029.49	6209.38	7049.61	
7085.99	6194.44	7118	
7127.6	6195.98	7169.18	
7255.83	6233.7	7293.1	
7529.61	6451.22	7556.04	
8082.98	7004.64	8117.17	
8615.01	7631.69	8643.1	
8834.87	7827.86	8849.11	
8858.25	7889.24	8854.25	
8876.79	7934.79	8865.49	
8896.57	7946.41	8886.33	
3275.94	3251.31	3067.25	
3263.41	3262.73	3082.17	
3311.01	3299.88	3090.82	
3407.28	3363.29	3149.73	
3652.85	3543.06	3341.82	
3944.1	3913.78	3810.93	
4290.98	4235.5	4238.68	
4441.15	4353.57	4397.15	
4500.43	4372.36	4448.98	
4528.4	4380.94	4469.43	
4542.83	4384.75	4498.23	
4560.24	4382.81	4539.24	
4556.09	4382.45	4575.96	
4551.2	4390.31	4606.26	
4596.51	4434.7	4666.38	
4865.77	4671.18	4914.09	
5606.59	5319.61	5638.77	
6435.89	5980.15	6446.12	
6813.98	6229.12	6798.61	
6906.55	6269.71	6876.37	
6943.69	6299.07	6915.5	
6957.13	6308.46	6963	
6946.71	6321.34	7003.91	
6993.49	6359	7050.42	
7133.39	6451.46	7174.76	
7569.64	6805.83	7603.99	
8143.31	7412.01	8184.33	
8521.72	7825.06	8580.03	
8690.62	7993.93	8706.54	
8734.4	8032.64	8741.12	
8781.77	8032.62	8770.54	
8810.6	8043.95	8803.64	
3137.06	3235.09	3076.44	
3137.89	3269.08	3066.64	
3152.71	3300.41	3085.7	
3195.69	3353.29	3105.53	
3374.49	3505.45	3277.6	
3847.8	3921	3756.4	
4205.93	4290.41	4189.25	
4362.42	4420.02	4347.95	
4402.16	4451.4	4377.35	
4421.32	4456.32	4406.65	
4457.18	4459.98	4432.94	
4485.48	4461.7	4464.4	
4492.85	4462.22	4492.51	
4514.59	4477.67	4535.54	
4585.11	4541.06	4620.04	
4867.28	4797.76	4903.3	
5737.49	5532.55	5759.82	
6543.24	6177.56	6568.23	
6776.64	6335.17	6784.52	
6840.11	6364.73	6830.01	
6873.18	6373.39	6855.09	
6897.05	6383.97	6887.38	
6902.69	6393.54	6930.66	
6929.77	6426.51	6975.43	
7096.02	6622.77	7133.4	
7586.1	7147.62	7619.82	
8204.12	7763.79	8249.4	
8481.87	8043.03	8512.86	
8562.62	8132.2	8581.15	
8618.17	8160.3	8622.14	
8657.75	8167.28	8663.88	
8679.33	8163.04	8686.57	
3069.51	3250.59	3077.07	
3080.98	3270.73	3075.8	
3102.99	3311.82	3064.17	
3134.31	3351.99	3102.11	
3263.1	3484.76	3230.94	
3709.36	3909.75	3682.79	
4161.22	4346.17	4167.27	
4282.73	4478.96	4311.77	
4314.68	4506.05	4341.31	
4340.33	4523.08	4356.3	
4367.59	4535.38	4374.92	
4394.08	4550.54	4377.11	
4420.02	4566.63	4397.77	
4447.77	4588.94	4426.65	
4562.16	4681.21	4551.17	
4975.39	5007.16	4982.92	
5879.99	5741.6	5903.47	
6559.14	6288.15	6582.62	
6721.1	6415.98	6759.74	
6763.41	6442.38	6782.39	
6803.9	6448.17	6795.89	
6828.98	6457.08	6813.56	
6854.95	6469.7	6838.75	
6891.75	6514.69	6896.45	
7057.16	6705.59	7082.62	
7641.23	7427.1	7673.08	
8185.65	8013.89	8214.32	
8407.52	8201.79	8431.95	
8484.06	8236.93	8501.67	
8519.3	8261.88	8521.83	
8530.73	8285.37	8551.64	
8553.04	8308.62	8574.67	
3015.58	3257	3083.12	
3038.62	3294.26	3072.42	
3058.23	3325.92	3069.77	
3091.45	3367.33	3091.67	
3211.27	3490.45	3201.57	
3644.78	3921.02	3637.25	
4109.97	4377.28	4126.56	
4233.59	4508.16	4286.68	
4260.17	4545.83	4327.94	
4283.92	4567.13	4337.23	
4309.58	4589.86	4344.14	
4339.14	4608.6	4335.69	
4366.78	4627.69	4326.45	
4404.98	4655.33	4362.49	
4540.03	4759.7	4493.34	
5157.62	5273.7	5148.74	
6056.83	6025.42	6085.91	
6537.58	6392.71	6569.65	
6666.86	6480.08	6696.43	
6702.21	6502.06	6750.62	
6732.2	6520.01	6746.88	
6769.94	6521.91	6747.42	
6794.48	6542.95	6762.2	
6844.11	6602.27	6818.55	
7070.74	6895.75	7072.24	
7617.29	7546.07	7632.91	
8158.33	8191.03	8177.76	
8322.28	8331.35	8341.92	
8363.81	8362.58	8384.29	
8402.73	8374.69	8419.18	
8449.17	8384.9	8455.6	
8462.16	8389.81	8481.6	
2990.16	3303.74	3038.91	
2995.99	3318.41	3056.84	
3016.62	3351.18	3064.52	
3059.19	3396.58	3073.33	
3194.2	3538.47	3193.19	
3604.14	3964.19	3604.83	
4053.62	4403.51	4076.74	
4208.88	4541.98	4241.88	
4231.15	4581.84	4293.71	
4242.93	4610.21	4321.86	
4268.41	4627.77	4317.43	
4298.52	4647.61	4305.36	
4336.08	4661.53	4292.72	
4384.02	4684.35	4309.84	
4543.04	4820.34	4491.2	
5243.7	5437.24	5229.36	
6160.99	6240.47	6189.33	
6495.77	6519.96	6541.19	
6584.64	6575.36	6626.09	
6624.71	6587.63	6654.16	
6664.01	6593.61	6678.06	
6692.98	6602.38	6683.23	
6717.93	6619.92	6688.8	
6775.84	6697.97	6752.69	
7039.06	7032.79	7017.71	
7681.77	7817.56	7675.23	
8107.85	8288.28	8114.69	
8227.43	8435.06	8243.63	
8263.7	8472.18	8277.07	
8303.76	8483.73	8323.88	
8332.32	8500.62	8342.75	
8349.81	8515.44	8357.74	
2947.56	3340.91	2990.71	
2968.77	3367.54	3001.58	
2985.19	3382.61	3016.55	
3021.33	3434.47	3045.52	
3181.71	3624.58	3182.92	
3582.33	4044.41	3588.39	
3991.39	4456.16	4006.02	
4143.82	4605.32	4170.71	
4188.51	4642.46	4232.76	
4199.19	4662.53	4253.65	
4221.57	4674.47	4273.79	
4261.19	4683.58	4267.73	
4304.46	4690.8	4258.26	
4354.48	4731.21	4297.52	
4562.57	4907.85	4508.96	
5258.51	5543.34	5248.76	
6166.35	6347.56	6194.91	
6445.89	6619.42	6493.51	
6494.4	6670.05	6550.79	
6547.21	6680.19	6562.67	
6589.57	6679.57	6574.5	
6605.42	6701.28	6587.97	
6621.92	6724.47	6613.58	
6695.77	6802.65	6670.66	
7027.96	7190.69	7002.19	
7659.92	7973.21	7637.95	
8047.63	8446.91	8035.91	
8146.69	8547.98	8135.17	
8192.03	8570.96	8180.47	
8195.94	8598.11	8198.07	
8219.13	8607.26	8239.64	
8255.43	8603.37	8261.75	
2919.01	3399.75	2934.5	
2925.14	3416.92	2933.64	
2944.14	3445.05	2941.72	
2983.72	3498.14	2982.05	
3148.42	3694.4	3151.05	
3570.75	4170.03	3575.52	
3915.31	4550.71	3928.89	
4051.81	4702.15	4066.25	
4088.37	4748.28	4100.59	
4125.97	4752.62	4142.92	
4158.73	4752.27	4176.93	
4199.48	4744.57	4203.17	
4226.2	4762.67	4211.45	
4301.94	4806.96	4275.13	
4581.94	5069.38	4566.34	
5343.59	5718.37	5351.27	
6116.09	6426.74	6153.17	
6395.29	6683.38	6441	
6450.87	6731.67	6486.35	
6482.59	6750.6	6492.81	
6517.28	6763.29	6484.92	
6530.19	6781.6	6507.14	
6558.58	6816.5	6531.13	
6648.92	6930.17	6622.57	
6976.66	7351.05	6943.8	
7602.36	8130.23	7577.94	
7948.81	8576.21	7914.1	
8043.72	8700.94	7999.96	
8069.88	8723.29	8029.72	
8092.32	8718.16	8075.53	
8102.34	8707.99	8110.13	
8107.07	8699.11	8130.61	
2862.63	3447.55	2867.28	
2875.72	3479.47	2868.19	
2902.38	3515.47	2874.46	
2946.01	3573.19	2924.23	
3114.03	3777.64	3109.71	
3524.59	4271.25	3527.57	
3857.52	4680.84	3864.38	
3958.54	4796.55	3964.06	
4011.49	4826.75	3999.53	
4050.01	4850.55	4028.32	
4078.92	4858.25	4055.15	
4082.07	4867.71	4084.12	
4110.78	4883.15	4135.98	
4201.89	4966.76	4241.97	
4584.04	5230.8	4636.68	
5444.51	5978.78	5520.19	
6096.59	6542.94	6166.1	
6324.49	6743.31	6370.65	
6394.45	6797.38	6412.82	
6422.17	6816.53	6416.96	
6439.27	6838.93	6423.94	
6476.05	6847.94	6429.13	
6502.09	6889.76	6453.5	
6588.46	7035.25	6542.5	
6944.96	7572.78	6911.93	
7498.8	8333.42	7466.33	
7828.05	8748.74	7785.85	
7933.62	8813.45	7877.96	
7971.5	8839.99	7917.78	
7987.24	8840.6	7950.36	
7966.88	8823.39	7968.71	
7970.15	8790.24	8009.59	
2795.23	3520.05	2807.05	
2817.98	3550.94	2813.3	
2842.5	3592.87	2829.85	
2895.95	3649.3	2879.4	
3081.48	3883.86	3069.48	
3487.85	4417.62	3483.93	
3801.92	4792.4	3797.49	
3899.61	4874.21	3895.13	
3941.45	4903.4	3921.05	
3981.61	4926.06	3931.59	
3999.24	4951.6	3942.87	
3996.47	4968.01	3988.95	
3993.02	4997.21	4069.87	
4106.58	5114.53	4260.65	
4595.32	5557.92	4837.25	
5418.22	6206.05	5653.42	
6018.44	6678.47	6176.2	
6262.57	6820.77	6306.66	
6326.06	6858.3	6333.52	
6354.01	6879.2	6358.45	
6391.02	6892.27	6353.52	
6407.13	6922.67	6358.62	
6431.69	6965.78	6361.14	
6537.31	7127.89	6480.32	
6908.68	7727.3	6867.88	
7418.45	8629.96	7382.67	
7671.22	8939.82	7629.33	
7744.43	9024.98	7703.15	
7782.92	9018.49	7743.05	
7793.22	9018.19	7765.39	
7850.86	8948.62	7847.14	
7873.4	8925.14	7877.11	
2713.25	3618.78	2733.2	
2734.53	3638.06	2744.77	
2772.38	3687.21	2776.6	
2854.05	3799.02	2852.85	
3058.72	4054.89	3049.06	
3467.72	4587.77	3458.64	
3736.56	4914.11	3725.06	
3799.23	5009.29	3773.66	
3834.7	5028.42	3797.93	
3868.51	5046.11	3817.75	
3912.2	5040.22	3856	
3927.12	5048.58	3914.58	
3928.44	5074.01	4019.51	
3920.41	5240.46	4344.96	
4463.66	5870.45	5100.99	
5245.85	6534.49	5826.11	
5952.4	6823.31	6118.06	
6198.51	6907.66	6239.09	
6257.37	6930.87	6279.47	
6298.87	6932.7	6279.77	
6326.99	6953.96	6288.63	
6359.16	6979.68	6286.93	
6386.02	7031.73	6322.05	
6487.37	7209.18	6426.45	
6888.06	7910.68	6840.24	
7347.91	8793.3	7309.66	
7487.32	9159.86	7455.44	
7510.18	9246	7483.36	
7522.88	9287.18	7503.41	
7581.8	9230.72	7566.87	
7617.36	9206.11	7603.39	
7622.81	9191.92	7617.57	
2642.95	3692.13	2657.11	
2668.47	3720.45	2679.34	
2712.74	3780.61	2725.82	
2805.91	3955.45	2810.73	
3096.42	4417.84	3097.26	
3435.51	4815.84	3429.5	
3614.41	5066.5	3599.16	
3685.86	5146.23	3661.62	
3727.48	5171.08	3680.42	
3776.7	5159.68	3712.75	
3809.82	5160.45	3759.54	
3851.81	5147.55	3837.24	
3880.43	5185.49	3993.91	
3895.44	5415.21	4446.36	
3922.69	6019.02	5355.33	
5290.88	6773.28	5833.5	
5893.29	7034.19	6042.45	
6062.36	7061.75	6118.94	
6133.15	7062.18	6144.52	
6179.06	7056.62	6166.73	
6238.03	7042.27	6189.62	
6290.68	7049.49	6232.45	
6329.22	7110.54	6262.36	
6437.06	7358.18	6380.6	
6804.27	8102.32	6753.23	
7250.55	8964.52	7214	
7374.01	9273.82	7347.87	
7400.9	9352.65	7377.09	
7385.31	9409.67	7371.31	
7375.58	9461.07	7362.65	
7336.41	9484.51	7332.7	
7308.6	9504.47	7307.76	
2595.75	3783.1	2572.69	
2603.14	3814.87	2600.57	
2627.72	3903.19	2631.3	
2785.97	4153.86	2790.5	
3102.56	4687.43	3102.8	
3364.98	5149.09	3367.73	
3496.15	5256.56	3492.63	
3570.86	5286.08	3558.99	
3655.88	5273.27	3609.34	
3720.28	5261.79	3635.24	
3756.52	5243.98	3697.31	
3789.45	5255.8	3788.16	
3868.96	5371.37	4025.43	
3944.13	5744.66	4613.12	
4549.25	6358.9	5280.16	
5273.62	6901.38	5794.33	
5781.04	7189.82	5935.74	
5894.89	7256.22	5952.86	
5945.32	7253.86	5974.51	
6018.18	7227.92	6007.64	
6093.4	7192.61	6063.08	
6139.15	7194.48	6088.92	
6218.89	7272.44	6160.66	
6370.16	7630.21	6304.25	
6693.53	8444.99	6648.46	
7074.16	9212.05	7043.68	
7254.21	9413.38	7227.31	
7268.28	9468.76	7248.9	
7213.12	9557.06	7208.38	
7111.27	9677.31	7119.83	
7065.17	9742.1	7069.95	
7037.15	9771.88	7036.4	
2508.35	3894.6	2472.77	
2511.9	3930.02	2493.76	
2575.74	4064.59	2570.25	
2752.11	4406.92	2749.76	
3093.69	4964.52	3088.41	
3322.09	5323.03	3319.56	
3396.45	5426.79	3405.2	
3472.86	5431.74	3451.39	
3574.74	5399.06	3518.46	
3687.75	5335.27	3605.33	
3740.44	5339.31	3674.52	
3791.29	5409.15	3784.83	
3882.31	5658.64	4077.71	
4378.32	6317.08	4660.17	
5007.93	6918.31	5274.72	
5445.97	7215.47	5655.26	
5671.57	7313.01	5810.59	
5801.4	7344.6	5867.98	
5856.34	7352.77	5889.33	
5902.88	7345.44	5920.12	
5946.88	7345.58	5914.76	
5992.78	7359.81	5946.55	
6079.49	7470.3	6006.82	
6303.1	7978.32	6240.2	
6593.56	8966.42	6550.5	
6816.36	9569.26	6786.58	
6859.82	9803.77	6838.77	
6889.82	9857.63	6867.81	
6884.65	9869.46	6888.42	
6860.77	9882.11	6898.15	
6853.55	9921.05	6874.29	
6903.81	9925.34	6869.84	
2407.77	3979.24	2388.53	
2427.23	4043	2406.81	
2496.55	4210.4	2482.97	
2757.13	4744.27	2746.25	
3076.02	5249.36	3065.76	
3275.59	5467.43	3266	
3353.42	5524.96	3335.15	
3410.9	5546.12	3376.13	
3518.16	5521.52	3467.79	
3637.1	5537.18	3579.25	
3746.05	5599.96	3686.85	
3875.39	5861.01	3872.43	
4127.2	6332.27	4171.57	
4605.64	6983.3	4676.36	
5144.32	7484.33	5195.28	
5426.39	7575.8	5467.41	
5597.27	7518.27	5642.5	
5707.8	7458.89	5754.03	
5787.48	7425.4	5831.36	
5834.61	7418.79	5855.77	
5870.23	7430.16	5861.62	
5921.6	7451.34	5848.5	
5988.81	7619.34	5920.5	
6217.82	8363.69	6144.4	
6481.85	9373.14	6430.75	
6453.97	10035.4	6422.28	
6437.03	10266.5	6408.72	
6442.1	10315.2	6433.98	
6516.48	10251.3	6528.82	
6627.48	10131	6653.12	
6756.98	10009	6756.61	
6814.07	9995.81	6779.8	
2289.73	4099.12	2286.3	
2318.7	4156.3	2308.69	
2428.47	4398.66	2410.06	
2727.98	4942.9	2712.81	
3056.44	5526.03	3041.45	
3189.93	5666.9	3169.58	
3266.34	5698.17	3238.06	
3359.62	5691.41	3326.85	
3444.56	5777.58	3410.01	
3608.96	6091.51	3570.36	
3832.96	6493.08	3806.17	
4077.54	6880.51	4048.14	
4393	7437.33	4369.37	
4734.11	7783.95	4718.64	
5063.73	7887.14	5046.23	
5325.6	7824.38	5297.41	
5452.11	7742.64	5437.13	
5560.62	7659.86	5556.28	
5671.78	7568.64	5683.4	
5748.35	7518.22	5756.64	
5811.01	7491.49	5790.9	
5839.96	7526.14	5805.76	
5924.26	7715.37	5855.4	
6102.71	8588.93	6029.98	
6253.79	9729.81	6166.11	
6268.31	10296.8	6212.73	
6224.63	10501.5	6192.05	
6260.59	10524.8	6244.55	
6293.93	10480.3	6315.13	
6383.19	10393.8	6393.25	
6518.93	10268.3	6505.58	
6597.66	10190.4	6576.53	
2184.03	4219.92	2181.01	
2205.71	4288.94	2195.17	
2346.53	4543.07	2334.1	
2706.67	5205.67	2689.57	
2998.73	5656.52	2980.11	
3095.84	5847.02	3073.16	
3152.88	5998.5	3130.38	
3255.64	6248.75	3233.52	
3411.57	6516.3	3382.86	
3661.35	7024.77	3631.28	
3971.28	7828.64	3940.33	
4228.5	8233.84	4200.54	
4513.65	8269.72	4490.62	
4773.11	8269.07	4743.45	
4995.59	8158.39	4957.99	
5170.71	8039.98	5131.44	
5326.5	7913.15	5272.63	
5451.26	7809.23	5415.55	
5524.37	7751.77	5501.07	
5623.83	7666.82	5606.24	
5678.57	7626.57	5671.21	
5750.02	7623.54	5728.9	
5823.13	7870.14	5776.51	
5964.45	8664.06	5886.13	
6093.37	9936.8	6005.72	
6152.53	10478.5	6047.34	
6140.11	10611.3	6104.69	
6043.69	10729.2	6040.81	
6008.35	10771.4	6007.93	
6009.03	10772.8	6011.3	
5923.91	10864.6	5914.79	
5873.4	10914.7	5854.87	
2057.14	4348.47	2034.02	
2096.21	4405.41	2083.81	
2261.85	4731.66	2249.66	
2662.42	5365.42	2649.44	
2919.76	5825.69	2900.36	
2967.82	6002.55	2956.99	
3006.05	6334.27	2993.37	
3165.15	7087.56	3143.7	
3488.37	7944.25	3453.3	
3713	8410.95	3672.95	
3980.67	8710.01	3945.39	
4283.95	8769.38	4260.18	
4520.92	8638.23	4502.31	
4768.84	8435.7	4747.47	
4947.41	8296.9	4915.46	
5080.32	8172.44	5042.85	
5234.42	8033.25	5208.32	
5359.56	7918.94	5335.34	
5467.2	7827.66	5434.12	
5502.68	7799.83	5494.65	
5553.29	7779.7	5537.22	
5617.83	7792.47	5586.46	
5716.8	7980.42	5676.12	
5874.77	8851.6	5811.01	
6029.62	10056.8	5932.26	
6017.88	10627.2	5957.89	
5955.19	10793.6	5919.51	
5835.1	10935.9	5826.01	
5637.04	11150.1	5634.4	
5405.73	11364.4	5394.89	
5260.11	11509.3	5246.56	
5094.38	11679.6	5064.6	
1879.35	4528.67	1857.54	
1937.56	4583.32	1914.51	
2222.03	4816.46	2205.85	
2643.16	5511.68	2634.68	
2758.29	5960.54	2764.79	
2797.28	6185.6	2813.22	
2877.56	6603.82	2875.04	
3102.44	7843.66	3057.25	
3428.88	8965.36	3380.4	
3705.46	9277.17	3656	
3985.25	9136.05	3955.93	
4314.89	8893.28	4293.27	
4533.03	8712.04	4509.95	
4725.09	8541.82	4711.66	
4933.47	8346.35	4926.86	
5040.5	8246.4	5033.29	
5153.46	8142.6	5141.07	
5320.31	7973.33	5314.69	
5412.02	7887.36	5412.97	
5466.49	7855.68	5450.5	
5507.4	7852.79	5469.86	
5539.27	7888.44	5499.32	
5623.41	8115.57	5586.33	
5848.4	9050.73	5786.24	
5970.55	10166	5904.74	
5886.55	10719.4	5823.57	
5772.34	10973.1	5746.03	
5688.72	11087.1	5666.5	
5456.29	11330	5446.91	
5129.87	11659.1	5125.06	
4626.47	12092.1	4590.16	
4386.17	12301.8	4332.52	
1648.24	4769.6	1597.94	
1856.6	4732.11	1820.96	
2200.36	4976.49	2178.3	
2518.04	5522.58	2520.87	
2676.84	6049.27	2703.37	
2666.84	6329.23	2689.73	
2825.3	6809.73	2826.73	
3095.27	8292.45	3045.08	
3271.59	9496.77	3185.97	
3687.51	9456.5	3656.54	
4050.91	9199.24	4017.85	
4308.65	8948.96	4285.09	
4535.67	8755.73	4529.44	
4701.49	8583.18	4693.83	
4910.53	8392	4913.16	
5027.92	8303.33	5027.19	
5116.19	8193.07	5113.97	
5267.26	8034.07	5277.52	
5375.18	7930.83	5409.29	
5446.5	7887.95	5434.38	
5492.28	7884.3	5443.98	
5510.57	7922.52	5476.18	
5594.08	8208.77	5553.66	
5802.82	9178.27	5756.1	
5871.2	10190.1	5817.46	
5781.37	10827.8	5720.81	
5697.58	11041.3	5621.29	
5592.36	11190.5	5562.48	
5329.99	11457.3	5312.77	
4921.95	11843.6	4901.13	
4498.25	12231.3	4461.66	
3722.26	12863.7	3627.53	