
2916.51	741.352	2850.86	
2904.59	926.319	2857.83	
2854.54	1020.49	2848.53	
2792.77	1103.5	2828.51	
2721.5	1162.93	2805.59	
2706.13	1178.09	2750.01	
2682.43	1170.19	2704.46	
2628.69	1105.14	2641.91	
2569.26	975.79	2592.41	
2537.98	877.264	2570.79	
2488.75	898.778	2477.48	
2431.15	973.723	2422.34	
2361.52	1028.4	2364.08	
2306.27	1039.83	2336.83	
2252.58	1043.43	2304.37	
2219.19	1093.41	2258.19	
2190.16	1144.23	2190.39	
2158.75	1168.49	2140.64	
2118.39	1183.31	2128.67	
2106.49	1216.09	2081.37	
2070.02	1248.65	2047.7	
2020.36	1268.98	2044.16	
1970.89	1290.7	2039.11	
1959.04	1323.45	2025.44	
1948.16	1352.62	1990.37	
1962.14	1373.61	1948.57	
1950.4	1379.84	1907.16	
1959.68	1402.88	1872.98	
1934.66	1420.07	1854.39	
1909.9	1443.91	1812.93	
1882.86	1461.26	1780.57	
1856.58	1466.36	1809.72	
1840.03	1466	1849.4	
1825.76	1467.18	1887.97	
1796.08	1463.95	1904.15	
1765.69	1465	1905.43	
1739.94	1470.75	1875	
1730.09	1481.24	1840.17	
1715.99	1484	1804.13	
1731.18	1478.9	1773.75	
1742.8	1478.72	1744.9	
1765.51	1500.28	1735.99	
1780.52	1523.79	1721.79	
1803.59	1542.7	1713.87	
1832.18	1541.65	1707.55	
1844.17	1575.49	1707.85	
1836.1	1588.38	1699.38	
1842.35	1582.62	1681.23	
2914.31	924.094	2886.1	
2891.69	964.415	2868.13	
2855.75	1053.91	2852.32	
2805.64	1119.42	2830.76	
2753.58	1172.42	2789.55	
2705.09	1197.37	2748.92	
2680.31	1200.42	2693.32	
2638.86	1164	2646.69	
2586.81	1067.45	2597.35	
2540.49	1007.86	2539.39	
2509.54	999.273	2501.83	
2454.43	1035.39	2435.21	
2390.64	1074.73	2378.63	
2316.11	1076.86	2345.54	
2269.49	1090.95	2313.83	
2224.41	1119.66	2267.16	
2197.31	1169.78	2200.67	
2175.35	1194.67	2155.31	
2152.38	1213.36	2132.54	
2113.79	1234.15	2104.34	
2081.66	1266.92	2055.99	
2032.87	1290.75	2047.15	
1997.47	1311.61	2046.46	
1969.92	1338.39	2031.07	
1968.33	1369.22	2000.18	
1956.53	1390.25	1957.28	
1959.36	1404.61	1922.85	
1949.65	1416.09	1894	
1944.06	1436.73	1858.03	
1912.61	1456.84	1825.64	
1887.18	1473.35	1813.12	
1867.41	1477.06	1816.69	
1842.92	1482.66	1848.13	
1818.6	1484.44	1876.01	
1797.1	1485.48	1892.81	
1768.46	1487.11	1891.64	
1748.03	1492.7	1873.59	
1727.96	1496.72	1840.19	
1723.66	1497.15	1804.45	
1724.01	1495.76	1775	
1736.02	1502.2	1753.39	
1749.97	1514.66	1733.68	
1767.25	1536.65	1721.96	
1790.06	1553.61	1713.1	
1806.36	1571.76	1706.35	
1812.95	1573.55	1694.72	
1817.37	1582.78	1680.72	
1811.3	1585.37	1665.55	
2902.41	1006.96	2912.54	
2889.33	1042.5	2886.47	
2863	1086.17	2861.19	
2832.98	1136.14	2833.34	
2789.5	1184.55	2787.79	
2730.36	1223.07	2734.57	
2682.84	1230.64	2695.78	
2649	1212.34	2647.83	
2609.51	1196.83	2597.62	
2577.71	1205.05	2550.16	
2536.46	1195.65	2515.07	
2492.73	1175.57	2472	
2418.64	1159.16	2421.53	
2363.98	1173.21	2379.82	
2296.18	1177.37	2333.54	
2254.74	1184.05	2274.27	
2218.39	1203.51	2222.45	
2204.3	1232.35	2183.12	
2179.38	1253.73	2151.06	
2142.96	1275.66	2122.17	
2097.11	1293.15	2090.84	
2064.08	1321.31	2063.12	
2028.37	1349.94	2054.95	
1998.19	1369.82	2046.78	
1965.95	1392.64	2014.93	
1958.78	1415.95	1975.66	
1953.94	1437.5	1947.58	
1951.44	1450.03	1914.66	
1936.67	1465.74	1879.49	
1925.73	1483.16	1852.67	
1903.43	1493.73	1841.5	
1877.76	1503.89	1841.58	
1847.49	1506.57	1845.3	
1819.97	1510.14	1856.08	
1796.9	1513.31	1867.1	
1775.81	1519.98	1875.72	
1745.47	1524.3	1863.37	
1729.5	1522.82	1838.54	
1719.83	1521.33	1810.44	
1715.71	1523.89	1780.7	
1716.1	1531.61	1754.79	
1730.46	1544.23	1735.85	
1748.87	1553.96	1723.56	
1764.06	1572.43	1709.94	
1772.81	1584.39	1696.97	
1779.19	1584.62	1680.21	
1784.33	1578.94	1658.52	
1786.48	1589.36	1635.8	
2920.42	1072.32	2934.86	
2897.6	1094.82	2922	
2880.32	1124.28	2883.82	
2856.64	1161.41	2838.35	
2817.42	1198.03	2792.82	
2752.48	1244.34	2737.98	
2698.46	1261.31	2699.07	
2664.8	1266.63	2658.12	
2646.42	1286.64	2608.24	
2604.2	1301.63	2576.54	
2573.25	1311.21	2532.62	
2508.89	1307.81	2511.84	
2468.08	1310.02	2478.91	
2411.48	1308.5	2435.46	
2360.09	1305.67	2372.16	
2311.69	1298.67	2315.8	
2276.19	1293.66	2265.61	
2244.9	1303.23	2229.04	
2216.06	1320.24	2190.33	
2180.27	1334.68	2153.28	
2138.5	1351.25	2130.18	
2096.68	1371.02	2100.04	
2060.32	1394.75	2078.61	
2025.01	1415.07	2061.56	
1984.03	1429.35	2032.95	
1949.22	1450.13	2006.64	
1954.66	1475.39	1968.56	
1947.94	1496.86	1940.29	
1946.03	1507.19	1915.09	
1937.03	1518.82	1880.99	
1923.06	1525.05	1854.55	
1887.82	1532.29	1851.27	
1852.95	1536.43	1849.77	
1825.94	1541.51	1845.86	
1800.91	1548.36	1846.37	
1775.5	1551.77	1849.91	
1750.99	1554.3	1846.7	
1722.03	1557.03	1840.95	
1707.74	1556.99	1812.29	
1694.27	1556.9	1782.81	
1692.47	1560.37	1754.15	
1701.8	1565.62	1732.68	
1719.06	1577.84	1719.68	
1730.13	1580.45	1703.28	
1740.37	1585.11	1683.84	
1749.84	1589.85	1666.74	
1755.8	1595.1	1642.14	
1762.32	1593.94	1619.71	
3043.82	1188.12	3069.92	
2971.28	1172.68	2998.77	
2928.68	1177.65	2937.81	
2907.97	1199.91	2891.87	
2856.64	1235.54	2845.85	
2786.65	1271.97	2786.11	
2738.26	1300.4	2725.21	
2701.56	1324.77	2679.12	
2667.36	1336	2638.46	
2642.38	1343.91	2586.04	
2571.9	1353.15	2573.04	
2530.34	1374.57	2532.32	
2473.18	1396.66	2517.84	
2444.51	1413.7	2473.99	
2415.86	1424.98	2427.95	
2388.45	1427.91	2378.63	
2358.38	1430.06	2339.05	
2325.66	1428.85	2290.21	
2277.71	1430.07	2246.84	
2235.56	1439.16	2216.13	
2191.61	1452.49	2184.67	
2149.97	1467.91	2159.45	
2108.18	1481.62	2126.11	
2066.07	1488.54	2094.79	
2025.21	1501.83	2066.37	
1997.48	1520.33	2035.98	
1973.39	1537.15	2002.66	
1963.55	1550.78	1973.68	
1962.17	1559.02	1950.9	
1950.56	1556.91	1911.03	
1932.24	1563.36	1872.32	
1895.9	1563.1	1858.99	
1862.25	1567.26	1854.69	
1832.31	1570.74	1840.22	
1801.92	1576.52	1830.88	
1777.55	1580.73	1824.86	
1750.96	1585.96	1829.41	
1721.47	1590.84	1824.6	
1688.33	1590.91	1810.98	
1674.72	1590.11	1779.81	
1664.03	1582.9	1749.69	
1666.82	1582.51	1726.57	
1675.44	1584.68	1709.22	
1690.49	1586.26	1691.64	
1707.24	1586.87	1671.97	
1718.53	1596.64	1653.03	
1729.92	1597.65	1631.23	
1736.63	1610.57	1612.93	
3720.1	1621.05	3725.65	
3435.04	1474.37	3437.27	
3339.13	1439.12	3337.91	
3234.81	1416.41	3234.89	
3110.77	1406.15	3118.29	
2958.23	1402.26	2992.33	
2857.58	1402.7	2874.59	
2773.36	1395.91	2767.08	
2714.17	1388.96	2679.36	
2647.85	1384.38	2646.68	
2594.96	1393.71	2600.06	
2530.81	1412.75	2576.92	
2490.46	1438.26	2533.24	
2448.78	1470.35	2504.05	
2446.04	1487.66	2464.45	
2417.94	1497.53	2424.03	
2408.8	1504.12	2370.7	
2377.55	1516.99	2328.91	
2340.67	1536.86	2298.25	
2289.51	1552.14	2268.17	
2244.56	1565.33	2247.81	
2204.14	1578.66	2221.52	
2161.11	1591.94	2190.37	
2127.74	1609.31	2148.22	
2098.69	1622.7	2115.13	
2068.04	1638.1	2083	
2035.88	1639.09	2050.26	
2017.16	1642.63	2030.1	
1993.12	1629.44	1999.58	
1975.82	1624.84	1967.52	
1945.44	1615.81	1932.14	
1909.43	1609.78	1894.61	
1870.91	1603.34	1857	
1838.08	1603.31	1841.24	
1807.62	1603.73	1822.15	
1778.36	1609.04	1814.06	
1752.84	1615.26	1806.63	
1717.74	1620.04	1802.23	
1683.14	1620.13	1796.33	
1657.29	1613.14	1773.4	
1644.45	1606.78	1743.89	
1634.28	1596.26	1720.58	
1634.84	1594.06	1698.76	
1654.68	1590.71	1677.24	
1670.69	1589.64	1659.06	
1686.76	1590.86	1641.3	
1701.7	1602.02	1621.81	
1711.19	1603.21	1602.47	
5161.54	2464.25	5128.14	
5060.89	2430.38	5027.78	
4839.05	2331.14	4813.36	
4550.24	2202.12	4539.18	
4158.89	2035.6	4166.22	
3780.41	1907.59	3832.23	
3329.13	1770.18	3472.79	
3003.65	1598.71	3081.5	
2838.82	1528.62	2918.5	
2717.85	1486.63	2793.09	
2604.99	1460.33	2704.3	
2564.94	1459.68	2615.17	
2513.05	1484.64	2560.43	
2483.09	1508.61	2523.8	
2444.59	1522.54	2491.29	
2439.98	1534.18	2437.92	
2412.27	1548.56	2391.41	
2392.11	1564.86	2350.57	
2362.31	1585.36	2310.87	
2317.65	1605.83	2289.8	
2275.59	1620.5	2267.28	
2224.74	1637.08	2255.3	
2189.29	1663.34	2229.25	
2164.85	1692.47	2191.52	
2146.01	1712.6	2148.3	
2121.18	1722.24	2115.79	
2099.17	1733	2089.29	
2064.52	1730.52	2083.18	
2034.67	1727.89	2076.86	
2010.65	1716.81	2057	
1982.09	1703.06	2023.93	
1936	1674.8	1952.81	
1891.23	1657.51	1898.16	
1853.24	1645.64	1844.96	
1813.1	1641.46	1817.58	
1783.29	1637.93	1793.27	
1751.84	1638.48	1784.09	
1716.31	1643.54	1783.58	
1679.48	1642.87	1771.46	
1650.44	1638.36	1758.1	
1636.65	1629.73	1737.43	
1620.89	1622.72	1711.42	
1622.11	1613.05	1687.15	
1630.7	1604.6	1665.43	
1643.47	1597.35	1647.45	
1656.28	1597.64	1630.98	
1670.35	1601.98	1611	
1680.11	1604.38	1595.2	
6443.02	3123.32	6401.17	
6445.18	3171.97	6393.02	
6342.96	3150.65	6295.67	
6102.49	3072.63	6060.8	
5797.41	2984.9	5781.49	
5300.44	2787.48	5334.73	
4500.16	2458.19	4648.49	
3786.07	2279.59	4230.62	
3369.75	2067.36	3798.38	
2920.34	1824.22	3318.67	
2798.11	1639.47	2949.86	
2673.05	1566.71	2744.99	
2592.66	1552.97	2631.24	
2515.1	1544.21	2542.42	
2475.45	1553.64	2493.61	
2435.99	1564.5	2453.07	
2409.72	1582.95	2405.22	
2400.17	1600.69	2359.05	
2373.62	1615.97	2318.69	
2335.91	1633.67	2276.89	
2288.55	1652.58	2266.68	
2249.6	1671.96	2259.13	
2208.52	1699.86	2246.8	
2171.29	1727.27	2214.42	
2158.51	1747.03	2171.76	
2151.55	1758.77	2121.18	
2119.82	1772.77	2115.36	
2084.93	1781.17	2115.32	
2055.65	1779.94	2122.79	
2030.03	1776.84	2125.3	
2011.57	1772.71	2079.72	
1985.03	1757.98	2027.79	
1939.24	1728.69	1956.1	
1881.22	1700.74	1883.81	
1828.56	1680.89	1815.3	
1779.84	1668.74	1778.13	
1747.18	1666.24	1768.23	
1713.56	1664.87	1760.66	
1681.56	1665.7	1752.75	
1649.86	1663.76	1746.25	
1628.95	1657.42	1723.12	
1623.84	1651.26	1697.01	
1619.32	1641.5	1671.99	
1623.78	1629.36	1650.64	
1625.08	1620.33	1634.38	
1633.87	1612.5	1617.66	
1639.78	1610.4	1599.79	
1651.24	1616.65	1585.33	
6963.42	3269.93	6929.34	
6920.87	3342.04	6884.67	
6852.65	3406.06	6797.62	
6767.92	3445.12	6716.62	
6617.89	3430.68	6575.01	
6329.19	3359.27	6330.99	
5943.61	3274.78	6062.53	
5269.45	3129.47	5681.25	
3978.56	2882.98	5077.85	
3914.44	2557.93	4451.04	
3570.5	2200.77	3784.88	
3169.56	1916.71	3249.32	
2713.13	1655.55	2752.07	
2565.62	1587.13	2581.89	
2497.46	1585.66	2508.38	
2438.57	1601.95	2460.16	
2419.97	1614.75	2419.44	
2396.84	1631.56	2377.52	
2388.32	1645.76	2321.23	
2348.08	1661.12	2277.8	
2305.7	1680.48	2255.92	
2263.13	1703.98	2260.47	
2218.54	1726.83	2253.03	
2182.72	1748.93	2232.12	
2168.12	1766.15	2183.58	
2152.6	1783.64	2155.06	
2129.91	1796.2	2131.03	
2093.38	1808.58	2137.86	
2061.53	1811.8	2151.6	
2040.4	1814.64	2143.05	
2024.28	1813.15	2115.04	
2014.38	1808.18	2061.42	
1987.18	1794.36	2013.65	
1926.63	1763.02	1931.91	
1833.55	1718.47	1829.51	
1781.83	1701.27	1776.69	
1740.45	1695.94	1753.17	
1707.06	1693.95	1747.23	
1678.75	1691.5	1743.92	
1650.71	1687.45	1729.95	
1628.03	1683.29	1705.68	
1627.46	1675.6	1680.77	
1630.09	1665.39	1658.72	
1611.77	1658.51	1635.87	
1619.99	1649.74	1613.81	
1620.43	1639.93	1597.03	
1626.78	1633.67	1582.27	
1624.52	1628.51	1569.75	
7136.49	3254.73	7111.05	
7079.81	3323.17	7045.6	
6978.92	3444.16	6945.45	
6904.47	3522.12	6846.99	
6840.84	3550.03	6793.78	
6752.11	3575.74	6730.77	
6553.67	3599.89	6609.68	
6036.86	3557.58	6338.87	
5637.63	3501.43	6037.77	
5199.96	3355.02	5656.5	
4930.21	3078.89	5130.7	
3852.32	2397.58	3948.21	
3068.78	1913.44	3102.67	
2712.58	1716.62	2729.76	
2550.36	1650.2	2567.48	
2494.91	1650.08	2502.32	
2445.8	1660.34	2450.93	
2420.17	1662.11	2393.02	
2387.9	1670.62	2343.92	
2356.76	1686.22	2279.47	
2316.67	1706.93	2255.4	
2272.12	1730.62	2254.01	
2228.37	1755.47	2255.67	
2196.97	1776.79	2234.86	
2173.25	1793.92	2211.65	
2154.63	1810.13	2177.99	
2131.64	1824.61	2154.41	
2098.07	1832.29	2151.79	
2067.97	1838.41	2159.34	
2042.58	1841.09	2159.3	
2026.71	1844.35	2123.73	
2015.73	1841.56	2085.59	
2007.05	1832.5	2033.64	
1949.12	1809.22	1970.91	
1857.61	1769.69	1866.58	
1780.04	1738.46	1784.83	
1737.4	1726.32	1756.91	
1701.51	1723.12	1747.13	
1666.39	1719.42	1731.84	
1650.65	1714.15	1709.38	
1640.73	1707.32	1685.4	
1638.25	1697.59	1662.87	
1624.42	1690.05	1642.13	
1625.41	1682.23	1622.48	
1614.87	1673.97	1596.55	
1622.49	1671.02	1566.23	
1617.13	1663.89	1552.04	
1619.5	1660.39	1540.39	
7216.57	3215.85	7176.85	
7155.99	3281.89	7138.6	
7049.69	3415.21	7015.41	
6956.32	3519.74	6921.64	
6902.47	3584.03	6860.25	
6832.77	3626.49	6803.67	
6682.38	3667.77	6707.81	
6482.52	3759.01	6551.61	
6308.55	3796.85	6416.81	
6149.11	3776.96	6270.5	
5628.08	3553.93	5807.25	
4844	3090.69	4936.73	
3962.5	2569.9	4005.73	
3268.01	2153.3	3294.37	
2950.64	1966.19	2963.96	
2702.23	1822.88	2708.85	
2536	1729.94	2524.1	
2450.6	1697.31	2429.36	
2405.71	1694.11	2350.19	
2357.78	1711.55	2304.97	
2324.48	1733.03	2274.73	
2282.16	1758.61	2263.46	
2241.21	1784.27	2253.76	
2209.78	1807.39	2243.63	
2184.71	1830.4	2219.36	
2159.83	1847.03	2193.92	
2131.09	1856.61	2173.86	
2101.28	1861.95	2163.13	
2072.22	1865.98	2162.16	
2049.09	1868.63	2153.85	
2023.91	1870.48	2136.52	
2005.31	1869.82	2085.77	
1985.51	1865.6	2047.61	
1960.93	1853.27	1997.69	
1884.73	1823.09	1913.77	
1797.44	1786.5	1820.48	
1739.19	1764.93	1773.35	
1696.27	1751.48	1745.38	
1668.35	1744.84	1721.52	
1650.23	1737.69	1691.05	
1656.07	1727.62	1665.15	
1646.3	1721.79	1641.22	
1640.34	1714.79	1621.94	
1631.08	1705.42	1601.46	
1630.47	1697.69	1578.03	
1613.75	1690.92	1549.81	
1615.75	1686.72	1520.25	
1599.63	1683.86	1523	
7269	3155.77	7271.15	
7238.3	3235.06	7207.76	
7153.19	3340.96	7119.36	
7021.52	3486.68	6993.73	
6922.43	3589.39	6906.24	
6858.01	3637.17	6834.89	
6730.32	3727.86	6706.28	
6570.48	3825.19	6569.18	
6455.5	3876.26	6482.1	
6334.16	3895.79	6403.29	
6110.91	3871.16	6177.08	
5702.48	3741.87	5781.35	
5140.45	3466.75	5190.79	
4655.59	3186.87	4686.63	
3989.77	2749.58	4012.19	
3301.16	2279.37	3304.52	
2750.45	1905.2	2734.32	
2528.39	1763.44	2483.9	
2441.2	1735.4	2396.76	
2384.35	1749.36	2341.92	
2341.35	1773.39	2319.92	
2300.49	1789.51	2287.02	
2258.84	1814.15	2256.28	
2226.03	1835.18	2234.68	
2198.64	1856.64	2214.99	
2168.35	1879.06	2193.34	
2138.64	1890.27	2178.33	
2106.7	1896.08	2165.79	
2075.93	1900.24	2159.07	
2050.15	1899.46	2151.29	
2024.29	1895.96	2120.4	
1989.66	1894.63	2092.61	
1972.22	1895.71	2048.36	
1944.55	1891.38	2008.78	
1908.31	1874.89	1957.1	
1834.02	1840.86	1874.73	
1758.54	1804.09	1787.94	
1712.42	1780.87	1739.26	
1686.26	1764.73	1701.56	
1671.95	1755.19	1674.67	
1662.21	1748.48	1648.53	
1663.74	1742.1	1625.05	
1646.51	1736.09	1597.15	
1643.8	1727	1577.79	
1627.38	1720.52	1556.69	
1612.07	1706.88	1539.99	
1587.01	1700.21	1523.86	
1577.49	1693.41	1516.3	
7417.76	3019.28	7431.31	
7351.8	3113.06	7348.83	
7254.29	3266.39	7221.15	
7111.84	3421.18	7088.16	
6989.76	3545.86	6974.64	
6848.31	3669.92	6838.11	
6710.02	3777.72	6683.89	
6579.82	3865.23	6535.33	
6495.67	3918.08	6490.04	
6410.9	3956.95	6425.15	
6266.37	4025.03	6300.22	
6060.44	4074.31	6105.38	
5882.79	4057.12	5930.1	
5640.19	3934.47	5682.7	
5143.62	3617.12	5180.88	
4174.42	2958.11	4189.59	
3309.23	2359.12	3282.99	
2865.36	2056.5	2814.18	
2659.13	1919.29	2582.71	
2540.81	1876.47	2488.95	
2430.14	1850.2	2395.32	
2339.99	1830.3	2320.06	
2285.01	1832.17	2251.97	
2246.74	1854.84	2211.34	
2218.29	1870.75	2191.58	
2189.24	1884.88	2174.16	
2151.54	1909.69	2162.43	
2111.33	1921.29	2160.16	
2078.2	1925.5	2147.49	
2052.06	1925.72	2126.52	
2022.44	1925.32	2111.79	
1987.31	1925.02	2079.34	
1956.23	1924.54	2054.5	
1938.17	1921.19	2015.72	
1913.71	1908.83	1973.26	
1870.94	1889.22	1918.45	
1793.93	1843.14	1813.02	
1735.6	1800.39	1720.98	
1706.69	1785.02	1681.51	
1681.89	1774.36	1650.67	
1670.84	1768.25	1630.13	
1655.38	1762.62	1605.67	
1646.97	1753.26	1581.91	
1636.43	1747.67	1552.86	
1612.24	1737.11	1554.9	
1585.64	1727.08	1544.35	
1565.03	1711.33	1538.3	
1544.52	1701.44	1525.5	
7548.78	2872.78	7589.21	
7486.33	2975.67	7506.47	
7375.03	3139.33	7369.55	
7258.48	3315.62	7221.63	
7015.43	3539.4	7000.41	
6812.69	3718	6815.83	
6672.19	3831.74	6647.69	
6577.45	3908.91	6540	
6514.88	3957.94	6474.73	
6422.3	4021.8	6412.01	
6284.38	4102.85	6300.97	
6141.55	4191.09	6176.83	
6062.22	4218.25	6108.18	
5965.61	4203.5	6018.56	
5691.94	4072.63	5742.48	
5135.22	3753.39	5154.21	
4476.6	3345.98	4463.87	
3885.65	2933.75	3842.47	
3530.09	2651.71	3443.03	
3172.66	2320.95	2984.18	
2707.24	2028.51	2578.55	
2462.02	1893.59	2351.45	
2348.04	1853.62	2248.17	
2290.2	1853.23	2188.96	
2249.51	1865.63	2158.69	
2213.46	1891.91	2147.3	
2154.47	1908.07	2137.77	
2116.03	1926.58	2129.19	
2083.8	1935.71	2120.12	
2051.69	1947.92	2115.05	
2021.55	1956.6	2093.32	
1986.42	1962.02	2073.96	
1951.18	1958.37	2051.8	
1928.03	1946.17	2021.34	
1914.14	1936.91	1985.49	
1891.48	1914.57	1928.8	
1823.05	1871.08	1830.31	
1744.65	1830.22	1719.54	
1701.16	1808	1649.41	
1681.16	1798.35	1623.53	
1664.1	1792.7	1602.03	
1644.56	1783.92	1588.94	
1630.2	1775.43	1565.31	
1611.66	1765.59	1566.65	
1588.29	1755.67	1557.09	
1559.81	1739.37	1564.02	
1540.24	1725.14	1552.53	
1532.54	1712.47	1564.34	
7734.17	2708.53	7792.71	
7662.92	2797.9	7709.3	
7562.94	2962.25	7569.47	
7336.57	3242.36	7323.46	
7075.92	3518.3	7062.13	
6776.45	3792.88	6770.37	
6628.98	3904.91	6616.87	
6563.07	3962.77	6533.99	
6498.3	4010.79	6465.48	
6394.09	4082.68	6367.32	
6262.44	4171.61	6263.43	
6156.59	4236.73	6183.65	
6095.78	4267.34	6143.2	
6030.49	4284.55	6094.74	
5902.23	4308.79	5944.85	
5699.88	4305.41	5717.55	
5434.68	4200.2	5432.23	
5198.72	4053.08	5176.59	
4781.16	3708.64	4705.52	
4038.99	3032.05	3814.93	
3503.55	2384.48	2939.7	
2889.53	2026.01	2444.67	
2568.71	1884.16	2226.68	
2396.07	1849.91	2155.51	
2322.32	1863.29	2128.31	
2209.48	1880.6	2116.24	
2157.54	1904.33	2105.23	
2118.12	1920.12	2094.23	
2084.19	1940.34	2090.16	
2055.94	1955.48	2084.24	
2023.05	1981.53	2080.13	
1979.67	1995.1	2064.99	
1945.52	1987.16	2046.49	
1921.12	1978.73	2027.86	
1908.12	1957.22	1982.21	
1893.84	1935.85	1930.39	
1847.71	1909.78	1860.31	
1755.49	1864.51	1731.04	
1691.98	1836.2	1637.15	
1670.92	1826.84	1580.07	
1650.51	1817.59	1569.94	
1626.69	1810.3	1569.68	
1603.42	1798.55	1584.17	
1583.29	1786.4	1585.61	
1563.04	1769.96	1581.06	
1542.86	1753	1564.66	
1519.39	1733.06	1588.96	
1507.41	1724.55	1589.36	
8062.73	2489.11	8128.95	
7923.47	2605.28	7970.07	
7786.44	2830.8	7820.63	
7591.68	3143.55	7608.76	
7239.28	3540.01	7235.46	
6792.69	3828.38	6789.44	
6601.65	3973.69	6602.42	
6526.89	4023.73	6520.43	
6450.6	4077.85	6426.83	
6344.36	4152.75	6317.19	
6234.77	4226.04	6216.4	
6159.04	4272.79	6182.9	
6102.55	4304.49	6154.63	
6043.42	4343.46	6090.88	
5937.21	4420.92	5973.74	
5822.37	4494.59	5833.13	
5756.86	4515.58	5752.24	
5678.19	4477.66	5661.4	
5433.03	4274.73	5368.65	
4921.53	3755.67	4668.06	
4250.17	2887.96	3502.44	
4100.11	2174.82	2514.33	
3216.85	1923	2184.74	
2826.1	1878.9	2110.81	
2326.77	1866.71	2090.97	
2205.1	1873.03	2078.58	
2155.12	1888.1	2071.04	
2117.28	1916.92	2065.2	
2081.38	1933.05	2059.57	
2054.07	1966.08	2056.48	
2020.89	1983.19	2052.29	
1979.02	2003.55	2047.9	
1935.73	2018.77	2046.15	
1919.41	1999.86	2014.11	
1903.2	1984.12	1973.95	
1886.43	1970.37	1932.49	
1849.45	1945.44	1872.84	
1767.52	1902.2	1757.26	
1696.65	1868.27	1636.01	
1658.04	1851.72	1574.24	
1637.66	1843.2	1540.97	
1606.73	1831.29	1567.41	
1577.44	1819.22	1593.77	
1556.25	1804.21	1601.26	
1534.05	1787.48	1585.54	
1516.9	1770.4	1587.44	
1501.97	1749.99	1592.45	
1485.92	1722.61	1608.14	
8573.38	2333.72	8695.99	
8496.03	2520.31	8565.24	
8447.82	2737.95	8505.02	
8378.77	3152.16	8412.84	
7490.85	3599.46	7500.11	
6889.42	3890.47	6893.3	
6614.08	4004.72	6631.36	
6496.69	4072	6501.52	
6391.33	4152.27	6365.66	
6291.39	4223.92	6255.89	
6220.73	4271.95	6202.27	
6159.83	4308.75	6172.05	
6101.78	4348.32	6131.96	
6016.86	4408.69	6060.8	
5906.8	4497.11	5937.91	
5834.19	4555.68	5845.98	
5801.73	4576.42	5795.56	
5763.89	4566.41	5735.86	
5695.11	4510.24	5624.34	
5448.03	4227.47	5214.22	
4898.22	3324.95	3977.66	
4587.56	2362.19	2668.91	
5146.57	2023.3	2154.93	
2961.17	1931.9	2097.17	
2337.68	1891.06	2066.09	
2197.13	1872.54	2046.6	
2148.61	1891.05	2040.28	
2111.4	1911.3	2035.55	
2077.49	1937.03	2030.45	
2047.89	1957.07	2025.04	
2016.3	1985.54	2022.63	
1973.64	2008.2	2022.74	
1945.09	2021.55	2013.62	
1918.57	2021.37	2000.38	
1890.9	2009.44	1963.46	
1869.72	1998.22	1924.02	
1838.48	1979.61	1878.09	
1782.77	1948.37	1788.29	
1703.75	1907.98	1671.8	
1651.53	1877.72	1576.1	
1615.14	1863.41	1555.1	
1587.51	1847.13	1570.36	
1555.02	1836.67	1593.07	
1526.68	1824.22	1597.47	
1503.92	1810.91	1595.5	
1483.93	1791.62	1588.95	
1480.21	1763.03	1584.12	
1480.75	1749.36	1573.17	
10172.7	2860.44	10263.3	
10092.7	2706.52	10212.5	
10195.3	3065.09	10256.2	
9190.84	3351.2	9226.96	
8158.19	3765.84	8176.68	
7209.18	3964.44	7224.5	
6697.75	4061.16	6706.06	
6470.03	4146.41	6467.94	
6343.35	4219.07	6320.3	
6266.06	4277.95	6214.18	
6211.93	4314.55	6178.9	
6149.86	4351.5	6154.47	
6078.3	4397.47	6105.2	
5965.96	4481.93	6002.49	
5867.57	4555.76	5905.49	
5828.27	4592.6	5842.3	
5803.53	4607.56	5794.8	
5795.07	4612.68	5751.99	
5766.53	4598.87	5695.42	
5657.95	4448.62	5437.81	
5317.42	3742.82	4409.3	
5296.43	2829.51	3133.48	
4036.51	2278.33	2443.47	
3098.64	2016.66	2141.55	
2339.98	1929.86	2056.59	
2193.81	1912.38	2030.07	
2139.54	1907.08	2011.01	
2101.74	1919.72	1998.48	
2073.4	1935.73	1991.08	
2039.3	1956.84	1990.59	
2004.66	1980.9	1993.02	
1977.19	2007.3	1987.85	
1947.49	2027.05	1981.54	
1915.78	2033.07	1972.1	
1877.74	2026.6	1957.6	
1845.68	2015.97	1923.5	
1827.24	2007.12	1877.32	
1791.54	1988.31	1815.6	
1715.75	1943.42	1698.8	
1636.23	1905.13	1625	
1592.34	1881.18	1590.72	
1561.85	1868.9	1583.43	
1531.21	1856.3	1580.67	
1501.11	1845.07	1592.42	
1478.08	1830.63	1587.78	
1468.48	1807.2	1566.98	
1464.78	1785.45	1539.12	
1470.84	1773.91	1521.84	
12172.8	3577.31	12220.2	
12143.8	3581.37	12190.8	
11311.2	3632.34	11369.3	
10509.9	3922.29	10538.7	
9277.52	4045.3	9297.22	
8026.82	4161.67	8036.37	
7039.11	4221.6	7034.71	
6504.49	4271.14	6486.67	
6316.33	4310.52	6288.94	
6238.77	4332.51	6212.86	
6192.6	4362.64	6162.36	
6122.76	4404.68	6123.86	
6014.84	4478.01	6046.16	
5914.65	4547.64	5956.8	
5847.5	4601.39	5880.12	
5819.55	4628.32	5831.17	
5803.38	4647.17	5786.14	
5789.64	4656.27	5742.46	
5763.87	4649.75	5694.83	
5698.23	4583.63	5511.59	
5661.71	4276.57	4938.57	
4857.14	3595.33	3998.49	
3603.13	2700.97	2906.38	
2730.08	2162.51	2278.9	
2377.04	1988.85	2065.24	
2183.17	1952.96	2014.3	
2127.46	1941.2	1989	
2095.73	1930.43	1961.28	
2062.74	1942.92	1953.51	
2029.45	1960.03	1958.35	
1998.8	1977.3	1957.51	
1970.73	2008.5	1957.42	
1944.26	2030.35	1953.44	
1909.44	2036.57	1947.9	
1867.26	2039.08	1941.77	
1832.1	2033.14	1922.68	
1812.41	2025.3	1883.5	
1793.63	2011.79	1821.51	
1732.09	1983.96	1750.28	
1637.65	1935.62	1661	
1573.46	1903.31	1624.38	
1534.49	1891.58	1585.19	
1504.87	1877.84	1573.62	
1480.61	1864.66	1566.83	
1467.87	1849.01	1551.48	
1462.91	1830.55	1526.64	
1462.28	1805.97	1497.4	
1460.23	1781	1480.9	
12847.7	3787.12	12871.8	
12405.7	4116.23	12426.3	
11983.6	4346.25	12002.4	
11382.9	4430.66	11403.4	
10475.3	4540.66	10483.4	
9260.31	4590.87	9259.09	
7789.95	4551.58	7774.97	
6833.56	4460.84	6806.98	
6318.92	4399.37	6298.42	
6209.9	4405.04	6195.05	
6154.45	4428.52	6146.71	
6064.13	4493.76	6063.43	
5941.99	4572.86	5974.5	
5858.23	4621.84	5911.78	
5825.54	4647	5866.46	
5802.22	4670.2	5815.73	
5775.13	4692.55	5760.43	
5740.67	4710.8	5708.5	
5701.33	4729.73	5639.37	
5665.4	4736.88	5521.42	
5498.1	4664.01	5295.2	
4954.56	4225.25	4676.38	
3774.82	3226.2	3480.48	
2704.17	2364.71	2461.06	
2285.31	2058.15	2093.54	
2176.27	1997.17	2007.35	
2113.2	1975.11	1971.53	
2084.31	1969.01	1952.68	
2055.44	1965.42	1938.78	
2018.25	1968.8	1923.68	
1990.42	1987.82	1925.88	
1963.65	2009.28	1926.71	
1935.15	2030.01	1928.01	
1903.7	2042.93	1926.84	
1861.87	2049.3	1922.85	
1824.42	2051.84	1917.8	
1803.83	2045.55	1883.88	
1787.72	2036.88	1843.63	
1747.18	2014.1	1777.89	
1649.64	1968.24	1680.45	
1570.89	1934.74	1610.67	
1515.73	1913.89	1586.73	
1487.14	1898.86	1551.9	
1472.48	1886.52	1527.28	
1461.49	1873.34	1504.06	
1460.2	1852.71	1484.17	
1467.07	1826.41	1464.03	
1460.42	1804.25	1447.56	
12417.5	4288.97	12429.3	
12325.3	4397.85	12336.3	
12022.3	4662.36	12026.3	
11653.6	4846.31	11654.4	
11114.3	5012.84	11112.3	
10245.2	5131.93	10232	
8970.33	5017.55	8942.66	
7246.67	4674.87	7224.53	
6471.29	4532.68	6454.87	
6211.98	4542	6195.88	
6103.98	4567.59	6095.28	
5988.82	4603.81	5992.49	
5889.25	4648.79	5914.91	
5832.41	4679.35	5882.15	
5790.11	4698.68	5848.01	
5752.51	4720.97	5788.01	
5712.9	4751.93	5715.69	
5653.53	4798.92	5632.19	
5598.26	4841.21	5550.62	
5550.75	4860.32	5485.1	
5468.2	4828.71	5376.38	
5150.44	4583.7	5038.02	
4171.31	3742.42	4033.51	
2892.05	2640.2	2742.02	
2313.69	2176.66	2175.38	
2141.41	2041.33	2010.25	
2100.62	2013.38	1966.05	
2072.43	2006.46	1947.53	
2043.04	2001.37	1928.69	
2011.68	1999.54	1910.96	
1980.31	2002.53	1894.41	
1953.37	2019.99	1898.9	
1925.55	2037.38	1901.68	
1893.96	2053.36	1911.55	
1860.61	2065.86	1915.09	
1824.88	2073.14	1905.52	
1798.29	2072.86	1890.09	
1781.54	2063.46	1845.46	
1753.05	2041.83	1781.14	
1680.32	2011.52	1699.79	
1573.5	1969.69	1608.32	
1517.04	1938.63	1559.69	
1487.42	1922.45	1525.65	
1472.7	1907.88	1489.44	
1462.85	1894.92	1465.92	
1460.43	1876.56	1443.16	
1452.46	1855.24	1426.69	
1458.19	1846.74	1412.01	
11917.8	4852.4	11915.7	
11895	4872.04	11891.7	
11888.2	4862.07	11886.9	
11583.7	5124.11	11570.7	
11216.3	5371.88	11198.6	
10771.6	5487.62	10738.7	
9656.59	5365.29	9623.46	
8218.85	5120.49	8193.02	
7260.05	4953.77	7239.18	
6523.48	4811.44	6502.22	
6037.47	4725.34	6011.37	
5913.62	4704.19	5906.51	
5860.71	4712.92	5866.9	
5793.16	4733.34	5835.94	
5737.1	4759.25	5805.27	
5676.21	4797.72	5724.49	
5601.06	4851.16	5625.65	
5554.22	4888.7	5552.18	
5530.39	4907.72	5496.9	
5506.88	4918.89	5441.23	
5452.76	4902.57	5383.96	
5263.54	4769.72	5206.03	
4546.36	4165.26	4479.94	
3342.44	3121.48	3253.33	
2405.56	2302.01	2291.95	
2141.06	2090.71	2023.39	
2083.67	2053	1968.85	
2062.24	2042.76	1944.59	
2032.81	2036.7	1929.81	
1999.31	2034.07	1900.51	
1971.43	2035.45	1883.28	
1944.67	2041.5	1871.59	
1916.02	2060.96	1886.57	
1884.44	2077.77	1902.08	
1855.13	2089.95	1911.95	
1824.15	2096.19	1899.37	
1792.12	2099.53	1878.06	
1775.29	2092.93	1829.53	
1760.44	2080.08	1778.36	
1699.36	2054.5	1713.42	
1597.44	2008.95	1613.92	
1519.43	1973.02	1532.18	
1486.63	1948.24	1487.45	
1468.24	1933.42	1455.77	
1468.71	1920.01	1427.56	
1448.51	1905.91	1404.18	
1433.01	1892.47	1380.55	
1409.31	1883.41	1386.41	
11633	5158.63	11623.9	
11573.1	5222.84	11572.3	
11464.2	5310.29	11466.2	
11372.2	5382.64	11361	
11157.1	5564.33	11115.5	
10855.5	5676.44	10812.7	
10245.9	5734.76	10204.4	
9543.15	5724.09	9500.81	
8503.55	5513.52	8464.03	
6859.56	5056.75	6832.58	
6002.67	4797.71	5977.41	
5877.19	4767.86	5838.47	
5813.7	4775.23	5811.43	
5729.82	4806.52	5766.3	
5633.84	4861.49	5685.51	
5576.62	4900.19	5621.02	
5519.92	4931.44	5551.26	
5491.72	4946.17	5493.5	
5485.7	4957.89	5450.47	
5475.67	4955.47	5416.42	
5426.39	4943.89	5384.43	
5313.66	4877.68	5283.8	
4912.38	4560.54	4895.32	
3714.27	3504.8	3660.13	
2577.84	2492.96	2479.24	
2166.38	2141.66	2055.23	
2085.5	2088.49	1974.66	
2050.82	2076.52	1958.42	
2021.61	2069.91	1925.16	
1988.72	2070.9	1899.38	
1959.65	2073.62	1871.47	
1936.02	2080.4	1869.64	
1909.81	2088.53	1878.86	
1879.25	2105.36	1901.07	
1844.93	2117.47	1898.67	
1812.99	2123.4	1888.65	
1790.01	2126.4	1854.6	
1773.68	2126.02	1810.77	
1755.28	2119.41	1767.38	
1719.22	2100.88	1718.03	
1626.55	2059.35	1620.34	
1527.04	2013.67	1514.55	
1476.08	1984.11	1456.73	
1465.43	1965.76	1418.84	
1449.08	1952.43	1386.46	
1439.89	1936.27	1360.53	
1394.86	1925.57	1362.19	
1365.15	1910.67	1365	
11354.4	5431.45	11387.5	
11301.1	5487.03	11327.8	
11198.1	5587.05	11217	
11099.3	5681.43	11081.3	
11019.4	5738.17	10978.9	
10809.4	5879.5	10760	
10544.7	6021.54	10492	
10209.6	6047.04	10147.3	
9108.36	5786.76	9056.19	
6919.72	5150.95	6891.07	
5988.13	4877.44	5955.56	
5812.6	4853.04	5798.03	
5737.77	4865.8	5739	
5627.71	4914.76	5660.9	
5546.08	4955.19	5592.41	
5495.65	4971.8	5543.93	
5495.26	4981.99	5494.18	
5484.44	4992.06	5452.05	
5457.77	4994.2	5414.82	
5421.76	4994.55	5396.26	
5392.65	4985.86	5376.39	
5329.95	4955.64	5334.13	
5062.38	4741.29	5066.24	
4115.04	3909.26	4077.48	
2815.12	2745.58	2728.07	
2248.39	2244.98	2143.43	
2111.45	2139.17	2016.06	
2053.91	2107.78	1964.02	
2013.09	2105.03	1933.85	
1979.88	2105.57	1885.88	
1952.13	2111.46	1870.66	
1926.48	2118.07	1864.11	
1899.11	2126.35	1871.88	
1873.36	2133.46	1880.07	
1835.68	2143.87	1885.9	
1797.59	2153.43	1877.15	
1779.45	2158.29	1839.85	
1764.4	2156.33	1791.76	
1759.65	2151.84	1754.81	
1722.7	2141.74	1706.47	
1654.44	2113.56	1629.12	
1541.31	2061.97	1510.99	
1468.63	2022.46	1426.51	
1447.43	2001.99	1385.11	
1433.59	1985.68	1349.33	
1392.12	1972.01	1337.01	
1362.35	1954.94	1339.01	
1330.68	1949.87	1340.94	
11113.5	5665.8	11189.3	
11053.6	5721.23	11122.4	
11034.1	5763.58	11057.5	
10918.5	5883.27	10913.6	
10783.7	6009.25	10758.3	
10672.9	6100.01	10629.3	
10580	6156.75	10511.3	
10363.2	6160.62	10297.3	
9245.1	5875.76	9195.16	
7121.12	5291.95	7081.89	
6094.33	5057.82	6075.37	
5735.47	5012.91	5737.15	
5599.08	5000.94	5625.22	
5548.94	5001.81	5586.31	
5486.84	5007.82	5547.42	
5477.04	5014.24	5502.85	
5481.34	5021.92	5461.66	
5469.41	5025.17	5414.06	
5436.62	5025.75	5393.1	
5391.72	5026.81	5374.58	
5351.05	5022.87	5370.7	
5310.92	4999.28	5334.95	
5153.94	4875.2	5159.09	
4460.61	4282.06	4431.74	
3249.95	3206.49	3177.14	
2584.55	2611.05	2501.94	
2237.87	2296.52	2153.05	
2095.77	2187.4	2011.83	
2019.37	2148.38	1929.29	
1974.28	2145.52	1889.01	
1946.88	2147.89	1854.26	
1920.55	2151.41	1859.46	
1894.58	2157.1	1858.35	
1861.49	2165.67	1862.26	
1825.79	2172.03	1871.8	
1788.6	2180.62	1866.53	
1756.43	2184.09	1828.79	
1752.15	2187.44	1779.78	
1742.38	2186.43	1733.5	
1731.45	2178.49	1695.44	
1661.37	2156.34	1628.67	
1555.52	2109.22	1513.07	
1467.81	2067.33	1404.99	
1424.92	2044.07	1350.57	
1392.33	2029.44	1334.46	
1357.39	2009.25	1322.05	
1318.82	1992.85	1304.85	
1298.14	1980.65	1311.6	
10944.2	5841.99	11021.1	
10906.2	5891.81	10967.8	
10805.3	6003.94	10855.5	
10719.1	6101.98	10739	
10605.7	6217.46	10591.5	
10574.2	6238.5	10523.8	
10531.6	6244.17	10470.6	
10363	6207.1	10303.9	
9470.62	6015.11	9416.35	
7848.65	5649.66	7809.96	
6324.02	5278.81	6301.1	
5670.44	5103.38	5668.89	
5544	5076.52	5560.51	
5481.56	5058.81	5536.84	
5468.8	5049.88	5510.72	
5456.47	5049.79	5476.49	
5451.23	5049.36	5437.02	
5450.02	5051.87	5404.05	
5408.74	5056.5	5367.75	
5364.43	5057.36	5357.27	
5326.04	5058.52	5341.9	
5288.28	5048.9	5303.02	
5183.07	4986.62	5181.73	
4776.75	4680.98	4752.51	
4124.99	4145.93	4079.09	
3303.14	3384.45	3238.7	
2705.1	2818	2630.49	
2288.52	2429.42	2202.8	
2069.81	2248.51	1978.55	
1981	2193.27	1880	
1943.67	2183.66	1854.01	
1918.22	2181.1	1848.47	
1889.16	2184.73	1858.68	
1857.72	2188.53	1856.34	
1818.51	2198.01	1862.63	
1776.22	2204.56	1855.41	
1744.59	2211.2	1819.63	
1729.23	2215.64	1767.51	
1730.91	2220.93	1713.78	
1709	2216.28	1666.68	
1669.16	2199.08	1623.19	
1575.79	2168.47	1527.09	
1464.15	2123.05	1400.3	
1399.93	2093.95	1336.45	
1352.82	2072.59	1310.11	
1320.35	2052.76	1298.63	
1287.86	2031.94	1289.56	
1252.31	2013.33	1290.84	
10656.9	6161.47	10710	
10618.1	6204.38	10677.5	
10579.5	6251.74	10637	
10536.7	6298.91	10582.2	
10531.2	6298.96	10518.9	
10513.8	6323.63	10452.8	
10458.7	6326.67	10410.8	
10293.8	6308.24	10241.1	
9846.69	6262.1	9789.22	
8549.98	6014.87	8500.44	
6432.32	5384.15	6410.29	
5635	5139.44	5620.98	
5517.88	5105.28	5521.64	
5476.25	5096.68	5494.3	
5439.85	5085.91	5474.11	
5437.24	5079.19	5450.56	
5423.03	5080.47	5425.24	
5393.04	5084.04	5396.26	
5371.16	5087.84	5376.88	
5336.01	5094.46	5343.84	
5296.49	5105	5297	
5245.12	5126.79	5232.92	
5171.24	5116.86	5153.82	
5040.33	5076.81	5014.25	
4747.05	4859.07	4708.82	
4285.65	4455.52	4234.47	
3567.09	3764.58	3501.12	
2777.22	2985.78	2693.1	
2226.98	2451.53	2130.48	
2016.76	2264.86	1918.5	
1948.52	2215.84	1852.22	
1914.52	2208.31	1852.89	
1884.51	2208.48	1851.79	
1850.44	2214.38	1868.08	
1813.29	2220.19	1850.92	
1770.83	2230.67	1843.94	
1732.01	2238.39	1800.97	
1709.64	2246.17	1747.79	
1695.94	2251.21	1698.56	
1678.84	2257.5	1651.2	
1644.89	2252.74	1601	
1586.21	2228.22	1531.02	
1469.96	2187.73	1421.73	
1365.7	2146.32	1325.42	
1319.38	2118.76	1281.76	
1283.93	2100.93	1260.9	
1250.66	2079.51	1265.72	
1230.39	2069.84	1264.35	
10289.4	6555.23	10309.7	
10310.4	6527.85	10343.6	
10353.9	6483.3	10389.9	
10398.1	6429.17	10423.2	
10403.5	6420.07	10399.4	
10374.6	6433.2	10349	
10318.6	6463.09	10269.2	
10191.3	6500.91	10137	
9911.43	6495.35	9845.41	
8743.75	6155.46	8698.65	
6557.58	5477.65	6537.84	
5673.9	5184.47	5655.39	
5513.72	5131.61	5479.13	
5467.2	5117.54	5444.2	
5442.39	5115.83	5428.2	
5413.01	5116.59	5419.68	
5388.44	5118.08	5406.45	
5353.54	5124.04	5403.86	
5315.15	5126.05	5378.84	
5293.83	5138.52	5323.15	
5250.83	5167.19	5252.62	
5186.14	5207.1	5173.79	
5144.46	5239.18	5111.35	
5094.57	5236.58	5058.32	
5008.65	5209.08	4965.37	
4816.4	5069.84	4768.66	
4360.55	4638.87	4292.6	
3447.06	3728.9	3366.14	
2592.92	2869.24	2497.95	
2101.74	2378.81	2006.63	
1962.61	2255.29	1892.13	
1917.77	2230.3	1870.44	
1882.98	2232.56	1873.03	
1850.06	2241.88	1842.03	
1808.77	2250.72	1838.72	
1762.44	2262.35	1806.66	
1723.44	2274	1773.65	
1684.19	2283.01	1726.36	
1659.39	2288.94	1684.79	
1654.41	2293.98	1639.86	
1630.09	2293.73	1580.79	
1570.01	2279.71	1526.93	
1478.25	2246.02	1439.12	
1356.27	2206.02	1327.13	
1279.25	2179.38	1254.19	
1241.95	2158.64	1230.98	
1208.78	2155.21	1220.76	
1179.03	2143.02	1208.8	
10083.1	6786.02	10061.8	
10098.4	6760.81	10088.8	
10122.3	6700.15	10146.6	
10146.7	6653.76	10181.1	
10146.5	6635.53	10178.6	
10124	6645.59	10124.6	
10097.1	6657.31	10061.2	
10054.7	6675.26	9983.5	
9819.6	6632.29	9765.73	
8771.47	6311.08	8738.28	
6919.5	5680.8	6897.94	
5791.06	5259.57	5758.33	
5508.21	5150.97	5460.5	
5468.81	5136.81	5396.83	
5431.94	5139.81	5379.06	
5397.94	5146.14	5374.13	
5362.54	5156.7	5391.84	
5326.42	5160.67	5386.67	
5279.33	5175.21	5348.65	
5219.44	5201.09	5281.07	
5170.37	5237.14	5205.85	
5136.34	5266.9	5145.02	
5112.12	5291.99	5093.73	
5091.43	5308.83	5044.47	
5048.77	5314.41	5001.08	
4980.44	5284.04	4916.42	
4742.47	5087.73	4678.02	
4150.29	4511.56	4070.99	
3078.31	3419.18	2986.83	
2342.59	2670.98	2270.7	
2035.55	2364.02	1987.51	
1946.22	2290.26	1922.63	
1909.2	2282.92	1888.18	
1857	2289.69	1853.11	
1806.67	2294.9	1801.92	
1763.84	2304.6	1775.19	
1709.19	2314.78	1741.89	
1659.62	2319.83	1710.25	
1626.48	2324.39	1669.07	
1623.55	2329.19	1624.33	
1601.42	2331.75	1573.36	
1556.48	2327.27	1516.64	
1485.57	2307.81	1453	
1359.31	2273.87	1337.68	
1251.65	2251.1	1246.33	
1194.37	2242.72	1199.66	
1151.36	2224.21	1162.27	
1123.97	2218.71	1154.17	
10027.7	6881.11	9954.95	
10005.2	6859.04	9990.75	
9985.49	6830.35	10013.4	
9955.34	6814.17	10017.1	
9936.89	6817.46	9998.69	
9942.16	6805.31	9955.76	
9950.71	6792.03	9905.88	
9889.22	6807.98	9851.83	
9700.05	6782.55	9661.34	
8919.38	6578.06	8895.62	
7330.07	5937.52	7301.14	
5943.4	5350.05	5897.07	
5533.47	5183.23	5465.05	
5455.9	5166.83	5384.85	
5424.47	5163.14	5344.84	
5385.89	5171.46	5336.98	
5348.28	5183.19	5353.68	
5304.12	5198.88	5359.27	
5240.95	5226.1	5302.7	
5156.07	5265.29	5227.55	
5107.21	5286.72	5176.8	
5089.12	5310.72	5128.37	
5071.35	5328.31	5082.69	
5059.81	5346.97	5038.75	
5055.51	5357.5	4989.64	
5006.5	5357.05	4945.38	
4904.9	5307.31	4833.9	
4531.43	4974.46	4449.56	
3770.72	4241	3696.6	
2848.63	3297.7	2791.16	
2370.75	2799.92	2337.55	
2212.7	2648.96	2183.37	
2059.33	2511.07	2041.68	
1896.87	2377.59	1882.42	
1814.46	2343.62	1797.03	
1765.63	2336.28	1741.92	
1702.57	2341.91	1727.24	
1642.7	2351.61	1700.47	
1611.96	2363.42	1651.66	
1591.99	2372.05	1606.06	
1574.11	2378.4	1557.74	
1538.71	2380.56	1502.94	
1465.9	2377.4	1446.61	
1375.3	2362.06	1369.77	
1252.84	2344.34	1260.38	
1150.41	2316.65	1168.73	
1095.62	2293.42	1118.04	
1078.33	2266.44	1076.93	
9958.59	6934.78	9905	
9945.43	6922.11	9928.21	
9890.34	6925.54	9923.33	
9839.12	6944.37	9892.29	
9798.69	6960.54	9850.07	
9780.42	6965.54	9801.41	
9742.88	6989.34	9747.33	
9690.03	6998.83	9685.13	
9526.47	7004.4	9520.64	
9082.43	6823.41	9060.47	
7679.18	6212.44	7648.99	
6233.93	5558.5	6176.9	
5665.38	5305.54	5598.95	
5476.48	5222.92	5401.51	
5412.94	5201.35	5339	
5373.65	5199.25	5311.32	
5327.51	5212.45	5301.63	
5275.07	5241.91	5283.89	
5207.4	5276.91	5248.34	
5131.48	5308.41	5193.86	
5084.43	5329.86	5157.24	
5050.83	5342.17	5122.89	
5034.36	5360.46	5076.81	
5032.98	5377.08	5029.82	
5023.41	5393.05	4990.04	
5008.15	5400.69	4945.14	
4943.38	5392.47	4866.23	
4755.48	5324.09	4680.9	
4318.81	4989.7	4245.98	
3767.07	4480.34	3703.88	
3446.38	4169.04	3387.89	
3072.77	3761.47	3028.11	
2474.07	3082.77	2445.83	
2024.85	2589.06	2003.08	
1839.53	2409.04	1818.11	
1765.4	2371.72	1767.3	
1708.35	2370.8	1729.81	
1649.5	2384.98	1687.8	
1602.93	2399.82	1640.82	
1587.08	2415.49	1584.95	
1556.98	2424.08	1537.03	
1507.38	2437.19	1487.7	
1445.36	2446.49	1438.08	
1374.5	2439.82	1388.65	
1267.05	2422.62	1281.25	
1126.66	2396.44	1138.94	
1053.75	2368.02	1072.52	
1022.82	2351.99	1025.49	
9816.7	7051.69	9775.38	
9795.15	7061.31	9778.65	
9754.75	7084.1	9760.09	
9680.46	7130.7	9715.24	
9609.44	7167.64	9660.66	
9540.21	7215.2	9594.11	
9483.03	7237.94	9535.47	
9459.72	7231.06	9490.2	
9397.91	7190.95	9402.39	
9040.15	7060.59	9039.31	
8128.57	6661.16	8108.05	
6949.52	6143.2	6914.21	
6054.75	5641.45	5997.72	
5547.93	5318.66	5479.25	
5401	5247.08	5332.93	
5340.55	5248.69	5283.45	
5291.61	5268.61	5237.42	
5239.76	5292.38	5207.53	
5180.48	5324.35	5182.83	
5128.2	5348.75	5172.19	
5070.56	5364.2	5141.95	
5032.82	5378.56	5110.64	
5018.73	5391.22	5072.72	
5004.44	5408.4	5031.26	
4995.18	5427.85	4984.11	
4983.09	5443.52	4940.69	
4939.78	5463.88	4883.14	
4811.32	5499.54	4736.23	
4632.4	5510	4547.08	
4511.22	5475.91	4424.88	
4348.7	5345.25	4269.06	
3917.37	4879.85	3854.7	
3119.52	3965.6	3082.07	
2380.84	3102.36	2354.2	
1995.99	2670.24	1994.71	
1831.26	2511.43	1847.9	
1752.5	2464.4	1773.78	
1680.13	2446.13	1702.66	
1619.91	2447.79	1640.73	
1564.3	2454.68	1579.03	
1539.39	2470.14	1514.24	
1496.77	2485.68	1469.61	
1430.34	2498.14	1425.37	
1364.45	2502.97	1380.09	
1279.99	2497.11	1292.64	
1141.54	2487.89	1153.71	
1018.36	2478.17	1017.13	
971.768	2464.44	978.496	
9590.25	7258.85	9521.09	
9577.45	7272.54	9525.49	
9560.93	7305.42	9543.22	
9524.69	7321.43	9549.42	
9461.25	7352.89	9516.11	
9394.92	7356.28	9482.51	
9357.73	7363.61	9424.78	
9319.41	7366.98	9351.76	
9230.05	7386.33	9256.63	
8990.93	7373.74	9009.16	
8528.37	7287.08	8544.76	
7795.72	6907.11	7792.88	
6500.27	6039.93	6462.17	
5712.25	5502.22	5657.57	
5422.36	5353.63	5365.79	
5310.95	5337.56	5249.3	
5248.22	5340.55	5189.27	
5207.52	5347.67	5144.58	
5170.45	5364.38	5147.97	
5120.24	5385.11	5136.68	
5072.31	5400.8	5123.6	
5033.75	5415.3	5098.89	
5005.66	5426.45	5071.77	
4986.05	5441.59	5031.06	
4968.53	5460.19	4985.96	
4949.31	5490.17	4937.53	
4896.32	5533.65	4864.77	
4794.17	5613.11	4733.98	
4715.76	5684.5	4626.37	
4659.81	5707.95	4567.06	
4566.57	5675.19	4485.74	
4302.81	5463.58	4246.93	
3791.43	4932.33	3748.72	
3128.63	4186.06	3108.91	
2590.87	3562.66	2591.97	
2284.51	3206.97	2293.49	
2012.5	2889.1	2028.96	
1802.43	2654.5	1816.29	
1661.99	2537.18	1673.83	
1572.06	2505.08	1577.02	
1516.61	2511.95	1512.31	
1492.19	2526.63	1454.46	
1438.19	2542.49	1415.57	
1363	2559.13	1355.07	
1271.66	2564.69	1294.77	
1173.93	2576.09	1178.32	
1032.14	2599.08	1023.53	
922.068	2609.29	898.706	
9485.74	7354.02	9389.19	
9476.21	7390.13	9396.28	
9453.81	7419.32	9425.76	
9437.03	7445.39	9456.75	
9385.98	7437.83	9458.04	
9335.27	7438.12	9423.69	
9268.26	7464.23	9340.29	
9155.35	7543.92	9211.05	
9034.26	7620.78	9076.36	
8889.09	7690	8930.3	
8706.19	7669.44	8741.74	
8180.14	7350.71	8195.48	
7160.51	6641.05	7150.64	
6210	6014.9	6180.55	
5631.93	5637.07	5582.47	
5328.83	5445.36	5267.91	
5226.48	5393.15	5156.38	
5192.18	5397.7	5130.97	
5159.4	5407.31	5110.26	
5119.7	5420.09	5107.03	
5076.99	5435.1	5104.07	
5036.93	5447.91	5094.65	
5000.8	5461.77	5066.33	
4969.7	5476.05	5033.54	
4942.19	5500.49	4987.67	
4902.91	5541.83	4925.82	
4828.89	5606.9	4828.61	
4749.11	5687.89	4717.45	
4698.64	5737.71	4637.66	
4672.46	5766.38	4587.38	
4595.91	5781.31	4529.01	
4456.81	5763.67	4402.91	
4217.76	5646.29	4179.29	
3912.33	5399.75	3885.16	
3628.51	5106.7	3607.52	
3248.06	4642.57	3242.62	
2721.32	3957.31	2723.01	
2197.62	3281.74	2201.39	
1819.1	2821.46	1821.62	
1610.08	2615.45	1609.99	
1530.12	2570.51	1517.56	
1488.83	2576.8	1467.38	
1449.41	2586.23	1408.23	
1366.48	2602.07	1356.18	
1281.69	2622.54	1284.94	
1192.12	2648.92	1195.99	
1075.35	2694.36	1064.4	
1031.43	2752.27	1003.47	
9453.31	7427.54	9340.19	
9429.45	7437.16	9344.81	
9409.85	7476.59	9374.23	
9357.91	7503.47	9386.75	
9315.7	7519.74	9372.02	
9242.27	7555.95	9311.92	
9124.76	7636.51	9198.15	
8977.71	7742.66	9049.11	
8867.22	7815.92	8929.27	
8805.33	7839.8	8857.67	
8716.33	7829.74	8752.28	
8457.33	7707.82	8489.02	
7901.39	7429.3	7925.67	
7058.06	6864.1	7059.09	
6000.81	6039.1	5962.2	
5369.34	5534.16	5305.23	
5234.23	5446.78	5168.2	
5194.92	5437.04	5123.41	
5155.18	5439.38	5097.17	
5117.02	5448.3	5076.51	
5083	5460.38	5087.92	
5042.91	5475.81	5082.31	
5002.39	5490.89	5059.24	
4960.18	5512.85	5031.18	
4920.61	5543.79	4986.67	
4844.78	5604.05	4897.03	
4753.95	5684.04	4782.25	
4693.29	5730.61	4707.95	
4675.27	5776.07	4649.4	
4649.4	5813.5	4594.72	
4598.68	5852.46	4539.81	
4491.08	5908.22	4434.41	
4351.8	5960.62	4305.23	
4248.47	5969.04	4210.59	
4128.25	5892.56	4106.95	
3925.84	5673.7	3911.45	
3545.67	5216.43	3534.37	
2932.05	4438.81	2928.74	
2218.22	3518.9	2218.79	
1796.16	2971.05	1787.37	
1643.39	2800.6	1628.21	
1533.28	2693.06	1507.2	
1450.63	2652.82	1436.51	
1373.57	2653.52	1366.26	
1301.96	2677.08	1290.37	
1211.85	2713.74	1210.25	
1159.53	2770.3	1148.28	
1117.48	2802.65	1103.45	
9393.49	7486.21	9284.78	
9376.53	7510.84	9295	
9317.23	7554.54	9277.81	
9247.22	7615.51	9244.83	
9146	7699.81	9176.19	
9061.8	7764.93	9109.69	
8962.12	7830.57	9024.13	
8873.63	7865.32	8946.84	
8794.65	7897.41	8875.38	
8745.53	7920.41	8797.37	
8681.35	7940.05	8726.99	
8539.65	7973.81	8585.26	
8287.63	7926.19	8333.54	
7625.84	7465.47	7645.98	
6291.62	6371.96	6262.21	
5553.93	5754.68	5499.98	
5316.55	5559.95	5248.87	
5208.24	5476.89	5136.59	
5156.78	5464.74	5099.01	
5122.66	5473.4	5081.25	
5090.42	5486.75	5067.71	
5050.95	5499.51	5062.54	
5009.12	5516.96	5049.91	
4967.03	5544.06	5016.57	
4905.86	5589.96	4962.14	
4796.4	5665.8	4858.91	
4695.85	5731.65	4761.93	
4673.43	5778.51	4703.96	
4653.29	5813.01	4656.71	
4636.65	5853.99	4607.28	
4579.71	5904.14	4540.64	
4471.5	5992.39	4419.33	
4377.04	6060.29	4310.7	
4303.83	6095.12	4266.9	
4242.85	6101.23	4223.57	
4154.69	6077.38	4137.68	
3964.13	5934.37	3957.15	
3532.08	5489.18	3533.57	
2904.95	4710.27	2906.9	
2477.14	4140.95	2473.71	
2083.67	3585.45	2068.27	
1769.01	3164.48	1759.18	
1539.64	2891.92	1535.91	
1426.54	2789.03	1417.83	
1337.33	2776.85	1328.37	
1267.41	2803.92	1256.45	
1219.64	2826.29	1215.8	
1184.63	2863.38	1205.22	
9238.81	7635.04	9139.82	
9209.6	7661.35	9128.42	
9146.23	7721.94	9086.49	
9059.54	7813.8	9031.85	
8991.17	7875.76	8995.1	
8924.89	7924.76	8958.57	
8867.47	7932.07	8927.27	
8800.51	7946.99	8880.87	
8753.19	7959.62	8823.28	
8676.91	8002.92	8744.93	
8586.33	8066.78	8640.79	
8497.69	8121.86	8551.1	
8365.15	8109.8	8411.96	
7850.41	7786.13	7882.27	
6894.77	7046.55	6894.37	
6126.83	6378.08	6093.08	
5501.43	5790.71	5441.17	
5276.83	5594.07	5218.46	
5193.09	5534.32	5143.69	
5153	5529.58	5113.02	
5104.81	5520.74	5069.87	
5063.4	5529.65	5041.59	
5027.58	5546.1	5028.43	
4982.18	5571.63	4999.86	
4884.31	5638.03	4923.12	
4763.79	5721.88	4820.98	
4693.27	5777.58	4755.91	
4652.5	5811.53	4712.88	
4642.02	5848.57	4666.14	
4613.72	5887.94	4614.45	
4539.67	5957.16	4529.73	
4438.99	6047.55	4402.28	
4367.08	6113.55	4313.63	
4324.01	6144.77	4274.51	
4273.02	6173.5	4238.51	
4194.18	6206.23	4185.06	
4049.97	6222.41	4052.73	
3827.08	6112.71	3838.67	
3610.39	5947.92	3624.95	
3310.12	5576.64	3323.51	
2915.67	5061.17	2919.82	
2408.59	4368.01	2410.59	
2009.23	3823.34	2001.95	
1745.04	3484.26	1738.23	
1569.16	3261.89	1560.02	
1436.33	3105.33	1428.14	
1355.45	3054.54	1362.06	
1317.27	3051.19	1331.09	
9020.4	7837.67	8909.32	
8997.26	7856.84	8897.22	
8977.03	7883.44	8905.66	
8943.69	7924.69	8908.11	
8910.47	7984.38	8901.8	
8860.11	7984.5	8885.83	
8802.04	7997.7	8869.04	
8743.43	8019.19	8815.5	
8663.22	8062.65	8737.93	
8582.45	8113.03	8655.52	
8501.63	8163.83	8571.04	
8449.94	8187.34	8501.03	
8333.17	8213.54	8385.44	
8056.29	8137.77	8104.05	
7616.68	7878.61	7646.78	
6758.57	7137	6748.2	
6038.33	6469.82	6005.94	
5641.79	6080.77	5607.2	
5486.12	5934.49	5451.99	
5273.9	5718.53	5237.01	
5144.75	5607.38	5107.24	
5095.25	5583.33	5049.79	
5057.64	5590.45	5014.67	
5002.32	5630.71	4997.12	
4884.26	5699.46	4911.44	
4762.67	5769.3	4799.03	
4697.2	5814.8	4751.63	
4654.28	5851.16	4721.1	
4630.09	5879.41	4682.69	
4590.84	5926.45	4624.49	
4496.67	6011.43	4506.16	
4395.96	6097.92	4394.26	
4358.87	6149.46	4330.96	
4328.16	6187.43	4277.18	
4277.47	6222.55	4240.07	
4192.69	6274.4	4170.38	
4043.86	6343.47	4054.64	
3934.69	6386.66	3956.07	
3841.43	6371.91	3870.94	
3704.05	6317.96	3726.43	
3474.89	6113.67	3495.12	
3165.37	5826.66	3165.36	
2861.95	5515.02	2855.29	
2604.74	5180.84	2594.24	
2312.42	4753.33	2300.34	
2067.46	4375.35	2062.28	
1909.04	4144.54	1907.1	
1840.8	4096.26	1842.69	
8936.18	7924.33	8802.54	
8913.87	7938.64	8808.86	
8892.94	7957.84	8817.51	
8876.54	7988.92	8831.48	
8848.2	8005.11	8829.39	
8807.15	8030.76	8820.02	
8735.07	8063.83	8772.45	
8661.18	8107.92	8715.03	
8575.44	8158.66	8643.11	
8501.31	8199.24	8580.82	
8443.42	8232.64	8518.46	
8369.58	8278.39	8439.57	
8288.92	8316.26	8348.96	
8138.35	8373.46	8194.24	
7883.86	8284.21	7922.87	
7452.16	8073.65	7472.43	
6995.79	7718.58	7001.68	
6720.18	7460.58	6720.17	
6184.77	6884.26	6169.03	
5630.46	6279.5	5596.94	
5341.17	5954.87	5294.26	
5219.76	5822.7	5168.15	
5182.38	5816.05	5135.58	
5107.18	5851.29	5081.08	
4926.03	5849.22	4938.73	
4783.66	5841.47	4820.45	
4713.99	5864.41	4756.66	
4672.53	5891.64	4729.36	
4626.97	5920.72	4702.17	
4574.65	5980.32	4623.86	
4468.86	6076.1	4489.57	
4379.85	6141.87	4397.36	
4339.37	6180.82	4349.21	
4312.51	6217.51	4303.98	
4266.03	6269.53	4233.62	
4161.39	6340.7	4131.8	
4043.43	6412.56	4030.37	
3950.21	6458.42	3986.49	
3891.33	6494.84	3925.48	
3803.78	6536.02	3837.99	
3654.68	6584.92	3673.41	
3510.6	6575.01	3518.7	
3382.8	6528.16	3371.71	
3228.12	6434.84	3206.01	
3069.21	6317.47	3043.75	
2914.98	6215.62	2897.45	
2797.35	6109.74	2782.55	
2736.41	6058.02	2727.98	
8904.35	7984.45	8770.88	
8884.4	7976.41	8773.53	
8853.83	7991.14	8777.75	
8821.02	8017.97	8764.3	
8773.64	8053.51	8740.31	
8721.19	8092.84	8704.95	
8658.27	8138.57	8655.36	
8583	8182.93	8603.56	
8518.57	8218.33	8568.4	
8460.19	8252.81	8534.13	
8384.45	8304.99	8464.85	
8287.48	8375.45	8367.12	
8210.24	8425.34	8285	
8130.57	8469.25	8184.73	
7964.7	8561.54	8012.02	
7799.88	8578.6	7841.53	
7677.28	8601.51	7706.55	
7427.17	8455.22	7440.53	
6927.01	8028.21	6912.46	
6358.99	7461.56	6318.29	
6012.86	7109.17	5958.27	
5935.19	7092.43	5879.05	
5802.61	6964.32	5755.57	
5434.24	6535.92	5406.72	
5120.94	6255.05	5123.93	
4908.23	6126.93	4937.66	
4798	6057.04	4839.68	
4722.9	6023.95	4779.26	
4688.39	6054.33	4746.07	
4598.57	6089.72	4651.94	
4462.52	6151.72	4490.48	
4388.35	6192.04	4405.42	
4337.86	6217.18	4370.41	
4304.08	6251.66	4327.87	
4239.28	6318.72	4229.09	
4129.59	6408.74	4100.24	
4036.87	6465.41	4016.14	
3978.55	6506.45	3974.02	
3907.6	6549.83	3949.88	
3808.03	6625.98	3847.12	
3675.87	6730.32	3701.69	
3589.68	6779.77	3600.35	
3525.49	6822.22	3521.5	
3431.21	6875.55	3397.09	
3312.1	6944.51	3278.77	
3220.13	6997.44	3190.15	
3169.55	7020.73	3157.39	
3115.76	6983.13	3115.12	
8854.16	8048.08	8736.73	
8838.24	8039.9	8742.26	
8805.59	8048.43	8730.8	
8761.42	8074.02	8697.45	
8704.54	8116.53	8647.5	
8641.38	8161.93	8592.88	
8592.65	8194.18	8557	
8543.93	8221.72	8532.06	
8480.98	8262.35	8504.16	
8414.01	8311.08	8469.3	
8331.65	8371.67	8396.43	
8243.42	8432.34	8319.75	
8171.05	8490.17	8237.49	
8066.9	8577.6	8137.63	
7955.47	8674.24	8014.84	
7884.26	8735.13	7932.7	
7808.96	8771.89	7853.58	
7604.9	8858.1	7610.05	
7339.67	8836.13	7307.46	
7097.74	8725.04	7046.09	
7000.67	8757.09	6940.79	
6904.52	8762.37	6843.86	
6584.1	8490.11	6534.3	
6130.13	7968.53	6104.08	
5683.98	7422.13	5672.43	
5413.94	7123.15	5418.03	
5215.18	6925.13	5241.47	
5159.91	6905.71	5186.38	
4986.78	6725.33	5015.98	
4699.05	6418.62	4733.6	
4507.78	6293.79	4536.84	
4414.85	6286.99	4441.4	
4371.55	6296.14	4397.11	
4326.88	6340.48	4352.95	
4231.94	6409.66	4238.27	
4103.45	6480.85	4082.15	
4045.43	6517.64	4016.6	
3991.8	6546.7	3980.16	
3920.68	6594.66	3929.39	
3792.69	6685.82	3836.07	
3659.96	6786.97	3706.77	
3612.96	6852.06	3629.58	
3554.66	6907.51	3561.46	
3461.5	7008.76	3444.57	
3328.3	7119.07	3292.93	
3258.92	7172.34	3236.42	
3211.41	7192.68	3204.72	
3157.64	7191.25	3170.26	
8735.67	8161.31	8679.3	
8729.76	8161.15	8671.05	
8713.58	8161.65	8652.73	
8683.55	8167.58	8614.41	
8642.74	8186.57	8563.04	
8601.71	8207.05	8526.16	
8561.38	8222.92	8495.03	
8510.22	8258.5	8472.29	
8448.51	8307.4	8441.18	
8361.19	8376.25	8376.37	
8289.16	8426.68	8326.75	
8227.06	8476.97	8266.64	
8129.53	8562.18	8189.76	
8006.37	8670.49	8084.1	
7931.48	8732.16	8010.11	
7891.92	8773.54	7953.17	
7818.25	8839.12	7866.43	
7641.98	8980.32	7659.1	
7444.86	9164.52	7405.43	
7369.17	9240.71	7310.39	
7325.94	9264.93	7267.16	
7187.16	9275.04	7139.97	
6955.25	9283.6	6920.14	
6697.07	9217.47	6650.45	
6473.91	9027.07	6429.53	
6258.07	8817.42	6219.42	
6206.46	8850.59	6169.09	
6034.73	8706.51	6010.38	
5542.06	8031.54	5542.03	
5025.34	7293.56	5038.68	
4737.27	6907.83	4762.51	
4608.87	6764.88	4636.25	
4563.49	6794.68	4584.39	
4463.26	6757.03	4475.74	
4260.87	6637.38	4262.16	
4121.79	6600.22	4103.05	
4053.64	6605.63	4031.44	
4005.53	6618.8	4004.4	
3933.29	6673.57	3939.36	
3779.62	6761.32	3813.42	
3664.02	6842.4	3718.88	
3606.76	6896.4	3661.5	
3571.31	6959.7	3577.96	
3449.25	7078.3	3438.74	
3316.3	7203.87	3301.72	
3232.47	7254.08	3239.63	
3168.62	7285.5	3169.42	
3115.1	7325.61	3117	
8620.39	8274.38	8626.63	
8618.43	8278.96	8604.94	
8625.12	8266.53	8575.97	
8617.68	8259.1	8542.08	
8599.23	8249.4	8512.3	
8579.02	8246.75	8480.4	
8536.52	8261.66	8451.49	
8479.49	8300.22	8417.86	
8398.98	8368.33	8354.99	
8325.57	8424.37	8305.47	
8265.68	8471.3	8256.28	
8195.52	8539.64	8209.66	
8083.37	8645.13	8121.26	
7978.01	8730.75	8041.72	
7920.93	8774.53	8005.16	
7889.45	8809.41	7954.9	
7810.32	8889.42	7854.54	
7613.34	9077.55	7644.4	
7452.05	9249.81	7445.64	
7405.93	9312.18	7355.96	
7348.62	9348.84	7301.85	
7255.94	9408.87	7239.68	
7059.87	9546.6	7036.93	
6893.94	9673.06	6846.03	
6791.48	9727.34	6718.31	
6748.23	9755.41	6671.66	
6665.83	9749.93	6594.55	
6431.21	9628.47	6388.14	
6054.51	9326.23	6040.4	
5669.51	8896.27	5674.85	
5424.78	8617.04	5440.09	
5338.96	8605.05	5355.49	
5187.5	8439.97	5199.05	
4786.03	7843.96	4787.14	
4446.92	7331.32	4435.58	
4252.5	7077.06	4239.05	
4155.77	7001.87	4149.56	
4092.34	6998.33	4087.81	
3964.78	6948.14	3978.76	
3804	6964.4	3837.32	
3681.96	6974.37	3738.69	
3634.71	7015.55	3680.6	
3564	7064.7	3594.25	
3438.28	7175.07	3436.8	
3304.36	7288.3	3303.29	
3182.6	7368.27	3190.73	
3070.66	7436.96	3089.64	
3014.14	7474.49	3018.27	
8552.23	8332.18	8599.36	
8562.66	8328.24	8570.43	
8578.12	8328.06	8534.97	
8573.59	8317.84	8499.25	
8563.68	8309.91	8468.91	
8542.27	8303.21	8448.18	
8501.61	8319.75	8412.16	
8429.95	8372.14	8347.19	
8362.71	8423.2	8293.14	
8303.54	8465.04	8241.03	
8243.09	8523.43	8208.52	
8152.81	8614.53	8141.97	
8047.62	8711.27	8055.57	
7974.01	8774.76	8006.89	
7933.81	8811.33	7974.49	
7885.29	8853.96	7933.57	
7780.54	8959.06	7814.17	
7591.68	9144.57	7617.14	
7430.93	9290.14	7460	
7379.03	9343.86	7392.22	
7347.03	9385.45	7350.11	
7256.58	9472.53	7258.76	
7102.86	9623.07	7099.04	
6918.7	9796.59	6880.87	
6853.47	9863.72	6786.54	
6817.56	9894.73	6732.21	
6744.13	9939.48	6669.4	
6556.75	9993.48	6503.16	
6306.28	10030.3	6291.58	
6134.05	10074.1	6147.75	
6040.8	10139.3	6056.85	
5940.87	10135.2	5948.76	
5669.38	9904.86	5666.04	
5290.67	9438.33	5280.05	
4954.52	8985.02	4942.89	
4740.16	8738.79	4732.65	
4638.04	8682.43	4633.48	
4403.36	8408.35	4404.45	
4136.9	8046.42	4146.56	
3931.23	7737.56	3960.3	
3849.06	7759.97	3875.97	
3723.34	7663.1	3749.36	
3560.53	7551.1	3579.56	
3423.87	7508.72	3435.6	
3267	7521.53	3269.15	
3101.51	7594.54	3106.12	
2977	7597.44	2996.54	
2916.57	7543.35	2951.95	
8501.22	8370.25	8552.85	
8515.69	8365	8536.8	
8518.2	8359.89	8505.21	
8526.83	8364.03	8471.13	
8526.09	8367.43	8436.28	
8490.56	8384.91	8401.21	
8439.45	8412.66	8351.73	
8381.55	8446.49	8294.83	
8336.69	8475.78	8244.19	
8288.39	8519.35	8211.84	
8212.09	8593.33	8148.21	
8113.17	8685.81	8069.58	
8035.44	8753.34	8008.24	
7988.86	8801.29	7970.91	
7948.91	8841.74	7942.9	
7887.13	8902.26	7891.14	
7756.37	9028.4	7769.51	
7556.7	9218.8	7569.24	
7438.78	9319.12	7466.15	
7376.5	9373.29	7433.31	
7338.48	9422.22	7374.91	
7270.43	9498.57	7290.43	
7075.75	9682.25	7087.04	
6914.91	9840.29	6897.34	
6854.55	9903.09	6813.05	
6838.92	9937.1	6770.45	
6768.46	10003.5	6694.44	
6584.62	10147.2	6532.34	
6378.42	10299.3	6352.32	
6256.79	10393.7	6263.49	
6188.53	10443.6	6203.62	
6060.52	10527.2	6063.75	
5864.38	10568	5853.32	
5648.2	10553.2	5631.59	
5453.87	10562.5	5440.24	
5329.46	10633.7	5322.25	
5109.96	10574.1	5112.93	
4843.5	10348.4	4850.63	
4507.96	10097.2	4507.12	
4327.57	10107.8	4317.49	
4152.86	9908.12	4138.56	
3881.38	9562.4	3860.82	
3636.47	9135.92	3615.42	
3354.66	8676.49	3341.57	
3160.82	8411.36	3154.54	
2943.51	8009.81	2944.5	
2843.81	7719.95	2852.45	
2811.39	7673.51	2816.42	
8416.49	8444.38	8471.63	
8433.42	8426.92	8472.58	
8443.37	8425.25	8458.78	
8473.85	8407.89	8446.39	
8466.78	8428.01	8405.03	
8435.48	8462.7	8351.02	
8387.46	8493.95	8301.28	
8347.8	8513.11	8257.79	
8313.65	8539.52	8232.06	
8270.77	8579.29	8190.75	
8181.67	8660.76	8107.84	
8088.06	8744.55	8008.78	
8036.55	8795.15	7968.59	
8004.35	8828.16	7957.19	
7966.76	8863.45	7928.1	
7899.5	8929.7	7880.59	
7731.68	9091.74	7722.42	
7543.01	9270.8	7539.58	
7454.41	9357.89	7461.7	
7408.65	9399.22	7426.74	
7355.38	9447.71	7398.06	
7271.64	9534.01	7289.17	
7079.07	9708.34	7085.79	
6887.45	9870.9	6910.44	
6866.78	9937.57	6844.58	
6856.12	9977.5	6798.98	
6781.3	10039.7	6727.75	
6586.99	10209.5	6537.99	
6375.56	10397.6	6334.77	
6292.11	10461	6261.94	
6233.6	10509.6	6228.16	
6120.35	10608.4	6121.48	
5910.85	10793.9	5905.12	
5740.18	10932.4	5720.76	
5638.14	11033.1	5624.28	
5482.43	11151.1	5486.27	
5269.8	11265.9	5281.87	
4998.39	11394.8	5005.47	
4852.92	11491.6	4850.87	
4606.98	11674.1	4577.08	
4204.88	11850.3	4146.08	
4001.63	11711.3	3932.39	
3642.93	11409.6	3573.8	
3289.06	10864.2	3222.59	
2897.17	9661.83	2848.56	
2729.66	8327.77	2718.29	
2641.48	7945.9	2633	
2600	7875.22	2573.92	
8302.66	8531.74	8388.94	
8318.69	8526.15	8390.14	
8380.3	8493.54	8410.1	
8409.65	8482.02	8405.27	
8413.22	8485.72	8374.62	
8391.29	8507.84	8321.67	
8366.6	8535.85	8275.12	
8334.65	8562	8250.72	
8302.29	8588.22	8224.91	
8249.24	8624.62	8186.69	
8161.27	8705.07	8088.61	
8079.7	8787.13	7989.03	
8044.16	8827.92	7951.45	
8014.73	8856.61	7944.29	
7977.25	8889.12	7935.01	
7912.5	8951.37	7876.8	
7728.41	9112.28	7710.12	
7534.94	9309.89	7522.85	
7475.32	9384.13	7446.62	
7434.3	9433.21	7415.24	
7395.12	9465.77	7377.36	
7294.51	9547.04	7283.8	
7050.69	9760.5	7063.06	
6917.93	9897.86	6933.1	
6859.89	9965.94	6876.11	
6845.25	10006.9	6834.09	
6779.97	10060.6	6755.5	
6567.53	10247	6525.43	
6381.55	10429.7	6321.86	
6308.1	10504.7	6269.09	
6260.23	10548	6238.1	
6156.26	10634.6	6148.11	
5903.92	10865.6	5906.7	
5749.34	11034.9	5751.27	
5672.3	11104	5679.41	
5532.1	11237.7	5544.46	
5261.81	11479.4	5272.47	
5095.31	11618.6	5104.48	
4908.52	11837.7	4908.37	
4639.95	12067.2	4616.61	
4331.88	12359.8	4261.75	
3804.9	12778.3	3712.01	
3563.78	12805.9	3466.34	
3145.11	12298.5	3035.34	
2680.86	10124.4	2599.86	
2402.91	8668.56	2353.55	
2369.79	8222.31	2333.45	
2420.4	8062.33	2405.11	
8237.97	8579.65	8349.32	
8282.99	8562.15	8363.44	
8332.86	8547.1	8373.52	
8368.78	8543.87	8372.92	
8381.57	8526.06	8347.99	
8369.58	8530.29	8304.7	
8353.52	8557.45	8272.69	
8336.47	8588.95	8254.48	
8293.12	8606.8	8229.09	
8235.3	8647.9	8176.72	
8149.52	8732.68	8078.6	
8079.55	8820.53	8001.9	
8047.78	8851.86	7961.77	
8022.06	8875.76	7944.57	
7989.4	8912.18	7934.99	
7898.19	8976.01	7860.62	
7711.62	9146.34	7685.9	
7551.96	9316.37	7524.13	
7479.04	9413.56	7449.16	
7456.58	9442.64	7398.5	
7423.3	9479.65	7345.76	
7294.6	9569.18	7260.75	
7086.22	9761.97	7087.94	
6931.23	9936.74	6944.21	
6866.33	9988.19	6894.81	
6807.11	10015.7	6857.92	
6748.35	10086.1	6752.07	
6561.28	10266.1	6521.48	
6388.69	10438.6	6353.64	
6321.26	10532.1	6288.45	
6263.33	10579.9	6233.85	
6152.25	10662.4	6134.82	
5908.02	10889.3	5912.83	
5743.05	11061.9	5773.39	
5683.68	11143.1	5714.74	
5528.46	11269.8	5544.2	
5263.85	11524.7	5270.31	
5136.06	11681.4	5145.44	
4917.42	11877.2	4917.04	
4635.89	12188.1	4617.8	
4330.29	12465.1	4283.5	
3897.28	12895	3819.06	
3285.94	13346.1	3157.71	
3138.23	12590.6	3020.48	
2624.68	10532.6	2525.61	
2124.55	8958.37	2028.67	
2163.31	8416.03	2119.16	
2269.85	8228.38	2254.3	