
885.88	2611.87	858.773	
1002.67	2695.53	984.224	
1115.23	2730.8	1110.21	
1200.89	2748.43	1211.04	
1260.3	2695.68	1265.54	
1325.4	2642.69	1322.04	
1409.14	2607.5	1384.04	
1472.08	2570.78	1415.6	
1489.68	2539.44	1467.91	
1493.32	2509.62	1521.49	
1524.5	2467.41	1565.7	
1575.99	2434.19	1611.97	
1617.3	2407.31	1649.76	
1652.88	2385.57	1678.05	
1689.98	2355.05	1698.09	
1732.59	2337.12	1705.8	
1769.7	2330.08	1715.82	
1796.37	2317.56	1752.38	
1825.9	2278.71	1767.05	
1862.58	2228.28	1774.12	
1899.14	2204.93	1780.69	
1932.18	2194.62	1788.6	
1932.66	2193.95	1818.22	
1931.18	2203.63	1852.28	
1950.76	2240.79	1896.89	
2037.51	2387.07	2000.76	
2437.46	3064.64	2409.89	
3318.38	4555.69	3278.51	
3937.51	5675.37	3880.83	
4112.92	6160.7	4047.48	
4091.02	6366	4012.51	
4052.01	6438.73	3961	
4031.36	6485.53	3932.36	
3991.7	6516.29	3900.1	
3921.53	6561.61	3859.52	
3775.6	6668.65	3762.43	
3657.99	6777.76	3637.41	
3582.59	6867.9	3539.57	
3435.67	7027.52	3412.8	
3286.52	7166.07	3260.13	
3149.7	7316.33	3149.71	
2967.21	7519.13	2986.18	
2781.46	7785.19	2779.63	
2496.37	8180.79	2472.47	
2582.95	8992.73	2522.32	
3383.75	10971.7	3318.38	
3657.2	12536.8	3573.65	
3441.93	13244.5	3326.47	
952.619	2514.53	959.646	
1006.46	2584.64	1003.16	
1112.66	2656.31	1114.64	
1195.54	2661.48	1208.52	
1256.2	2650.05	1275.7	
1323.46	2612.29	1328.93	
1406.78	2572.12	1377.89	
1463.1	2541.6	1425.59	
1501.1	2518.19	1462.19	
1525.24	2488.65	1512.69	
1542.31	2449.3	1566.36	
1571.83	2411	1614.29	
1602.18	2385.42	1657.79	
1636.02	2363.06	1692.51	
1680.04	2346.34	1712.83	
1726.14	2336.26	1732.89	
1761.02	2315.82	1736.67	
1790.01	2292.72	1744	
1819.32	2261.13	1770.22	
1852.62	2225	1783.93	
1889.73	2201.74	1797.19	
1907.03	2195.11	1814.81	
1917.72	2190	1832.57	
1924.23	2199.94	1865.02	
1938.49	2220.51	1902.2	
2033.09	2388.27	2013.01	
2538.76	3234.51	2524.43	
3524.15	4878.08	3486.96	
4075.97	5854.58	4014.41	
4181.79	6176.61	4111.31	
4138.78	6326.52	4060.28	
4086.5	6406.82	4006.19	
4038.28	6454.25	3967.68	
3989.28	6490.78	3936.15	
3923.16	6531.57	3892.9	
3795.92	6645.5	3796.03	
3657.11	6767.7	3691.92	
3594.26	6860.77	3597.82	
3473.19	6995.96	3466.67	
3340.88	7149.49	3342.74	
3191.49	7295.99	3195	
3057.07	7476.28	3065.89	
2816.52	7797.25	2816.08	
2749.95	8329.15	2727.35	
2962.56	9205.38	2927.05	
3578.8	11045.2	3520.72	
4006.75	12421.9	3940.82	
4083.91	12680.8	4024.06	
1025.98	2418.99	1039.31	
1049.11	2446.24	1064.37	
1105.73	2487.48	1118.64	
1192.54	2550.27	1206.74	
1260.68	2567.37	1285.79	
1330.91	2558.89	1335.88	
1395.47	2525.11	1387.93	
1453.43	2500.41	1432.65	
1509.97	2481.82	1465.29	
1548	2458.02	1507.57	
1576.09	2422.82	1562.05	
1572.38	2386.31	1617.26	
1590.14	2357.15	1663.53	
1625.5	2336.94	1698.93	
1672.66	2326.61	1729.04	
1713.36	2310.27	1745.03	
1748.78	2287.12	1756.96	
1782.29	2260.18	1766.53	
1808.88	2238.57	1770.69	
1841.11	2218.08	1798.31	
1865.09	2198.1	1825	
1881.46	2195.29	1844.98	
1896.58	2201.49	1862.67	
1909.25	2200.75	1881.69	
1926.6	2221.52	1913.57	
2018.16	2375.33	2015.94	
2654.22	3416.11	2647.76	
3696.06	5140.26	3666.95	
4153.91	5945.06	4102.38	
4236.09	6169.7	4167.99	
4216.63	6256.39	4145.44	
4167.11	6322.98	4097.39	
4093.3	6389	4047.02	
4011.52	6445.7	4005.63	
3928.04	6510.05	3947.56	
3827.9	6603.78	3866.27	
3718.81	6733.48	3764.14	
3596.94	6862.79	3653.31	
3536.43	6953.47	3552.45	
3388.27	7117.07	3410.04	
3281.15	7276.03	3301.72	
3159.59	7470.79	3166.16	
3092.27	7888.53	3090.98	
3208.31	8590.25	3201.31	
3682.28	10005.1	3659.96	
4083.72	11266.5	4048.8	
4383.25	12065.9	4344.8	
4537.71	12237.9	4500.64	
1072.06	2318.36	1069.28	
1094.32	2322.53	1114.39	
1137.32	2357.1	1152.66	
1200.28	2398.72	1209.9	
1274.92	2445.4	1277.73	
1340.27	2464.1	1345.45	
1387.97	2466.5	1403.18	
1455.15	2445.83	1434.89	
1520.38	2426.56	1478.71	
1568.34	2410.07	1515.42	
1581.78	2389.03	1562.58	
1595.22	2360.35	1615.45	
1596.95	2328.56	1663.04	
1626.8	2310.01	1706.42	
1667.86	2289.29	1740.66	
1703.22	2270.43	1761.88	
1740.78	2247.61	1781.01	
1771.25	2231.99	1791.71	
1803.15	2216.79	1802.58	
1825.05	2206.27	1820.04	
1840.91	2200.31	1851.86	
1855.32	2203.47	1876.78	
1870	2209.46	1894.97	
1890	2215.06	1913.8	
1917.57	2239.01	1940.47	
2057.15	2449.33	2075.96	
2700.61	3482.69	2712.51	
3802.73	5291.86	3791.3	
4197.15	5982.29	4161.38	
4269.19	6136.76	4216.99	
4284	6192.76	4213.68	
4260.3	6241.18	4193.4	
4194.77	6302.15	4148.12	
4066.34	6393.53	4075.86	
3951.77	6471.63	4017.89	
3889.08	6557.1	3959.47	
3772.35	6693.24	3835.98	
3661.41	6834.34	3711.63	
3566.46	6931.89	3635.37	
3488.22	7049.38	3526.24	
3407.74	7218.19	3437.46	
3412.06	7547.37	3428.79	
3586.21	8202.56	3588.26	
4011.9	9418.68	4008.65	
4371.85	10664	4360.24	
4709.96	11491.7	4699.58	
4832.73	11754.3	4820.46	
4889.11	11842.6	4877.65	
1102.3	2229.92	1115.45	
1138.92	2250.91	1146.42	
1181.87	2255.42	1184.81	
1230.89	2259.1	1222.96	
1292.02	2283.12	1274.71	
1346.24	2336.72	1338.23	
1396.7	2361.05	1387.2	
1460.15	2381.5	1441.51	
1535.29	2365.3	1487.59	
1572.75	2349.77	1527.58	
1603.7	2341.76	1568.47	
1618.26	2322.35	1617.58	
1636.24	2298.75	1667.68	
1647.87	2275.58	1705.02	
1669.77	2253.16	1747.27	
1705.86	2230.79	1784.13	
1733.93	2214.26	1802.47	
1768.72	2198.09	1817.47	
1795.25	2192.86	1833.33	
1815.89	2187.7	1854.42	
1824.79	2195.63	1877.09	
1825.93	2205.4	1905.9	
1842.87	2212.25	1929.6	
1867.03	2228.49	1953.5	
1932.71	2299.75	2007.78	
2161.98	2626.73	2229.9	
2908.03	3798.05	2976.23	
3824.94	5304	3855.65	
4221.7	5978.89	4212.83	
4296.35	6107.52	4251.52	
4316.35	6155.26	4251.72	
4317.48	6199.19	4239.09	
4260.58	6246.7	4218.32	
4145.1	6321.79	4165	
4034.38	6417	4095.78	
3936.97	6520.71	4019.99	
3860.81	6629.62	3929.29	
3765.29	6750.77	3830.12	
3682.67	6883.02	3739.41	
3631.35	6965.26	3698.03	
3632.73	7153.83	3672.43	
3776.18	7766.48	3796.71	
4267.77	8932.77	4268.48	
4792.36	10206.9	4785.02	
5106.72	11053.4	5107.7	
5133.84	11418.5	5135.93	
5164.09	11540.7	5173.58	
5153.13	11630.2	5156.17	
1162.44	2163.95	1185.26	
1184.92	2165.53	1194.95	
1223.84	2167.99	1224.65	
1267.54	2171.51	1240.53	
1313.41	2175.48	1275.65	
1355.74	2184.02	1315.93	
1412.12	2235.29	1373.25	
1477.24	2287.48	1445	
1526.49	2308.45	1489.94	
1586.74	2304.09	1533.87	
1626.31	2291.8	1579.13	
1653.63	2281.16	1626.22	
1675.26	2261.24	1672.33	
1687.7	2235.35	1715.57	
1694.9	2216.52	1754.58	
1709.73	2195.85	1793.18	
1740.85	2176.25	1824.11	
1769.27	2164.89	1844.21	
1796.11	2155.37	1867.8	
1811.11	2161.41	1886.35	
1815.36	2171.23	1908.04	
1819.2	2185.81	1928.06	
1814.62	2202.68	1953.46	
1846.35	2246.86	2012.66	
1986.41	2434.23	2167.12	
2371.92	2995.4	2578.75	
3166.74	4188.9	3360.66	
3930.05	5416.22	4055.98	
4262.42	5954.91	4251.62	
4324.02	6080.23	4285.79	
4351.42	6127.18	4275.67	
4341.57	6162.55	4277.35	
4289.07	6204.99	4270.49	
4229.33	6258.97	4245.39	
4139.28	6341.14	4191.51	
4034.69	6453.71	4103.65	
3966.77	6550.26	4033.97	
3920.08	6636.91	3976.54	
3875.9	6743.07	3921.52	
3884.83	6959.02	3929.2	
3913.83	7296.05	3968.08	
4311.23	8213.52	4333.75	
4942.25	9675.54	4935.71	
5362.47	10649.9	5345.23	
5475.9	11074.4	5471.25	
5491.4	11235.5	5502.94	
5407.12	11368.1	5423.53	
5384.61	11409.2	5402.04	
1209.37	2072.87	1249.72	
1236.51	2080.09	1266.94	
1269.4	2094.61	1257.49	
1304.13	2101.18	1266.03	
1337.51	2102.07	1279.84	
1382.91	2105.76	1317.84	
1423.33	2130.76	1366.74	
1476.82	2183.53	1431.96	
1534.64	2233.62	1496.52	
1585.93	2253.15	1546.43	
1644.21	2251.02	1594.78	
1691.11	2237.91	1637.71	
1709.49	2222.16	1681.12	
1719.87	2198.41	1728.38	
1726.06	2172.62	1768.1	
1740.3	2154.02	1802.51	
1755.87	2136.54	1840.4	
1777.95	2121	1876.08	
1797.24	2117.57	1896.78	
1814.14	2122.46	1918.86	
1818.31	2137.29	1934.78	
1815.16	2152.98	1951.16	
1828.53	2180.47	1971.31	
1847.84	2250.5	2049.5	
1995.7	2602.53	2452.19	
2618.85	3475.97	3115.49	
3427.86	4640.57	3873.76	
4158.87	5559.42	4242.66	
4365.5	5919.44	4343.79	
4402.2	6028.22	4339.52	
4398.83	6074.09	4323	
4372.21	6119.47	4327.49	
4330.27	6165.86	4320.61	
4289.7	6205.21	4315.39	
4239.64	6260.01	4293.38	
4167.74	6352.97	4231.93	
4091.26	6464.1	4145.02	
4042.39	6548.83	4074.87	
4036.14	6632.61	4063.91	
4116.12	6958.38	4147.21	
4576.21	7975.17	4599.5	
4974.27	8922.52	4989.13	
5509.25	10130	5495.51	
5678.93	10790.1	5658.43	
5682.08	11000.5	5661.98	
5640.71	11120.1	5651.62	
5663.07	11156.8	5689.03	
5631.14	11188.8	5649.34	
1241.18	2010.68	1295.77	
1276.8	2019.36	1301.77	
1312.72	2032.03	1303.35	
1345.56	2036.32	1283.99	
1379.68	2044.78	1305.76	
1402.87	2054.09	1333.03	
1435.78	2064.86	1377.01	
1468.66	2090.02	1425.85	
1521.4	2131.77	1496.56	
1593.66	2179.97	1568.75	
1656.57	2198.28	1614.74	
1713.39	2197.98	1650.66	
1741.22	2183.86	1697	
1747.91	2165.49	1742.3	
1763.84	2139.58	1780.87	
1768.33	2113.18	1821.06	
1779.71	2090.91	1859.94	
1789.37	2082.95	1891.67	
1803.61	2080.44	1924.75	
1815.55	2089.46	1943.12	
1821.54	2101.99	1957.38	
1838.71	2123.93	1969.24	
1850.32	2151.41	1995.77	
1881.92	2248.65	2105.8	
2039.45	2634.14	2530.92	
2565.3	3773.53	3680.33	
3866.49	5070.92	4197.62	
4372.14	5657.39	4414.77	
4517.03	5842.84	4466.85	
4529.63	5921.32	4462.3	
4500.15	5979.08	4439.72	
4435.39	6051.29	4403.27	
4384.31	6102.19	4388.97	
4334.8	6151.69	4374.27	
4299.39	6211.3	4359.13	
4277.78	6273.7	4332.63	
4233.49	6373.08	4266.11	
4191.46	6469.17	4215.51	
4166.74	6608.14	4190.3	
4324.97	7004.52	4346.73	
4994.52	8347.42	5001.63	
5754.16	9829.87	5737.25	
5890.9	10344.3	5869.63	
5908.99	10717.9	5883.88	
5862.92	10873.7	5848.14	
5837.32	10945.1	5832.8	
5814.59	10995.3	5819.03	
5796.89	11029.2	5813.5	
1289.42	1960.7	1329.43	
1310.91	1971.03	1326.29	
1355.01	1975.76	1322.13	
1388.29	1986.75	1327.2	
1419.36	1995.29	1331.53	
1436.33	2005.71	1369.3	
1444.03	2015.44	1398.94	
1459.47	2027.23	1442.8	
1510.21	2054.77	1503.94	
1588.33	2097.66	1578.05	
1660.95	2135.94	1630.38	
1714.27	2149.46	1671.01	
1755.61	2151.6	1717.4	
1784.55	2139.99	1755.92	
1791.33	2113.24	1797.49	
1797.98	2080.41	1841.26	
1800.01	2059.77	1872.57	
1810	2054.36	1904.88	
1818.55	2059.67	1936.4	
1824.44	2059.31	1964.18	
1841.54	2075.53	1977.88	
1861.11	2092.85	1996.5	
1886.22	2126.2	2037.1	
1937.02	2231.96	2165.57	
2156.89	2766.18	2698.6	
3060.5	4016.31	3590.84	
4069.52	5249.66	4364.01	
4540.29	5682.77	4524.08	
4609.72	5789.66	4551.42	
4632.14	5836.74	4551	
4590.28	5896.96	4543.16	
4541.08	5949.86	4523.02	
4475.25	6012.05	4490.56	
4408.46	6084.07	4451.21	
4368.87	6153.49	4417.59	
4355.78	6218.77	4387.13	
4353.06	6276.78	4377.28	
4393.47	6415.29	4415.11	
4495.17	6719.7	4511.67	
4742.92	7382.75	4750.77	
5371.36	8680.97	5364.85	
6000.9	10031.7	5977.08	
6144.86	10441.5	6113.73	
6132.59	10551.3	6099.08	
6125.67	10638	6093.83	
6089.42	10709.5	6070.46	
6055.4	10762.1	6044.78	
6038.08	10786.8	6038.71	
1333.77	1921.89	1364.69	
1358.69	1922.57	1352.38	
1389.08	1934.93	1354.37	
1433.53	1941.84	1355.27	
1445.79	1956.49	1381.02	
1459.32	1964.08	1406.91	
1455.59	1972.11	1439.87	
1469.56	1982.6	1471.85	
1498.7	1998.74	1517.5	
1574.7	2027.63	1579.79	
1659.53	2066.11	1645.2	
1723.32	2099.9	1698.73	
1767.72	2113.84	1740.38	
1803.15	2110.26	1774.9	
1820.23	2092.02	1815.56	
1830.47	2062.84	1858.4	
1836.75	2052.67	1887.52	
1841.51	2047.12	1912.57	
1845.24	2045.31	1944.12	
1856	2048.17	1971.03	
1869.36	2048.04	2002.89	
1891.06	2065.29	2032.23	
1918.37	2097.26	2076.14	
2032.84	2300.6	2261.21	
2501.88	2952.63	2766.68	
3517.41	4325.28	3733.54	
4342.81	5376.64	4413.01	
4600.94	5684.75	4576.32	
4680.05	5751.38	4584.32	
4657.77	5799.22	4598.75	
4646.18	5842.29	4604.87	
4613.07	5877.76	4605.77	
4565.77	5916.15	4594.98	
4526.94	5973.51	4575.38	
4476.75	6054.75	4525.75	
4447.27	6124.25	4489.35	
4444.92	6187.28	4475.55	
4518.51	6326.18	4542.16	
4909.57	7043.89	4909.06	
5512.57	8232.46	5487.13	
5962.66	9292.15	5931.84	
6207.08	10064.7	6177.49	
6289.12	10357.4	6249.53	
6299.4	10435.7	6244.25	
6274.42	10489.1	6240.29	
6257.11	10549.3	6229.38	
6238.74	10580.6	6231.81	
6229.89	10613	6226.28	
1391.25	1877.46	1391.16	
1405.02	1884.55	1392.11	
1432.42	1893.8	1381.36	
1445.54	1909.25	1404.59	
1469.23	1920.41	1424.24	
1464.8	1929.61	1450.08	
1469.63	1936.46	1480.07	
1480.64	1945.42	1512.51	
1511.6	1959.22	1539.91	
1563.27	1981.84	1579.21	
1660.26	2016.89	1654.47	
1739.44	2054.44	1720.66	
1787.24	2071.36	1755.64	
1821.7	2077.65	1792.33	
1848.51	2074.07	1838.48	
1861.88	2065.62	1872.07	
1874.33	2049.9	1898.1	
1877.7	2044.8	1922.88	
1883.83	2040.15	1946.13	
1893.12	2041.02	1980.46	
1904.23	2042.71	2016.58	
1912.28	2041.03	2054.49	
1967.71	2119.52	2117.39	
2175.76	2376.51	2319.95	
2920.28	3299.89	3040.88	
3981.54	4662.75	4036.75	
4548.21	5463.75	4528.66	
4689.22	5678.31	4614.19	
4697.8	5725.8	4636.69	
4688.47	5758.11	4647.25	
4665.92	5788.88	4661.11	
4639.44	5819.6	4663.34	
4622.79	5854.85	4661.37	
4596.87	5898.11	4658.04	
4584.76	5943.37	4656.28	
4577.25	5986.93	4637.72	
4583.11	6049.93	4629.42	
4642.99	6294.7	4667.67	
5076.4	7150.99	5069.98	
6081.08	8887.35	6022.56	
6459.81	9731.65	6391.99	
6512.36	10017	6457.86	
6486.12	10208.1	6443.03	
6465.6	10283.6	6427.98	
6417.5	10361.9	6385.8	
6365.15	10425	6364.17	
6340.57	10478.5	6341.98	
6330.88	10523.2	6329.95	
1433.75	1828.87	1426.28	
1455.36	1843.63	1422.19	
1450.36	1858.49	1438.99	
1465.55	1879.01	1448.18	
1464.7	1892.77	1473.98	
1474.59	1901.2	1491.51	
1475.27	1907.59	1519.59	
1490.04	1919.96	1547.02	
1525.06	1932.3	1563.23	
1571.58	1946.25	1586.54	
1652.82	1980.48	1647.79	
1754.58	2019.7	1722.75	
1806.38	2042.46	1762.14	
1844.61	2056.62	1803.81	
1872.95	2067.64	1851.47	
1891.51	2069.14	1883.44	
1898.81	2053.86	1905.69	
1908.74	2044.56	1925.85	
1917.26	2043.79	1953.76	
1926.27	2043.69	1984.64	
1936.76	2043.08	2025.71	
1952.41	2063.61	2063.81	
2011.63	2129.68	2130.24	
2399.48	2579.44	2497.48	
3322.49	3669.17	3376.06	
4373.67	4963.99	4361.39	
4729.8	5479.33	4678.05	
4777.81	5606.94	4729.87	
4767.09	5664.53	4730.76	
4737.29	5701.65	4724.97	
4684.71	5731.16	4719.8	
4669.07	5772.53	4715.18	
4648.53	5808.55	4715	
4651.42	5842.13	4717.48	
4648.81	5876.48	4719.83	
4653.13	5912.58	4715.88	
4685.49	5982.95	4729.22	
4832.95	6328.02	4858.26	
5366.64	7386.83	5352.82	
6227.08	8990.35	6162.72	
6695.76	9809.09	6599.26	
6724.5	9971.53	6648.74	
6716.93	10014.4	6673.2	
6682.87	10087.1	6665.61	
6608.67	10176	6615.32	
6559.87	10248.6	6570.75	
6508.17	10321.8	6514.82	
6494.43	10353.7	6494.51	
1462.7	1792.44	1453.71	
1462.59	1805.78	1466.3	
1474.33	1831.52	1479.07	
1467.98	1850.29	1508.36	
1471.3	1867.4	1522.44	
1472.93	1875.36	1542.67	
1493.38	1887.39	1546.51	
1519.57	1895.95	1563.59	
1545.83	1904.99	1576.26	
1585.25	1917.74	1595.54	
1656.54	1946.91	1630.28	
1759.66	1994.43	1704.95	
1835.34	2032.61	1772.19	
1869.84	2051.49	1813.74	
1899.18	2064.72	1854.79	
1914.88	2068.66	1886.77	
1925.38	2065.95	1910.41	
1934.07	2053.11	1932.46	
1942.65	2046.8	1958.4	
1950.75	2046.54	1989.32	
1965.62	2053.04	2021.62	
2000.31	2078.59	2070.46	
2109.88	2210.43	2189.21	
2556.71	2724.1	2632.56	
3797.29	4141.95	3804.15	
4619.26	5126.09	4585.42	
4869.69	5431.3	4826.15	
4901.11	5510.58	4867.47	
4876.77	5558	4859.52	
4815.91	5613.36	4834.23	
4764.1	5667.83	4804.83	
4723.45	5707.98	4788.36	
4726.33	5740.58	4787.38	
4713.17	5781.76	4773.35	
4706.05	5826.13	4757.5	
4714.24	5869.19	4750.41	
4758.78	5964.85	4797.26	
5044.3	6394.5	5056.77	
5716.78	7626.74	5688.54	
6454.95	9149.75	6386.07	
6759.29	9793.64	6678.21	
6819.01	9898.26	6749.16	
6833.1	9942.2	6763.67	
6782.71	9981.04	6787.42	
6752.9	10029.6	6799.76	
6741.78	10071.5	6764.99	
6758.64	10097.7	6760.73	
6743.39	10128.7	6741.43	
1478.45	1757.28	1486.7	
1477.59	1782.44	1501.79	
1473.03	1803.04	1527.45	
1475.5	1827.76	1550.95	
1477.76	1844.4	1580.44	
1496.82	1855.35	1577.26	
1517.6	1864.29	1571.82	
1545.9	1872.11	1568.35	
1576.57	1881.39	1585.69	
1607.17	1896.04	1578.71	
1666.81	1921.2	1612.01	
1770.28	1970.22	1699.81	
1862.55	2021.96	1779.83	
1907.16	2055.34	1820.39	
1924.94	2061.7	1850.72	
1939.89	2070.37	1881.72	
1949.65	2066.59	1912.66	
1958.29	2060.88	1938.55	
1968	2049.02	1964.97	
1979.45	2048.26	1988.92	
1996.59	2060.12	2020.32	
2041.02	2103.96	2072.56	
2211.47	2291.63	2255.59	
2917.18	3096.95	2958.49	
4058.07	4390.9	4060.76	
4806.98	5224.51	4760.07	
4944.3	5402.44	4903.66	
4967.68	5456.5	4926.69	
4938.92	5493.5	4934.19	
4906.01	5527.07	4942.97	
4874.93	5567.12	4938	
4858.48	5602.16	4922.79	
4833.25	5648.02	4890.97	
4815.69	5698.74	4856.22	
4796.52	5747.07	4823.87	
4806.91	5789.84	4823.77	
4884.35	5917.3	4890.31	
5213.38	6436.21	5205.2	
6036.98	7867.27	5996.25	
6682.83	9259.25	6621.05	
6851.51	9757.01	6781.4	
6885.44	9849.15	6809.44	
6870.87	9885.12	6825.38	
6856.71	9911.12	6859.79	
6840.63	9920.11	6889.4	
6856.44	9955.22	6890.12	
6869.51	9985.96	6877.88	
6887.87	10022.4	6877.43	
1487.55	1743.3	1537.68	
1482.37	1754.09	1547.38	
1482.97	1783.08	1560.99	
1483.93	1809.74	1585.11	
1500.91	1825.4	1598.83	
1523.13	1835.41	1601.4	
1551.66	1841.26	1587.44	
1574.37	1851.3	1574.9	
1600.56	1863.67	1558.45	
1632.85	1876.96	1558.89	
1682.31	1898.43	1605	
1789.54	1953.06	1710.58	
1890.55	2011.6	1799.89	
1935.95	2042.01	1828.55	
1953.27	2062.06	1844.19	
1963.38	2060.5	1878.73	
1975.35	2063.66	1914.84	
1984.72	2058.61	1941.26	
1999	2055.94	1964.23	
2015.41	2050.7	1993.89	
2032.48	2065.75	2018.54	
2090.59	2127.58	2088.06	
2388.04	2464.47	2398.03	
3247.5	3431.14	3266.4	
4418.64	4744.16	4419.04	
4880.52	5259.71	4851.56	
4990.55	5389.39	4934.64	
4981.02	5426.02	4965.4	
4970.25	5450.35	4986.58	
4956.69	5475.77	5004.34	
4947.94	5502.63	5018.66	
4942.5	5535.37	5011.79	
4937.36	5570.76	4980.92	
4933.86	5604.18	4950.79	
4945.01	5628.58	4930.67	
4959.12	5671.68	4930.93	
5033.28	5815.59	4998.92	
5381.81	6484.1	5353.04	
6277.91	8062.19	6233.88	
6895.41	9283.51	6832.93	
7011.35	9622.87	6949.45	
7014.25	9711.34	6971.82	
7004.68	9745.41	6986.65	
6986.15	9774.52	6992.62	
6996.1	9792.61	7015.78	
7000.03	9815.82	7020.46	
6989.97	9872.37	6996.11	
7001.48	9886.23	6991.11	
1487.32	1721.09	1592.44	
1499.31	1742.26	1578.11	
1504.24	1766.27	1583.43	
1516.74	1787.42	1589.3	
1532.52	1803.32	1599.38	
1553.62	1813.92	1606.42	
1575.49	1825.69	1598.62	
1605.22	1832.52	1568.76	
1628.54	1843.76	1553.1	
1655.22	1855.13	1562.75	
1703.13	1881.26	1618.52	
1810.03	1937.88	1727.02	
1914.55	1994.52	1818.84	
1957.99	2024.38	1850.56	
1978.42	2037.88	1862.19	
1993.68	2052.42	1881.08	
2007.68	2052.82	1912.98	
2022.11	2057.89	1939.01	
2031.7	2058.65	1964.97	
2045.71	2062.18	1990.41	
2066.24	2066.21	2027.51	
2146.47	2161.82	2113.08	
2597.23	2662.61	2578.6	
3714.2	3899.01	3709.72	
4635.47	4936.57	4632.23	
4949.75	5308.46	4938.44	
4990.41	5369.04	4987.79	
4996.77	5395.57	5009.06	
4990.6	5418.6	5030.72	
4986.01	5446.06	5045.02	
4991.71	5473.64	5048.44	
4995.82	5500.27	5043.5	
5001.27	5523.19	5031.51	
5017.07	5540.64	5003.79	
5039.21	5561.66	4991.36	
5063.75	5597.95	5001.61	
5134.61	5760.27	5087.48	
5525.55	6495.54	5488.38	
6471.76	8217.02	6419.2	
7071.74	9201.08	7007.62	
7216.13	9430.86	7164.09	
7231.63	9485.34	7205.94	
7223.17	9520.85	7225.09	
7207.76	9559.6	7230.09	
7200.12	9598.16	7221.91	
7209.53	9625.17	7220.49	
7234.67	9631.47	7216.21	
7245.34	9644.98	7206.67	
1514.03	1720.32	1585.62	
1518.47	1731.1	1590.35	
1539.46	1748.45	1582.41	
1553.81	1765.16	1584.82	
1573.6	1779.64	1583.78	
1587.54	1794.72	1599.02	
1604.61	1803.79	1591.73	
1623.66	1818.27	1578.19	
1654.72	1824.85	1551.12	
1675.44	1835.71	1587.1	
1729.99	1864.91	1649.68	
1836.68	1921.84	1754.27	
1930.98	1974.79	1838.3	
1972.17	1999.74	1868.71	
2001.74	2014.67	1886.75	
2031.31	2029.74	1897.3	
2049.56	2044.35	1910.41	
2061.53	2049.06	1939.91	
2067.08	2061.12	1965.95	
2075.96	2065.11	1993.6	
2105.22	2091.44	2025.36	
2222.02	2202.05	2150.35	
2829.44	2849.35	2757.78	
4095.28	4241.61	4051.15	
4829.06	5116.93	4833.95	
4978.02	5303.26	5001.27	
5002.58	5351.74	5047.61	
5007.76	5370.92	5060.98	
5011.94	5395.8	5065.94	
5019.68	5422.2	5065.02	
5025.98	5449.73	5069.59	
5043.8	5467.94	5056.81	
5061.59	5481.78	5043.02	
5072.99	5499.41	5028.29	
5087.05	5529.17	5030	
5107.4	5580.11	5056.59	
5203.67	5731.07	5160.55	
5682.54	6569.52	5645.82	
6627.23	8202.68	6577.51	
7207.72	9146.89	7145.67	
7332.94	9321.01	7275.11	
7357.51	9364.28	7325.7	
7343.96	9393.84	7354.47	
7337.95	9431.12	7367.24	
7326.36	9467.87	7372.97	
7353.44	9487.97	7373.02	
7395.34	9490.63	7362.04	
7416.11	9494.38	7334.25	
1544.79	1711.14	1567.45	
1555.72	1717.74	1570.32	
1566.66	1732.92	1570.86	
1588.7	1748.63	1562.03	
1606.03	1761.92	1574.62	
1625.64	1771	1569.7	
1635.35	1783.66	1590.3	
1654.22	1796.57	1590.76	
1669.93	1805.43	1598.95	
1693.16	1818.62	1612.98	
1747.98	1847.48	1676.43	
1861.13	1904.2	1782.28	
1949.68	1953.2	1861.21	
1992.05	1974.86	1891.3	
2021.74	1990.31	1906.21	
2058.58	2009.1	1917.09	
2096.86	2025.55	1923.46	
2110.02	2037.58	1942.5	
2132.96	2047.45	1971.55	
2160.93	2072.94	1996.23	
2232.84	2123.09	2051.48	
2452.65	2318.07	2245.85	
3162.04	3030.56	2935.42	
4327.75	4465.22	4282.96	
4909.64	5160.44	4938.46	
5015.94	5299.21	5067.61	
5033.09	5330.47	5093.82	
5030.71	5352.65	5105.7	
5044.73	5370.37	5088.84	
5058.49	5394	5072.75	
5070.68	5415.06	5064.87	
5087.89	5430.55	5055.92	
5106.49	5449.99	5044.19	
5117.72	5473.6	5057.75	
5116.69	5497.78	5076.01	
5148.92	5550.03	5118.95	
5306.39	5797.91	5278.69	
5849.29	6632.46	5821.03	
6845.45	8231.65	6812.28	
7329.43	9089.77	7279.34	
7414.2	9268.19	7364.3	
7403.32	9304.24	7389	
7416.83	9333.02	7410.06	
7402.88	9362.12	7437.76	
7402.5	9387.29	7452.96	
7431.53	9417.87	7447.36	
7461.52	9437.13	7425.46	
7468.21	9426.77	7399.2	
1567.77	1692.99	1538.47	
1580.71	1705.44	1553.88	
1601.2	1717.24	1551.33	
1617.63	1730.8	1561.9	
1638.86	1742.4	1558.1	
1645.68	1753.09	1581.93	
1659.56	1764.67	1593.91	
1677.42	1772.97	1618.99	
1692.36	1784.14	1638.53	
1714.49	1797.96	1657.35	
1769.06	1827.59	1699.41	
1873.53	1884.75	1797.3	
1961.42	1931.1	1876.65	
2010.31	1951.06	1911.82	
2051.81	1969.18	1928.03	
2079.78	1984.8	1937.57	
2115.15	1998.24	1947.59	
2236.56	2010.4	1950.98	
2329.47	2026.68	1965.28	
2507.42	2068.3	2008.2	
2760.22	2203.32	2138.61	
3202.11	2543.59	2473.26	
3595.5	3404.79	3312.46	
4468.44	4562.67	4422.08	
4959.7	5165.46	5002.01	
5051.99	5279.68	5113.34	
5068.63	5309.85	5131.43	
5079.2	5325.66	5124.98	
5084.95	5342.38	5111.22	
5106.11	5355.61	5083.24	
5123.35	5370.83	5057.52	
5132.46	5396.55	5065.44	
5140.65	5426.02	5073.87	
5140.19	5447.54	5092.92	
5141.09	5468.77	5121.7	
5176.2	5524.79	5161.57	
5424.18	5867.02	5410.1	
6209.8	6965.63	6205.68	
7094.81	8305.88	7088.04	
7473.57	8988.53	7459.53	
7519.26	9158.55	7507.82	
7529.96	9199.38	7516.35	
7517.31	9227.79	7522.18	
7530.18	9244	7545.23	
7534.16	9276.34	7549.82	
7526.49	9321.56	7522.55	
7520.86	9346.28	7496.65	
7542.06	9348.54	7493.31	
1588.52	1684.14	1545.01	
1602.61	1689.92	1537.5	
1619.27	1699.63	1556.13	
1647.17	1712.2	1557.68	
1647.31	1724.18	1581.83	
1651.89	1737.41	1598.84	
1672.5	1748.39	1622.77	
1681.48	1758.36	1641.01	
1701.4	1765.71	1663.36	
1738.72	1781.83	1688.85	
1782.17	1810.82	1732.24	
1879.25	1867.7	1809.73	
1981.11	1911.5	1886.67	
2031.1	1933.49	1920.21	
2068.5	1947.58	1937.71	
2103.41	1961.53	1962.67	
2142.82	1967.38	1970.7	
2279.33	1974.47	1971.63	
2916.22	1987.26	1960.42	
3441.59	2043.63	2006.93	
4175.49	2266.09	2229.96	
3807.69	2897.64	2889.98	
4137.19	3844.08	3816.15	
4718.54	4736.66	4663.85	
5012.76	5146.33	5044.76	
5091.39	5255.77	5141.39	
5116.73	5278.22	5138.65	
5135.18	5290.8	5150.36	
5144.9	5304.94	5133.67	
5156.58	5319.76	5106.72	
5170.07	5333.34	5092.16	
5174.1	5363.51	5094.25	
5172.42	5391.77	5118.16	
5164.88	5422.2	5132.82	
5163.42	5446.68	5151.85	
5206.42	5506.08	5198.96	
5504.53	5905.58	5499.72	
6511.54	7246.26	6520.85	
7380.6	8426.4	7411.12	
7642.02	8851.26	7675.35	
7719.73	8958.16	7748.66	
7740.91	8985.14	7760.67	
7753.7	9001.45	7759.94	
7743.81	9041.38	7733.21	
7743.3	9084.22	7712.16	
7720.8	9128.8	7687.51	
7714.86	9150.19	7676.97	
7691.71	9187.41	7655.32	
1606.18	1661.69	1558.83	
1615.67	1668.96	1562.32	
1638.6	1683.14	1562.21	
1638.53	1692.81	1587.21	
1648.02	1704.94	1605.35	
1648.89	1720.73	1630.82	
1658.62	1735.24	1648.21	
1670.66	1746.48	1667.42	
1701.55	1760.04	1689.69	
1738.52	1770.03	1716.63	
1787.8	1801.08	1757.18	
1891.67	1856.99	1833.89	
1995.71	1899.05	1897.18	
2055.84	1910.68	1928.56	
2084.78	1926.36	1957.27	
2117.34	1931.63	1974.64	
2172.65	1937.85	1995.56	
2316.03	1935.16	1993.91	
2961.12	1943.68	1987.46	
5089.48	1990.06	1980.16	
4209.57	2250.45	2300.4	
4074.48	3048.45	3135.59	
4579.26	4213.66	4287.23	
4939.05	4859	4883.73	
5121.94	5132.42	5118.64	
5168.58	5208.11	5165.48	
5188.04	5230.77	5177.38	
5206.43	5244.29	5174.43	
5223.24	5256.89	5178.45	
5223.6	5275.06	5165.4	
5227.42	5292.74	5167.1	
5215.96	5319.43	5163.9	
5200.2	5356.49	5166.36	
5187.67	5384.03	5178.27	
5204.06	5411.46	5200.47	
5275.7	5522.55	5273.08	
5611.14	5954.75	5610.21	
6624.38	7267.45	6639.85	
7558.91	8475.06	7603.94	
7799.52	8756.44	7864.16	
7850.75	8818.99	7914.98	
7871.34	8849.48	7926.8	
7894.24	8865.96	7902.78	
7911.19	8888.05	7870.85	
7905.68	8922.77	7846.25	
7932.89	8936.22	7857.59	
7921.34	8964.28	7869.44	
7907.77	8990.3	7869.51	
1608.61	1631	1582.07	
1632.76	1649.81	1582.24	
1625.55	1660.74	1598.33	
1635.25	1672.32	1615.72	
1631.53	1687.6	1637.04	
1646.38	1703.2	1654.32	
1641.36	1721.46	1675.28	
1659.26	1741.63	1693.51	
1689.76	1755.87	1718.48	
1731.77	1770.89	1748.11	
1802.61	1805.61	1794.65	
1913.15	1858.81	1868.25	
2006.89	1892.85	1925.91	
2058.54	1903.81	1955.86	
2095.72	1899.15	1969.23	
2132.58	1900.59	1998.61	
2181.11	1895.95	2011.42	
2311.42	1896.53	2020.6	
2864.48	1899.71	2024.24	
3220.79	1945.54	2080.48	
3874.75	2171.77	2304.12	
4023.56	3028.69	3185.48	
4637.2	4228.45	4381.69	
5116.99	4932.13	5061.04	
5229.85	5098.03	5195.48	
5276.98	5136.42	5225.98	
5291.43	5162.51	5237.21	
5296.28	5184.7	5236.36	
5298.53	5205.97	5236.38	
5309.86	5216.66	5247.93	
5294.05	5235.14	5253.11	
5268.79	5262.4	5265.86	
5250.33	5292.19	5257.69	
5249.25	5310.34	5266.18	
5263.03	5361.01	5271.63	
5379.28	5519.05	5377.79	
5841.63	6087.76	5840.96	
6791.42	7309.25	6808.84	
7646.27	8424.48	7694.23	
7866.19	8722.8	7930.28	
7893.88	8770.59	7981.93	
7920.71	8795.36	7986.98	
7948.28	8815.94	7959.68	
7974.36	8823.11	7926.63	
8005.22	8831.75	7919.46	
8005.69	8860.79	7923.73	
8016.36	8890.04	7951.78	
8001.29	8910.63	7982.53	
1629.57	1619.93	1598.72	
1622.27	1621.16	1612.5	
1623.53	1636.3	1627.13	
1620.01	1654.15	1643.75	
1638.76	1669.18	1660.88	
1630.53	1686.41	1680.16	
1647.6	1705.42	1697.13	
1662.61	1727.43	1718.98	
1682.49	1750.85	1744.2	
1734.95	1777.71	1780.43	
1830.06	1827.92	1841.66	
1936.59	1878.04	1913.55	
2002.47	1898.9	1959.74	
2053.18	1900.92	1983.93	
2095.52	1891.95	2003.46	
2130.47	1871.74	2015.68	
2179.26	1861.35	2033.46	
2291.29	1861.91	2049.41	
2356.84	1865.05	2067.36	
2504.24	1907.82	2122.16	
2918.43	2144.26	2358.1	
3718.27	2845.13	3051.95	
4675.73	4238.81	4442.86	
5199.95	4931.47	5132.04	
5302.18	5059.67	5260.7	
5333.66	5092.6	5275.88	
5361.07	5114.41	5284.5	
5352.59	5138.48	5295.11	
5353.53	5159.26	5296.39	
5354.22	5177.45	5300	
5330.46	5187.94	5323.1	
5319.12	5203.13	5348.23	
5313.37	5214.59	5376.24	
5328.12	5236.29	5362.01	
5359.12	5285.39	5368.96	
5489.49	5457.79	5480.66	
6025.75	6149.47	6021	
7103.67	7504.3	7125.85	
7759.35	8389.9	7801.24	
7916.5	8673.34	7986.56	
7940.55	8729.32	8017.96	
7968.82	8751.45	8026.87	
8004.34	8758.05	8017.83	
8034.3	8769.31	7994.63	
8054.92	8776.6	7981.92	
8064.29	8799.63	7996.71	
8064.89	8827.23	8019.25	
8067.56	8844.47	8034.4	
1641.89	1599.06	1622.29	
1630.78	1601.85	1635.31	
1622.93	1610.36	1651.68	
1626.5	1630	1669.08	
1623.48	1649.11	1685.89	
1638.47	1666.11	1700.77	
1653.41	1684.74	1721.12	
1672.65	1711.88	1743.76	
1696.08	1741.7	1771.89	
1756.42	1790.71	1817.93	
1863.62	1858.08	1891.59	
1943.96	1899.96	1945.92	
1999.88	1913.3	1981.75	
2044.23	1904.4	2008.86	
2083.93	1887.6	2026.12	
2121.49	1874.08	2038.52	
2172.38	1856.81	2050.31	
2206.73	1843.3	2064.56	
2241.2	1855.56	2093.93	
2316.56	1892.14	2137.85	
2529.11	2078.05	2326.18	
3365.05	2864.99	3111.39	
4681.57	4210.04	4457.34	
5240.3	4915.3	5172.37	
5342.73	5035.76	5286.21	
5365.1	5062.85	5304.12	
5367.95	5083.32	5324.37	
5374.9	5104.01	5337.45	
5372.39	5124.32	5346.32	
5358.77	5135.33	5358.65	
5354.55	5150.79	5377	
5348.42	5159.69	5406.34	
5370.11	5167.42	5419.63	
5386.99	5187.29	5419.74	
5437.45	5227.32	5427.12	
5578.72	5396.58	5559.13	
6149.58	6137.37	6138.96	
7248.79	7553.04	7267.04	
7889.02	8375.46	7934.86	
8037.48	8570.99	8080.6	
8061.58	8627.92	8101.02	
8067.94	8652.92	8099.47	
8093.4	8670.45	8108.02	
8121.93	8679.33	8118.7	
8136.05	8695.44	8122.84	
8151.13	8707.11	8124.24	
8164.52	8716.56	8125.73	
8176.89	8723.33	8128.37	
1663.09	1587.39	1632.13	
1653.39	1589.6	1647.31	
1638.55	1597.59	1665.27	
1622.08	1605.31	1691.46	
1627.49	1624.11	1711.76	
1638.87	1641.38	1726.47	
1662.2	1668.53	1741.54	
1678.84	1691.75	1764.18	
1717.47	1732.72	1803.2	
1800.93	1817.23	1871.13	
1887.68	1883.46	1931.6	
1950.88	1914.83	1973.79	
1995.69	1919.95	2003.29	
2035.76	1908.19	2024.96	
2070.92	1898.81	2042.78	
2111.69	1891.47	2053.56	
2147.71	1871.02	2066.25	
2177.42	1857.77	2082.88	
2209.55	1864.36	2102.1	
2251.44	1894.49	2148.24	
2414.7	2049.12	2301.34	
3228.78	2838.91	3105.45	
4633.29	4239.76	4537.43	
5251.07	4879.19	5178.48	
5362.69	5012.07	5311.5	
5373.24	5037.51	5341.75	
5377.38	5052.94	5357.18	
5379.58	5074.46	5372.72	
5367.66	5084.52	5394.01	
5373.34	5098.88	5413.48	
5370.3	5111.51	5432.63	
5385.73	5122.07	5443.45	
5414.79	5135.23	5436.98	
5441.6	5150.93	5433.57	
5474.27	5179.89	5458.08	
5647.39	5369.95	5617.72	
6223.82	6087.66	6203.68	
7317.9	7507.67	7336.83	
7986.78	8326.61	8019.38	
8152.89	8475.12	8179.6	
8199.19	8498.42	8205.2	
8204.35	8526.05	8206.77	
8201.97	8560.31	8204.75	
8194.73	8599.42	8231.41	
8211.37	8617.53	8254.33	
8235.86	8622.59	8243.51	
8263.02	8624.81	8223.1	
8282.2	8623.21	8212.01	
1690.86	1587.64	1629.74	
1680.77	1587.95	1649.66	
1665.11	1590.77	1677.76	
1650.88	1598.42	1702.67	
1637.19	1599.61	1727.65	
1650.68	1625.2	1750.9	
1663.16	1648.15	1766.53	
1683.24	1668.95	1786.5	
1736.44	1728.54	1829.08	
1838.43	1832.71	1915.58	
1905.02	1901.38	1970.18	
1949.1	1918.17	2001.29	
1994.63	1924.06	2026.77	
2028.75	1922.4	2044.21	
2061.22	1919.98	2054.33	
2097.62	1905.26	2069.3	
2130.66	1897.03	2082.04	
2157.99	1888.03	2098.8	
2188.61	1888.69	2118.77	
2225.02	1911.78	2151.28	
2374.04	2041.89	2294.4	
3099.11	2747.56	3023.14	
4560.28	4169.78	4497.44	
5256.9	4854.06	5206.01	
5378.1	4982.21	5339.26	
5396.69	5010.3	5371.17	
5389.94	5029.16	5388.91	
5377.09	5038.14	5406.66	
5381.67	5053.25	5431.57	
5382.44	5070.26	5460.7	
5407.9	5077.09	5465.41	
5432.37	5085.64	5455.71	
5456.05	5102.43	5449.29	
5481.15	5117.15	5449.06	
5511.83	5147.17	5473.82	
5653.31	5307.38	5618.02	
6328.99	6100.2	6309.46	
7457.7	7489.35	7465.85	
8080.12	8251.91	8098.27	
8213.05	8419.63	8230.33	
8241.26	8449.85	8260.21	
8282.28	8461.84	8256.22	
8277.14	8484.65	8285.43	
8261.95	8524.44	8303.24	
8263.89	8556.87	8314.29	
8292.26	8576.78	8305.34	
8320.23	8574.39	8282.94	
8339.3	8578.21	8267.82	
1718.27	1593.28	1627.15	
1711.13	1590.89	1653.77	
1701.96	1593.22	1682.45	
1684.38	1592.16	1712.66	
1675.64	1603.62	1735.54	
1667.36	1613.17	1761.03	
1675.08	1625.82	1795.71	
1695.42	1657.82	1807.29	
1758.84	1722.26	1856.6	
1859.08	1833.17	1944.1	
1916.7	1895.47	1999.78	
1950.95	1919.83	2029.58	
1986.52	1927.9	2050.05	
2025.09	1933.4	2065.17	
2057.53	1930	2075.43	
2085.69	1920.33	2086.22	
2114.85	1915.21	2102.52	
2142.76	1911.73	2116.07	
2170.18	1912.82	2133.5	
2216.31	1935.48	2167.11	
2371.5	2072.1	2321.75	
2991.39	2655.02	2941.92	
4414.6	4019.12	4367.42	
5257.24	4812.42	5212.15	
5398.87	4950.94	5364.74	
5415.63	4983.13	5398.19	
5408.54	4999.72	5422.16	
5397.05	5007.99	5445.17	
5394.05	5022.82	5468.21	
5419.82	5035.59	5487.81	
5441.78	5047.92	5484.53	
5470.63	5052.15	5464.69	
5495.11	5065.78	5451.72	
5518.94	5084.58	5469.93	
5547.1	5124.1	5496.71	
5665.61	5262.85	5630.48	
6348.97	6052.1	6329.94	
7659.7	7526.7	7653.43	
8186.04	8189.81	8192	
8282.92	8356.11	8297.28	
8308.08	8399.1	8305.05	
8319.22	8413.03	8317.33	
8321.25	8429.16	8342.31	
8340.22	8445.07	8374.09	
8347.61	8478.53	8373.21	
8359.5	8504.76	8360.01	
8366.08	8535.15	8341.24	
8375	8529.84	8314.14	
1747.24	1588.42	1637.14	
1742.44	1594.69	1655.87	
1729.73	1594.42	1687.6	
1722.38	1600.47	1716.19	
1713.24	1606.82	1741.86	
1705.47	1613.91	1770.42	
1706.51	1624.93	1796.13	
1726.58	1647.92	1835.58	
1787.17	1719.18	1882.19	
1877.72	1822.61	1968.56	
1933.08	1881.65	2028.82	
1955.27	1907.63	2055.33	
1983.35	1922.52	2074.78	
2024.65	1926.28	2088.11	
2054.55	1927.96	2100.98	
2074.88	1929.21	2110.47	
2102.57	1922.13	2124.82	
2130.97	1922.28	2136.78	
2157.9	1929	2152.22	
2205.1	1953.26	2190.89	
2352.55	2078.29	2334.98	
2986.05	2653.86	2962.48	
4303.18	3875.96	4268.04	
5230.16	4753.96	5190.8	
5418.5	4920.68	5376.8	
5437.9	4952.09	5424.49	
5433.01	4962.67	5461.02	
5424.17	4974.33	5493.78	
5438.5	4985.08	5510.26	
5464.16	4995.84	5510.59	
5494.79	4999.76	5503.72	
5508.65	5017.49	5483.29	
5529.96	5026.97	5468.73	
5549.89	5056.49	5479.52	
5583.96	5100.25	5545.58	
5715.56	5253.91	5680.64	
6377.29	5983.83	6355.72	
7664.79	7440.53	7659.36	
8290.27	8127.21	8282.39	
8394.39	8263.08	8386.26	
8411.55	8295.45	8413.88	
8394.44	8330.19	8419.07	
8391.9	8354.53	8426.92	
8407.79	8377.05	8440.88	
8438.84	8388.79	8447.51	
8441.18	8422.69	8435.18	
8450.11	8439.62	8412.27	
8454.78	8452.57	8400.55	
1774.54	1594.2	1634.48	
1767.14	1592.48	1667.14	
1759.9	1601.25	1692.03	
1754.18	1607	1716.1	
1747.08	1613.86	1742.75	
1746.83	1620.75	1771.51	
1751.34	1629.83	1805.91	
1769.91	1650.86	1844.09	
1821.96	1715.88	1908.29	
1906.78	1806.9	1991.21	
1958.63	1863.94	2055.13	
1980.29	1885.02	2079.91	
2004.1	1896.83	2095.89	
2030.28	1911.25	2119.41	
2050.92	1920.65	2133.08	
2069.11	1922.05	2145	
2096.85	1920.84	2148.72	
2126.93	1923.6	2160.31	
2153.76	1932.71	2175.58	
2187.24	1955.83	2210.67	
2331.64	2068.14	2345.32	
2969.89	2623.52	2962.23	
4331.48	3855.98	4309.58	
5177.74	4632.03	5148.16	
5418.96	4870.68	5394.18	
5468.22	4909.11	5454.06	
5463.11	4922.36	5500.77	
5473.42	4930.24	5538.95	
5499.06	4935.04	5550.25	
5533.02	4931.79	5553.85	
5559.38	4940.98	5546.75	
5577.48	4951.36	5525.55	
5579.79	4979.09	5518.88	
5595.46	5001.42	5544.47	
5639.69	5048.94	5595.74	
5824.5	5237.87	5800.18	
6460.2	5943.4	6447.74	
7632.06	7283.62	7625.47	
8334.19	8069.34	8318.74	
8471.36	8195.32	8450.78	
8472.54	8228.53	8485.13	
8470.74	8250.18	8513.69	
8466.94	8279.68	8517.45	
8475.56	8312.48	8506.55	
8489.58	8336.75	8515.14	
8518.71	8334.68	8499.7	
8547.18	8343.22	8498.36	
8563.91	8350.81	8479.92	
1802.92	1583.09	1665.17	
1795.87	1592.38	1676.22	
1793.75	1597.64	1698.54	
1783.22	1611.69	1717.93	
1778.08	1622.86	1742.33	
1773.5	1626.25	1770.73	
1783.61	1630.91	1805.35	
1814.08	1662.82	1857.85	
1872.62	1718.85	1928.18	
1948.38	1793.81	2016.02	
1994.78	1837.43	2066.7	
2018.85	1852.97	2098.08	
2032.05	1870.06	2118.86	
2042.28	1886.13	2144.59	
2048.99	1904.29	2171.94	
2073.5	1903.85	2173.72	
2101.74	1913.24	2178.28	
2134.85	1909.54	2184.73	
2160.49	1916.22	2199.53	
2186.14	1939.16	2228.65	
2325.08	2046.91	2353.14	
2936.53	2570.97	2940.28	
4183.66	3651.28	4172.03	
5130.88	4474.96	5124.57	
5443.06	4741.99	5444.01	
5515.52	4829.28	5535.76	
5542.63	4849	5572.15	
5567.55	4846.17	5599.76	
5606.25	4834.71	5627.46	
5631.89	4842.07	5629.17	
5660.65	4848.06	5626.42	
5676.8	4859.2	5637.41	
5697	4866.46	5657.75	
5697.84	4887.19	5671.47	
5740.9	4933.67	5723.23	
5933.64	5155.6	5930.53	
6589.67	5913.11	6585.09	
7750.92	7270.2	7735.91	
8387.56	8014.85	8371.2	
8495.27	8157.56	8497.94	
8508.32	8187.64	8533.67	
8515.3	8204.23	8562.09	
8536.32	8221.57	8573.91	
8546.12	8247.5	8574.01	
8564.4	8262.5	8568.99	
8585.37	8275.09	8567.85	
8607.17	8273.27	8536.23	
8625.13	8297.67	8549.74	
1824.52	1557.41	1687.59	
1830.71	1571.51	1695.77	
1818.49	1592.44	1705.87	
1813.51	1606.21	1724.59	
1800.33	1622.9	1745.59	
1799.44	1632.48	1771.17	
1808	1638.47	1803.4	
1848.81	1663.8	1859.94	
1928.42	1726.37	1955.45	
1992.99	1781.24	2031.25	
2028.86	1810.25	2073.58	
2043.11	1831.65	2107.95	
2050.22	1845.87	2140.83	
2051.19	1862.66	2166.25	
2064.82	1868.78	2185	
2087.28	1880.8	2192.9	
2125.96	1877.29	2198.06	
2156.23	1880.34	2208.58	
2180	1884.19	2224.24	
2213	1904.99	2247.32	
2330.62	2007.08	2355.53	
2795.61	2395.79	2802.24	
3884.48	3316.88	3883.3	
5013.88	4236.1	5026.57	
5496.87	4604.23	5534.49	
5634.53	4694.3	5678.31	
5670.39	4714.07	5702.61	
5697.44	4715.48	5712.3	
5718.45	4727.48	5709.09	
5748.8	4735.81	5713.27	
5768.19	4750.98	5722.76	
5790.6	4759.85	5745.23	
5782.77	4764.58	5784.74	
5804.01	4778.14	5810.1	
5822.59	4817.44	5848.65	
5983.7	5025.92	5997.56	
6769.15	5977.16	6761.95	
7963.12	7348.35	7943.92	
8452.27	7917.16	8444.26	
8563.62	8081.12	8578.08	
8586.53	8119.27	8615.5	
8595.08	8136.8	8626.99	
8609.67	8157.69	8638.42	
8631.83	8166.23	8650.74	
8649.76	8176.33	8653.1	
8675.99	8183.79	8642.77	
8693.68	8195.34	8635.43	
8710.83	8190.09	8631.92	
1842	1519.57	1696.62	
1831.06	1547.73	1708.51	
1828.88	1569.07	1721.2	
1820.51	1589.11	1736.62	
1822.13	1607.8	1756.24	
1823.62	1620.32	1777.19	
1837.57	1637.24	1806.95	
1873.52	1662.43	1866.91	
1960.15	1720.1	1969.35	
2028.87	1769.51	2039.32	
2052.53	1793.46	2086.21	
2059.45	1810.26	2123.95	
2057.47	1826.77	2155.95	
2062.89	1833.96	2184.63	
2088.97	1839.98	2194.62	
2120.35	1841.16	2200.59	
2150.5	1843.65	2208.05	
2184.76	1845.37	2225.54	
2212.66	1847.98	2240.35	
2246.54	1861.76	2261.48	
2340.65	1935.54	2342.51	
2639.89	2188.3	2640.74	
3530.4	2920.82	3539.93	
4822.93	3962.15	4854.01	
5552.7	4510.57	5600.93	
5709.99	4605.97	5764.39	
5745.73	4624.41	5796.1	
5767.7	4640.63	5786.69	
5790.47	4656.49	5762.7	
5820.51	4669.35	5763.65	
5844.94	4687.23	5781.9	
5840.51	4694.36	5817.99	
5836.64	4710.23	5848.56	
5825.52	4725.13	5880.06	
5865.6	4766.29	5896.31	
6044.12	4974.95	6063.75	
6863.84	5936.09	6859.91	
8027.97	7253.26	8009.87	
8557.26	7836.15	8544.71	
8692.73	7966.71	8686.86	
8721.43	7998.35	8727.98	
8723.95	8028.41	8741.06	
8716.29	8055.14	8748.53	
8721.76	8071.39	8755.09	
8742.01	8081.3	8757.87	
8772.26	8089.89	8748.42	
8815.09	8077.49	8750.83	
8832.13	8080.56	8739.94	
1818.27	1506.71	1709.25	
1815.92	1522.51	1715.72	
1811.99	1544.46	1734.4	
1821.65	1567.54	1755.67	
1834.18	1582.22	1774.57	
1839.73	1598.42	1796.29	
1853.36	1615.36	1823.4	
1888.9	1646.59	1875.45	
1976.59	1710.01	1974.81	
2045.73	1755.11	2053.66	
2067.69	1775.54	2097.04	
2068.6	1789.44	2140.32	
2068.84	1801.23	2173.93	
2087.82	1806.17	2188.24	
2119.17	1808.14	2202.65	
2154.03	1807.58	2211.33	
2182.89	1809.81	2220.38	
2209.06	1813.54	2230.7	
2238.75	1818.14	2245.67	
2276.49	1828.18	2265.03	
2334.18	1859.29	2320.53	
2530.87	2018.84	2531.96	
3244.04	2599.79	3261.02	
4729.32	3777.22	4765.81	
5561.7	4425.55	5611.89	
5728.72	4560.73	5786.82	
5769.69	4590.96	5833.85	
5805.67	4602.75	5823.49	
5842.73	4605.84	5814.21	
5870.45	4620.08	5811.46	
5887.8	4624.8	5841.69	
5889.41	4639.62	5874.88	
5875.79	4653.87	5906.96	
5884.7	4680.68	5919.26	
5912.56	4720.93	5951.45	
6097.27	4901.07	6114.59	
6824.66	5691.3	6825.36	
7994.55	7050.9	7982.92	
8643.43	7759.42	8616.84	
8782.74	7898.22	8755.09	
8808.23	7933.54	8780.04	
8804.07	7949.19	8813.94	
8799.85	7971.06	8846.62	
8807.48	7987.13	8861.4	
8833.6	7996.67	8851.67	
8858.68	8005.42	8839.45	
8884.44	8017.24	8821.12	
8908.57	8020.84	8809.47	
1784.41	1492.25	1719.25	
1791.05	1503.12	1731.7	
1804.57	1524.94	1746.31	
1814.91	1546.74	1769.17	
1823.35	1565.65	1794.96	
1842.46	1576.58	1815.78	
1857.55	1590.79	1843.29	
1904.17	1625.26	1887.26	
1977.51	1681.17	1969.79	
2036.71	1726.7	2052.88	
2060.09	1752.7	2108.97	
2077	1768.34	2153.37	
2090.63	1770.39	2187.48	
2120.09	1774.88	2198.13	
2155.75	1775.42	2209.86	
2184.29	1778.02	2222.01	
2211.99	1780.5	2224.12	
2240.67	1782.18	2234.1	
2267.66	1788.17	2244.27	
2296.7	1795.23	2269.32	
2331.76	1818.95	2326.05	
2460.54	1910.72	2465.18	
3128.92	2435.77	3142.11	
4592.38	3584.85	4626.94	
5530.71	4324.57	5582.09	
5746.75	4497.71	5807.23	
5809.94	4547.14	5849.65	
5848.69	4555.54	5867.72	
5893.59	4554.57	5873.86	
5938.77	4533.44	5913.09	
5958.61	4536.84	5936.29	
5968.94	4544.44	5967.81	
5980.87	4558.98	5985.68	
5993.63	4568.89	6003.77	
6040.44	4608.17	6048.54	
6189.73	4783.12	6202.68	
6769.13	5448.35	6778.87	
8010.71	6870.8	8001.75	
8705.49	7695.07	8675.79	
8839.11	7855.14	8788.12	
8868.05	7885.66	8819.47	
8855.36	7900.12	8861.83	
8848.86	7908.82	8901	
8885.13	7926.71	8927.01	
8929.67	7905.95	8945.97	
8961.6	7906.41	8940.21	
8969.85	7936.57	8917.08	
8990.09	7922.04	8923.57	
1754.55	1476.07	1740.1	
1768.73	1490.66	1750.8	
1790.91	1509.56	1765.87	
1809.71	1532.37	1782.8	
1825.34	1548.93	1806.56	
1833.52	1561.82	1830.01	
1869.72	1573.34	1852.3	
1913.24	1595.24	1890.87	
1963.37	1628.84	1946.65	
2014.43	1675.02	2034.06	
2062.69	1718.46	2119.6	
2084.67	1735.94	2166.39	
2123.06	1743.25	2194.25	
2155.33	1743.83	2225	
2185.99	1745.26	2222.3	
2217.88	1745.71	2222.24	
2248.25	1749.04	2229.72	
2276.33	1750.02	2235.01	
2302.52	1752.1	2242.83	
2319.71	1763.28	2286.32	
2338.48	1782.32	2336.3	
2441.16	1854.08	2442.58	
2999.57	2271.31	3012.73	
4348.71	3325.28	4380.89	
5353.72	4092.59	5400.97	
5786.65	4383.01	5825.38	
5902.01	4435.66	5939.18	
5940.4	4455.79	5961.99	
5976.48	4444.14	5996.42	
6022.54	4427.82	6034.41	
6059.73	4416.02	6069.91	
6086.16	4421.03	6069.36	
6114.81	4421.14	6085.82	
6139.08	4432.66	6115.23	
6159.81	4466.97	6144.08	
6270.13	4640.86	6276.73	
6870.85	5382.61	6883.9	
8098.56	6793.66	8094.3	
8769.1	7578.77	8738.63	
8920.15	7751.53	8878.45	
8947.85	7791.22	8924.07	
8961.62	7799.28	8957.76	
8994.31	7793.17	9002.13	
9018.2	7789.44	9028.76	
9068.04	7775.81	9062.83	
9133.15	7739.26	9115.38	
9167.2	7716.59	9146.89	
9165.75	7721.74	9153.37	
1733.7	1482.4	1772.32	
1750.69	1485.08	1775.49	
1777.42	1498.94	1785.33	
1806.71	1512.09	1801.08	
1831.36	1531.53	1817.96	
1858.63	1542.79	1832.3	
1878.99	1553.61	1849.51	
1920.77	1566.65	1877.89	
1952.61	1587.52	1935.76	
2002.14	1623.46	2009.88	
2065.75	1665.79	2111.5	
2120.89	1696.68	2177.1	
2148.81	1711.88	2215	
2186.05	1712.6	2237.58	
2217.66	1712.34	2246.47	
2252.59	1711.43	2238.55	
2289.76	1710.46	2236.26	
2319.94	1713.84	2242.83	
2335.55	1716.18	2272.67	
2344.29	1727.2	2309.25	
2374.16	1739.68	2357.78	
2451.97	1798.43	2454.78	
2836.57	2087.57	2847.41	
3824.72	2829.97	3854.92	
5141.53	3799.35	5171.85	
5792.84	4218.55	5820.12	
5992.37	4309.28	6023.62	
6044.46	4313.49	6098.05	
6074.06	4325.61	6125.66	
6094.09	4339.05	6143.97	
6130.42	4339.73	6143.35	
6172.98	4329.04	6137.62	
6203.51	4335.42	6138.41	
6212.42	4355.12	6162.32	
6218.1	4397.31	6211.41	
6327.55	4542.81	6332.03	
6973.27	5327.96	6979.81	
8180.01	6686.05	8175.15	
8842.88	7352.02	8836.95	
9072.25	7553.76	9077.62	
9146.3	7581.84	9146.28	
9189.44	7577.7	9175.04	
9230.29	7571.48	9193.3	
9277.15	7564.53	9219.09	
9290.61	7573.01	9235.17	
9309.97	7569.63	9278.97	
9332.8	7540.64	9352.22	
9335.89	7530.06	9377.14	
1719.45	1490.35	1803.15	
1742.63	1489.92	1803.53	
1774.48	1484.43	1805.83	
1808.35	1497.66	1814.71	
1842.83	1509.38	1825.22	
1875.41	1519.94	1830.01	
1906.86	1530.68	1840.83	
1921.16	1541.51	1876.27	
1951.98	1555.74	1919.99	
1992.04	1580.5	1986.95	
2072.34	1619.51	2089.34	
2146.06	1651.84	2194.28	
2184.13	1664.95	2239.51	
2213.85	1674.92	2254.72	
2252.54	1675.37	2259.52	
2283.85	1676.26	2261	
2322.21	1677.08	2252.06	
2350.02	1679.13	2257.55	
2366.19	1683.39	2307.69	
2383.83	1685.64	2352.02	
2396.82	1694.46	2388.7	
2469.86	1737.21	2468.35	
2658.28	1880.04	2672.51	
3405.48	2427.36	3421.8	
4827.85	3411.66	4853.69	
5762.59	4030.5	5787.22	
6031.34	4204.49	6063.14	
6096.23	4253.66	6142.28	
6109.21	4274.03	6195.32	
6155.48	4281.01	6206.38	
6197.03	4272.01	6200.49	
6235.27	4267.54	6192.94	
6259.97	4274.37	6183.91	
6265.25	4295.05	6218.55	
6276.67	4330.1	6263.77	
6389.16	4462.34	6392.19	
6969.94	5102.6	6975.34	
8067.34	6316.1	8070.77	
8960.37	7184.79	8980.32	
9228.77	7380.95	9262.99	
9299.98	7411.8	9325.13	
9355.44	7406.05	9338.91	
9392.76	7412.85	9333.02	
9426.69	7420.37	9338.26	
9441.33	7449.73	9348.23	
9421.14	7459.06	9385.76	
9405.06	7461.09	9435.8	
9405.61	7460.81	9474.77	
1728.21	1494.22	1837.38	
1744.94	1485.66	1833.22	
1779.24	1483.49	1827.62	
1817.82	1482.9	1821.8	
1853.19	1487.3	1822.01	
1884.5	1497.31	1825.6	
1909.91	1505.98	1842.14	
1936.67	1513.31	1872.82	
1956.68	1523.94	1922.82	
1997.31	1543.27	1972.45	
2063.77	1576.93	2063.89	
2159.28	1612.02	2186.82	
2205.87	1628.19	2253.6	
2248.08	1632.48	2267.52	
2281.54	1639.03	2280.19	
2317.73	1639.98	2276.68	
2348.83	1642.56	2281.7	
2378.7	1644.43	2308.4	
2388.66	1648.88	2341.03	
2387.66	1651.9	2388.63	
2424.06	1662.07	2422.9	
2455.23	1678.89	2465.08	
2586.09	1754.3	2589.19	
3104.03	2106.93	3106.16	
4423.98	3008.89	4437.86	
5648.99	3819.27	5686.27	
6083.72	4119.89	6123.89	
6148.98	4190.83	6210.1	
6173.64	4212.61	6232.76	
6221.02	4207.16	6255.3	
6280.07	4195.92	6272.87	
6315.43	4187	6279.21	
6343.81	4181.82	6305.96	
6358.67	4190.63	6324	
6390.95	4216.92	6374.91	
6488.52	4334.7	6491.67	
6882.39	4763.78	6892.31	
8048.12	6014.3	8062.87	
9031.83	7045.25	9058.55	
9311.24	7310.49	9346.54	
9365.87	7334.86	9400.78	
9421.97	7338.41	9404.21	
9472.19	7335.16	9401.88	
9505.95	7329.37	9428.09	
9539.85	7315.81	9475.52	
9547.96	7319.33	9516.05	
9529.67	7331.03	9550.74	
9532.22	7324.97	9572.8	
1737.9	1484.81	1869.1	
1759.87	1487.6	1860.9	
1789.52	1479.08	1849.51	
1827.63	1468.65	1832.32	
1861.76	1470.75	1815.15	
1891.4	1473.66	1824.8	
1918.25	1478.68	1847.2	
1946.57	1484.56	1885.03	
1977.93	1488.66	1922.03	
2005.85	1499.43	1966.93	
2069.67	1529.24	2055.88	
2153.15	1571.11	2167.67	
2228.4	1589.34	2234.91	
2271.74	1602.38	2276.85	
2313.56	1602.22	2293.55	
2345.29	1604.06	2306.33	
2377.84	1603.15	2329.86	
2390.66	1608.52	2355.23	
2388.87	1612.18	2388.39	
2412.41	1617.88	2419.35	
2429.83	1620.68	2453.47	
2474.77	1628.79	2476.14	
2553.18	1662.28	2544.27	
2913.36	1883.94	2900.37	
4028.71	2638.12	4031.78	
5524.56	3660.54	5562.37	
6108.83	3993.21	6179.28	
6278.54	4043.8	6317.79	
6327.27	4061.33	6346.06	
6351.03	4079.49	6353.15	
6386.29	4085.74	6365.28	
6420.38	4080.92	6390.7	
6443.37	4075.08	6429.93	
6473.24	4076.05	6470.72	
6495.04	4094.01	6497.84	
6572.96	4173.64	6583.12	
6980.11	4625.46	6992.73	
8139.69	5804.22	8151.97	
9154.22	6936.91	9175.42	
9380.87	7231.74	9409.03	
9443.21	7273.55	9451.22	
9499.61	7263.59	9470.89	
9571.75	7221.98	9517.46	
9634.79	7169.82	9579.81	
9709.79	7103.93	9674.41	
9752.77	7079.71	9733.86	
9776.89	7069.36	9767.3	
9769.83	7088.68	9774.55	
1760.29	1496.51	1897.66	
1773.69	1482.25	1888.45	
1802.64	1471.4	1867.01	
1840.68	1460.58	1839.88	
1873.18	1454.5	1828.35	
1900.16	1451.67	1828.13	
1934.27	1448.96	1858.32	
1965.57	1448.21	1892.32	
1997	1447.47	1928.96	
2031.47	1452.94	1983.73	
2073.52	1471.68	2052.23	
2138.31	1500.45	2130.35	
2225.76	1543.65	2216.51	
2305.43	1560.93	2275.54	
2338.7	1565.59	2312	
2376.9	1562.34	2335.18	
2388.14	1565.39	2370.57	
2391.86	1569.29	2406.48	
2405.85	1568.35	2432.99	
2428.74	1568.47	2463.04	
2469.94	1572.37	2480.02	
2506.92	1577.36	2495.51	
2564.73	1597.14	2542.93	
2788.73	1732.1	2766.33	
3780.53	2400.86	3778.36	
5243.67	3353.43	5278.09	
6074.19	3810.92	6119.59	
6363.91	3909.15	6400.55	
6459.96	3930.16	6455.18	
6496.65	3943.31	6464.65	
6510.69	3966.39	6468.99	
6520.14	3989.85	6488.42	
6532.21	3995.87	6519.55	
6538.15	4001.67	6559.83	
6568.63	4014.41	6591.65	
6643	4072.31	6660.56	
7106.66	4513.24	7120.1	
8419.15	5793.27	8421.71	
9329.7	6702.19	9330.06	
9611.37	6980.74	9596.51	
9661.6	7074.77	9627.15	
9705.78	7063.79	9662.53	
9791.16	6985.71	9743.93	
9852.76	6922.54	9810.9	
9872	6906.21	9842.74	
9895.79	6902.07	9882.64	
9916.33	6923.86	9907.99	
9927.48	6943.1	9915.09	
1776	1486.61	1928.88	
1794.53	1476.24	1905.32	
1819.05	1464.99	1881.2	
1849.92	1450.79	1861.19	
1884.59	1436.18	1840.7	
1917.99	1427.42	1847.77	
1949.68	1423.21	1863.33	
1988.94	1419.55	1891.15	
2016.84	1416.12	1944.32	
2047.87	1411.56	2006.21	
2078.36	1417.88	2056.7	
2127.57	1433.14	2114.38	
2213.98	1467.5	2189.6	
2308.1	1504.61	2267.52	
2383.54	1520.3	2316.77	
2378.29	1523.34	2361.38	
2394.07	1520.6	2409.13	
2408.76	1516.33	2450.51	
2421.87	1521.93	2482.34	
2460.31	1518.93	2493.8	
2504.86	1517.99	2506.47	
2547.89	1526.49	2514.75	
2588.74	1549.56	2557.22	
2749.83	1641.82	2721.93	
3400.42	2052.38	3388.61	
4772.12	2903.36	4788.56	
5943.6	3566.73	5968.24	
6435.32	3824.63	6439.41	
6522.56	3866.11	6510.53	
6575.05	3877.57	6514.55	
6611.18	3872.32	6568.69	
6639.33	3869.22	6614.23	
6645.66	3881.33	6647.49	
6654.39	3898.51	6673.87	
6674.22	3912.01	6706.78	
6747.14	3991.54	6772.43	
7256.06	4447.2	7267.17	
8580.14	5602.75	8576.35	
9652.08	6330.38	9610.67	
10026.9	6571.78	9959.89	
10121.9	6632.39	10048.5	
10118.9	6665.93	10051.2	
10080.4	6701.72	10019.6	
10031.1	6743.55	9976.03	
9979.8	6784.3	9949.81	
9951.91	6832	9950.05	
9964.15	6858.64	9970.08	
9997.11	6878.57	9970.27	
1803.43	1474.45	1933.5	
1815.04	1472.71	1919.17	
1836.69	1454.56	1900.75	
1862.5	1440.75	1879.73	
1891.77	1419.7	1866.32	
1930.42	1405.78	1855.4	
1972.66	1403.4	1866.33	
2001.64	1398.52	1907.58	
2035.38	1388.11	1958.79	
2056.07	1382.08	2018.26	
2083.49	1374.85	2073.24	
2134.37	1374.76	2111.88	
2200.04	1388.19	2177.74	
2294.44	1429.45	2249	
2354.41	1461.47	2315.18	
2394.98	1479.82	2369.99	
2387.7	1477.86	2433.4	
2421.72	1474.49	2487.55	
2462.11	1464	2502.74	
2495.5	1459.67	2516.12	
2541.23	1457.07	2521.53	
2585.81	1470.75	2543.7	
2629.38	1484.1	2584.74	
2712.86	1534.89	2678.99	
3101.57	1754.22	3083.2	
4222.86	2426.74	4231.17	
5837.18	3394.19	5837.07	
6478.95	3738.48	6457.24	
6626.75	3779.58	6575.09	
6674.1	3778.33	6622.82	
6723.85	3761.57	6672.46	
6774.65	3731.6	6755.24	
6795.62	3731.25	6805.19	
6810.57	3739.79	6842.88	
6860.33	3778.55	6883.27	
6993.55	3911.75	7017.48	
7511.93	4302.94	7528.05	
8795.94	5150.09	8782.47	
9956.8	5952.34	9900	
10388.8	6216.46	10300.2	
10469.6	6302.05	10374	
10444.2	6360.95	10352.4	
10342.2	6460.95	10266.5	
10216.4	6574.85	10165.1	
10109.5	6672.52	10088.3	
10053.8	6735.27	10054.9	
10039.8	6778.06	10045	
10024.1	6798.7	10041.6	
1834.92	1472.45	1945.14	
1844.69	1470.7	1934.51	
1855.1	1446.58	1918.85	
1876.62	1416.17	1903.05	
1905.06	1403.71	1887.47	
1940.08	1390.94	1876.36	
1977.86	1383.22	1883.92	
2016.49	1374	1921.24	
2042.82	1364.1	1979.17	
2072.95	1348	2032.68	
2106.88	1335.39	2079.72	
2140.47	1327.42	2131.01	
2197.16	1328.65	2174.12	
2246.13	1329.82	2228.99	
2318.11	1370.13	2302.41	
2359.78	1408.73	2376.46	
2406.91	1433.94	2445.58	
2442.81	1424.17	2497.84	
2484.32	1409.05	2528.19	
2534.38	1398.79	2530.11	
2581.82	1396.7	2545.62	
2624.83	1395.43	2575.68	
2665.49	1405.41	2626.98	
2724.13	1435.42	2688.93	
2931.8	1561.46	2921.35	
3987.18	2189.05	3982.08	
5655.33	3181.33	5640.63	
6432.74	3574.83	6385.42	
6719.91	3642.67	6656.09	
6829.3	3642.96	6758	
6863.77	3630.04	6806.65	
6875.04	3634.29	6853.5	
6899.47	3626.03	6916.35	
6961.47	3616.37	6973.97	
7051.53	3636.99	7068.04	
7421.79	3765.98	7441.52	
8185.06	4081.81	8203.02	
9378.66	4729.45	9370.24	
10329.8	5470.08	10281.8	
10653.8	5942.81	10574	
10653	6116.72	10556	
10581.2	6226.49	10486.3	
10516.7	6310.24	10430.1	
10432.4	6375.42	10389.3	
10345	6454.49	10336.1	
10275.6	6535.22	10279.2	
10204.4	6600.2	10225.4	
10138.9	6675.29	10168.3	
1861.48	1476.6	1971.26	
1869.4	1451.53	1962.78	
1876.93	1430.98	1949.55	
1896.27	1403.46	1927.83	
1917.3	1379.13	1909.48	
1949.17	1370.16	1907.66	
1989.57	1352.28	1918.72	
2026.21	1341.29	1945.45	
2061.11	1328.48	1989.89	
2097.37	1310.68	2043.94	
2126.83	1289.44	2100.29	
2159.78	1279.7	2142.11	
2178.39	1264.51	2184.45	
2226.97	1258.35	2227.08	
2268.35	1257.78	2287.69	
2338.97	1295.29	2368.62	
2404.31	1331.82	2437.99	
2457.91	1352.94	2493.18	
2507.71	1351.97	2536.61	
2555.43	1349.47	2560.44	
2609.33	1342.8	2560.01	
2665.18	1335.25	2605.57	
2692.64	1337.06	2661.48	
2725.94	1361.05	2721.18	
2918.71	1467.24	2907.89	
3745.09	1952.79	3734.33	
5163.88	2732	5134.46	
6258.1	3287.41	6211.8	
6784.52	3514.31	6720.02	
6912.82	3546.7	6839.19	
6969.25	3530.14	6914.7	
7027.8	3498.65	6998.67	
7061.18	3484.37	7041.78	
7114.4	3465.73	7115.23	
7363.23	3452.32	7374.35	
7867.16	3483.45	7891.27	
9090.07	3808.06	9113.81	
10227.5	4362.81	10232.2	
10921.5	5059.48	10894.7	
10993	5590	10935.2	
10902.7	5864.64	10832.1	
10812.7	5997.34	10739.4	
10728.6	6083.95	10667.1	
10618.5	6187.44	10583.7	
10551.2	6263.61	10534.3	
10482.5	6319.99	10500.7	
10415.4	6400.27	10457.7	
10356	6465.92	10410.7	
1867.35	1440.23	1991.29	
1882.8	1432.81	2003	
1900.24	1408.64	1982.04	
1914.88	1387.47	1959.05	
1935.74	1366.17	1947.04	
1965.44	1340.48	1945.49	
2003.56	1318.39	1955	
2043.92	1299.92	1972.36	
2081.85	1285.18	1998.94	
2112.09	1270.81	2055.88	
2151.68	1253.12	2114.23	
2164.08	1233.5	2156.34	
2183.22	1219.96	2192.74	
2196.4	1205.6	2238.04	
2256.5	1186.75	2287.69	
2327.9	1166.91	2346.4	
2391.38	1188.25	2411.33	
2452.68	1232.36	2467.09	
2516.14	1276.08	2530.37	
2575.24	1288.03	2579.9	
2626.79	1285.91	2604.59	
2674.33	1277.76	2637.52	
2716.67	1276.52	2691.51	
2768.66	1292.19	2757.5	
2904.11	1363.61	2898.84	
3371.61	1590.08	3359.39	
4532.29	2199.25	4509.92	
6113.41	3045.66	6067.08	
6842.89	3413.68	6787.35	
7007.22	3432.55	6961.35	
7083.75	3410.65	7035.45	
7182.85	3361.63	7125.36	
7273.6	3281.01	7246.31	
7348.03	3224.98	7341.5	
7599.73	3144.61	7619.55	
8486.28	3163.27	8522.32	
9551.38	3404.45	9589.47	
11043.2	4137.87	11064.4	
11524.5	4716.27	11522.8	
11549.3	5101.38	11526.2	
11433.6	5331.49	11402.3	
11254.8	5540.56	11224.8	
11006.1	5800.34	10973.3	
10876.3	5930.93	10851.5	
10766.7	6035.47	10760.2	
10627.5	6171.34	10654	
10531.5	6279.23	10594.1	
10495.7	6351.44	10572.5	
1866.71	1393.07	2010.53	
1889.91	1392.84	2011.3	
1915.33	1388.89	2019.35	
1936.55	1363.78	2010.07	
1958.84	1340.6	2001.52	
1984.28	1315.7	1986.68	
2022.63	1287.07	1982.48	
2062.68	1262.91	1994.95	
2090.07	1246.33	2022.36	
2121.27	1232.1	2067.03	
2153.56	1218.96	2122.38	
2177.74	1203.84	2162.7	
2169.87	1183.53	2200.74	
2203.53	1155.14	2246.4	
2247.02	1130.45	2293.53	
2312.94	1102.96	2339.7	
2378.49	1076.04	2377.46	
2440.74	1086.14	2444.78	
2516.75	1145.08	2520.04	
2579	1186.06	2584.65	
2628.74	1202.19	2646.89	
2688.78	1212.1	2683.26	
2750.88	1209.83	2732.24	
2810.63	1208.75	2795.4	
2893.24	1220.23	2886	
3126.1	1319.35	3124.09	
4178.46	1881.87	4155.06	
6083.23	2940.84	6037.44	
6869.86	3290.54	6834.89	
7103.77	3305.67	7081.91	
7206.26	3268.75	7176.42	
7280.46	3222.07	7244.59	
7399.98	3118.62	7377.47	
7586.06	2939.33	7594.26	
7812.54	2833.3	7845.21	
8485.53	2776.87	8543.29	
10323.9	3161.8	10385	
11442.5	3799.11	11491.2	
12015.5	4458.27	12024.9	
12024.3	4701.88	12024.9	
11887.3	4884.38	11881.1	
11470.4	5322.2	11455.3	
11208.2	5590.35	11198	
11074.1	5722.31	11065	
10947.5	5834.26	10967.9	
10782.6	5997.36	10835.9	
10634.5	6186.1	10699.7	
10558.7	6299.41	10625.8	
1874.32	1348.99	2018.6	
1897.02	1345.97	2027.15	
1924.36	1350.46	2037.94	
1952.53	1347.41	2052.24	
1975.21	1314.94	2037.35	
1999.37	1289.89	2023.13	
2032.54	1264.2	2009.92	
2079.75	1238.25	2000.32	
2109.45	1213.19	2034.75	
2123.73	1200.46	2081.98	
2138.22	1185.67	2124.04	
2148.19	1173.1	2162.19	
2175.55	1149.79	2199.28	
2204.74	1112.52	2251.12	
2249.7	1074.83	2304.68	
2292.77	1053.82	2327.9	
2355.09	1026.57	2367.4	
2439.45	993.762	2438.91	
2506.24	977.315	2515.59	
2563.13	1016.17	2580.52	
2638.08	1105.06	2658.31	
2701.91	1165.1	2729.64	
2776.89	1143.13	2766.74	
2847.03	1110.28	2834.82	
2896.81	1105.96	2897.66	
3077.09	1185.75	3066.84	
4088.11	1793.9	4067.19	
5867.88	2738.57	5838.01	
6891.55	3170.69	6864.09	
7160.44	3229.72	7140.9	
7250.7	3182.93	7245.62	
7373	3072.78	7380.93	
7506.92	2951.51	7516.76	
7694.1	2782.79	7722.1	
7946.56	2594.53	7991.73	
8558.11	2553.61	8632.9	
10188.6	2795.37	10307.8	
12157.7	3663.86	12200.5	
12422.1	4123.1	12441.9	
12347.1	4387.89	12358	
11904.6	4874.28	11895.9	
11590.7	5209.07	11576.9	
11352.2	5441.81	11342.9	
11128	5646.03	11155.7	
11012	5741.74	11072.4	
10912.3	5864.99	10977.1	
10754	6063.14	10815	
10619.7	6230.36	10681.1	
1886.48	1307.56	2034.12	
1902.77	1320.42	2040.04	
1929.66	1321.29	2045.05	
1956.51	1322.66	2054.19	
1983.17	1307.23	2056.86	
2004.91	1269.12	2046.59	
2039.83	1253.47	2027.44	
2085.46	1227.99	2024.31	
2131.06	1201.63	2041.79	
2132.18	1179.47	2087.59	
2111.11	1165.93	2126.55	
2136.28	1144.52	2151.93	
2175.68	1122.93	2198.12	
2211.49	1082.91	2257.6	
2245.04	1042.76	2289.27	
2286.17	1012.17	2330.57	
2344.12	1003.77	2375.35	
2421.59	951.203	2439.68	
2494.73	890	2508.19	
2566.02	903.693	2585.32	
2638.68	1033.59	2663.88	
2718.73	1105.94	2736.54	
2790.81	1100.06	2797.77	
2856.84	1029.5	2844.01	
2920.82	1001.73	2901.65	
3082.27	1152.11	3072.13	
3889.34	1628.83	3874.05	
5632.76	2531.21	5612.39	
6885.21	3091.02	6861.55	
7190.53	3165.88	7166.62	
7298.98	3109.89	7301.1	
7434.16	2983.85	7462.83	
7547.39	2852.72	7609.05	
7754.16	2688.54	7809.28	
8105.12	2462.73	8158.61	
8612.41	2341.06	8733.56	
10297.9	2928.46	10390	
12205.7	3586.06	12253.5	
12868.6	3771.36	12892.9	
12436.1	4275.53	12446.3	
11916.3	4859.65	11907.1	
11652.8	5140.46	11627.8	
11435.5	5350.28	11436.4	
11176.8	5586.78	11222.4	
11056.3	5709.71	11125.6	
10985	5789.51	11048.9	
10864.7	5934.9	10924.6	
10699.8	6136.42	10758.8	