
1817.51	1489.04	1694.78	
1782.36	1513.32	1679.39	
1760.54	1543.69	1656.61	
1737.22	1560.96	1678.48	
1710.19	1585.12	1719	
1685.76	1617.14	1751.16	
1659.46	1645.57	1765.01	
1631.91	1661.73	1752.5	
1607.52	1633.23	1733.24	
1604.54	1624.74	1703.12	
1611	1620.36	1673.1	
1610.24	1623.4	1639.5	
1605.05	1630.62	1606.23	
1587.64	1652.22	1585.86	
1566.57	1673.58	1570.07	
1543.88	1691.46	1579.96	
1512.57	1701.37	1609.06	
1504.92	1724.51	1609.97	
1500.24	1739.96	1578.67	
1497.59	1750.15	1533.17	
1493.2	1756.46	1492.05	
1475.91	1784.51	1475.05	
1461.6	1807.89	1449.19	
1460.3	1847.14	1415.32	
1416.14	1881.63	1390.78	
1373.29	1906.47	1369.2	
1344.61	1942.41	1346.23	
1320.61	1972.89	1322.81	
1278.28	1999.78	1296.09	
1234.2	2039.8	1289.69	
1217.72	2098.66	1250.92	
1185.36	2172.65	1192.91	
1125.32	2237.74	1136.99	
1078.47	2276.31	1071.41	
1020.39	2358.28	1020.66	
966.758	2468.3	973.873	
911.226	2605.46	884.504	
1013.33	2743.79	976.987	
1099.81	2784.23	1060.63	
1154.94	2816.27	1142.2	
1184.4	2874.1	1209.33	
1273.42	3056.77	1307.01	
1705.06	4020.13	1723.85	
2547.96	5856.98	2530.8	
3060.95	6896.56	3009.99	
3207.95	7127.58	3135.43	
3223.83	7184.92	3153.17	
3198.93	7218.67	3159.12	
1781.13	1489.76	1705.88	
1773.56	1509.79	1692.5	
1754.79	1535.54	1691.03	
1740.67	1558.8	1698.02	
1718.49	1586.57	1725.53	
1693.79	1625.89	1758.07	
1671.44	1654.31	1762.24	
1650.82	1651.49	1745.99	
1637.31	1643.09	1722.38	
1632.18	1635.32	1698.11	
1630.92	1624.73	1666.63	
1628	1616.71	1635.66	
1617.28	1636.42	1602.71	
1598.96	1659.38	1574.94	
1581.44	1683.54	1570.24	
1557.28	1699.76	1587.73	
1539.44	1716.01	1602.44	
1522.15	1731.45	1610.85	
1505.78	1753.71	1591.19	
1491.7	1765.59	1549.31	
1484.68	1781.57	1522.01	
1474.11	1799.12	1491.07	
1472.07	1829.63	1464.17	
1456.58	1857.61	1431.92	
1439.9	1890.42	1387.19	
1404.87	1921.71	1368.52	
1376.6	1949.31	1349.76	
1338.2	1984.13	1312.21	
1301.15	2020.57	1302.43	
1273.37	2059.02	1285.61	
1242.76	2112.53	1258.12	
1203.19	2184.05	1215.83	
1150.17	2248.95	1156.34	
1094.44	2312.4	1110.99	
1053.41	2384.71	1068.59	
1017.98	2486.24	1016.39	
1027.34	2598.51	1019.9	
1059.1	2691.92	1042.69	
1138.41	2766.75	1112.3	
1176.25	2814.82	1180.55	
1207.71	2891.34	1238.84	
1319.52	3161.96	1351.54	
1822.67	4339.01	1839.06	
2618.53	6161.6	2607.13	
3035.28	7016.79	2998.83	
3131.22	7208.24	3088.14	
3156.09	7244.4	3115.1	
3144.02	7274.64	3112.77	
1750.11	1482.72	1724.58	
1751.23	1504.13	1724.56	
1750.42	1528.08	1724.86	
1737.15	1555.07	1730.02	
1727.9	1589.82	1740.84	
1708.37	1627.92	1755.57	
1693.39	1651.18	1757.58	
1682.99	1652.14	1741.42	
1673.37	1652.47	1715.58	
1662.16	1642.24	1686.98	
1654.65	1625.34	1658.77	
1649.8	1622.93	1627.82	
1636.29	1641.87	1597.82	
1617.3	1674.62	1569.32	
1597.09	1696.63	1568.14	
1582.26	1714.07	1588.15	
1566.77	1729.95	1607.16	
1546.72	1748.2	1604.8	
1518.01	1767.99	1599.42	
1492.34	1791.31	1589.07	
1477.88	1808.69	1556.03	
1471.22	1827.83	1522.64	
1468.27	1848.76	1486.7	
1468.13	1878.4	1447.89	
1453.91	1904.37	1413.45	
1447.06	1933.08	1371.88	
1405.61	1966.44	1348.8	
1370.11	1998.85	1335.08	
1340.2	2040.32	1308.04	
1310.43	2084.6	1282.43	
1272.2	2135.94	1263.66	
1224.05	2201.29	1237.86	
1182.51	2275.82	1205.4	
1151.07	2346.36	1173.26	
1135.01	2426.95	1152.73	
1153.9	2511.92	1163.77	
1169.31	2589.77	1176.11	
1180.54	2663.73	1182.98	
1186.77	2753.53	1199.54	
1228.43	2846.1	1229.98	
1274.87	2980.09	1286.23	
1423.19	3380.99	1448.69	
1992.24	4764.64	2005.26	
2697.81	6472.35	2686.98	
2958.53	7169.98	2950.52	
3016.82	7344	3014.38	
3018.33	7393.86	3021.57	
3023.41	7400.93	3028.09	
1736.67	1482.1	1761.77	
1733.94	1499.33	1759.23	
1736.26	1525.1	1757.3	
1743.94	1553.22	1758.74	
1738.3	1586.3	1760.27	
1732.61	1618	1759.19	
1724.88	1639.42	1755.93	
1714.9	1655.21	1742.2	
1702.89	1647.56	1710.19	
1691.89	1637.64	1675.63	
1682.83	1627.55	1649.18	
1673.32	1631.25	1619.36	
1657.57	1655.07	1590.65	
1635.6	1686.02	1576.97	
1620.92	1711.58	1577.07	
1605.73	1728.83	1596.64	
1589.39	1746.67	1599.19	
1568.17	1764.24	1605.88	
1541.07	1784.55	1611.99	
1507.74	1808.32	1605.63	
1482.4	1829.39	1588.82	
1476.13	1849.15	1552.39	
1471.06	1871.85	1507.82	
1468.51	1893.07	1473.97	
1470.91	1920.05	1438.8	
1458.23	1947.82	1402.19	
1440.97	1980.43	1368.54	
1410.85	2020.21	1344.04	
1375.23	2060.9	1327.25	
1344.57	2108.82	1303.95	
1304.47	2165.12	1285.39	
1273.88	2230.52	1275.61	
1266.13	2311.69	1285.83	
1269.18	2392.94	1292.08	
1272.34	2467.23	1294.83	
1261.65	2538.32	1291.37	
1267.54	2598.67	1271.52	
1258.94	2661.96	1280.88	
1267.93	2755.19	1277.22	
1337.44	2986.58	1343.82	
1489.41	3388.45	1490.68	
1805.23	4157.33	1811.03	
2273.27	5381.65	2280.07	
2763.22	6730.05	2759.98	
2928.76	7313.87	2929.19	
2950.86	7452.4	2966.73	
2945.82	7488.16	2969.15	
2929.51	7509.79	2966.91	
1715.61	1490.46	1795.61	
1732.94	1500.95	1792.12	
1742.98	1521.28	1790.13	
1756.67	1546.89	1782.64	
1764.3	1576.19	1776.82	
1761.13	1602.01	1768.12	
1753.99	1625.65	1757.48	
1745.71	1632.97	1732.24	
1733.34	1637.74	1706.69	
1725.21	1631.65	1671.37	
1713.39	1631.93	1638.51	
1698.42	1649.31	1618.77	
1677.49	1674.01	1600.28	
1660.83	1699.38	1585.51	
1643.49	1724.07	1594.29	
1628.06	1744.36	1580.82	
1609.39	1760.64	1603.03	
1587.84	1779.73	1615.17	
1562.72	1800.28	1612.51	
1532.48	1821.26	1604.81	
1509.15	1842.14	1598.78	
1488.45	1862.35	1572.44	
1481.41	1886.08	1535.39	
1475.78	1909.47	1500.26	
1475.72	1933.5	1473.12	
1470.69	1964.56	1438.5	
1463.62	1999.25	1401.08	
1442.57	2040.76	1372.67	
1420.8	2090.2	1357.56	
1395.18	2146.15	1359.62	
1386.2	2208.42	1360.42	
1384.9	2278.94	1369.4	
1382.44	2357.34	1381.95	
1372.73	2431.6	1393.01	
1362.99	2494.73	1388.24	
1349.62	2554.44	1355.99	
1336.55	2611.28	1351.52	
1336.39	2676.27	1327.86	
1352.46	2783.95	1354.27	
1471.27	3151.22	1475.42	
1967.67	4333.97	1968.43	
2422.69	5413.8	2421.09	
2761.59	6334	2761.14	
2902.76	6986.5	2904.58	
2970.65	7387	2972.42	
2929.63	7511.32	2942.95	
2902.76	7551.15	2939.78	
2863.65	7584.17	2891.01	
1723.17	1505.97	1831.76	
1733.68	1508.69	1827.25	
1762.13	1515.78	1812.02	
1778.04	1532.58	1799.34	
1789.7	1557.37	1786.22	
1788.03	1589	1775.95	
1785.11	1601.29	1752.87	
1776.79	1612.69	1728.48	
1770.16	1621.23	1699.51	
1755.25	1635.18	1676.65	
1743.87	1651.79	1650.36	
1723.85	1669.61	1632.96	
1705.15	1694.19	1613.36	
1685.06	1716.71	1610.35	
1666.36	1737.53	1599.28	
1646.9	1757.12	1601.75	
1628.9	1774.82	1589	
1609.15	1793.12	1606.78	
1585.35	1813.94	1602.47	
1564	1834.1	1596.31	
1540.24	1853.82	1589.91	
1516.21	1874.43	1582.82	
1493.99	1897.22	1559.73	
1490.59	1924.41	1539.3	
1499.58	1952.52	1507.82	
1492.05	1987.65	1483.42	
1487.25	2029.15	1458.09	
1487.28	2077.38	1441.03	
1485.68	2133.46	1443.03	
1491.51	2200.57	1453.98	
1496.35	2263.97	1469.07	
1495.57	2320.49	1465.84	
1469.09	2393.95	1451.65	
1445.71	2456.91	1442.46	
1427.59	2504.61	1427.39	
1421.79	2556.31	1420.22	
1423.57	2625.18	1408.22	
1433.17	2734.84	1423.91	
1505.94	2981.5	1494.87	
1766.98	3624.54	1761.66	
2333.96	4970.48	2328.61	
2956.5	6465.69	2947.77	
3106.92	6925.37	3105.22	
3119.77	7182.47	3119.12	
3012.67	7401.9	3025.02	
2944.42	7550.79	2954.09	
2823.58	7646.62	2824.99	
2747.99	7714.9	2755.56	
1727.25	1518.55	1864.13	
1752.74	1514.21	1849.75	
1777.6	1514.93	1831.46	
1802.43	1515	1808.28	
1812.56	1538.55	1790.85	
1821.99	1558.69	1772.7	
1820.38	1579.33	1751.67	
1816.67	1596.62	1726.91	
1801.79	1619.57	1711.38	
1788.28	1643.03	1697.41	
1771.48	1669.15	1679.9	
1752.51	1694.8	1656.83	
1730.73	1714.69	1641.13	
1713.28	1735.52	1628.73	
1687.02	1751.49	1630.6	
1668.05	1770.41	1613.36	
1650.58	1788.23	1608.67	
1633.77	1807.58	1581.06	
1614.53	1828.79	1580.72	
1594.82	1846.38	1580.34	
1572.73	1866.96	1588.04	
1547.28	1890.29	1595.48	
1526.31	1913.64	1594.11	
1525.62	1941.29	1569.45	
1537.24	1981.56	1560.68	
1551.17	2029.5	1555.91	
1559.34	2083.73	1561.86	
1568.28	2137.23	1569.48	
1571.66	2195.01	1569.36	
1570.77	2252.5	1555.73	
1570.38	2298.22	1537.72	
1547.37	2348.24	1523.17	
1533.26	2404.69	1497.88	
1507.04	2462.79	1478.58	
1484.31	2510.57	1470.62	
1475.15	2555.14	1445.62	
1486.23	2639.97	1461.83	
1584.39	2915.92	1567.12	
1874.91	3597.59	1871.43	
2336.45	4629	2326.96	
2838.18	5816.6	2819.58	
3156.6	6733.33	3142.09	
3255.39	7122.4	3242.57	
3215.21	7220.82	3230.28	
3114.83	7383.85	3129.08	
2862.52	7639.67	2869.03	
2716.05	7788.08	2709.38	
2603.3	7879.73	2583.39	
1758.09	1516.19	1878.7	
1770.25	1524.35	1869.54	
1795.9	1515.35	1847.44	
1819.74	1512.43	1822.29	
1845.26	1515.37	1795.02	
1855.28	1532.68	1770.17	
1860.75	1557.68	1747.55	
1853.31	1593.22	1734.02	
1841.93	1625.51	1728.12	
1823.58	1654.26	1730.02	
1804.7	1687.38	1713.59	
1784.21	1719	1685.4	
1769.34	1742.89	1659.11	
1739.97	1757.24	1671.27	
1720.25	1771.93	1663.56	
1698.82	1785.54	1650.22	
1678.35	1804.95	1616.87	
1659.65	1823.09	1583.91	
1643.76	1841.17	1558.91	
1627.27	1864.78	1562.71	
1607.91	1884.8	1588.94	
1589.39	1908.02	1621.28	
1593.74	1947.31	1629.55	
1603.46	1985	1635.51	
1619.34	2027.67	1640.51	
1637.59	2086.22	1656.33	
1647.76	2138.26	1665.84	
1637.69	2184.84	1674.82	
1624.26	2233.57	1652.47	
1611.85	2276.96	1624.26	
1596.45	2319.26	1599	
1582.29	2363.27	1567.66	
1562.86	2410.88	1546.78	
1546.24	2459.94	1519.88	
1529.07	2511.78	1480.91	
1517.86	2565.64	1477.63	
1544.94	2680.21	1514.42	
1779.2	3209.2	1764.54	
2394.81	4500.16	2390.54	
2976.08	5766.38	2985.23	
3259.15	6485.82	3252.22	
3347.4	6891.11	3319.3	
3324.97	7109.69	3331.31	
3286.24	7254.3	3299.6	
3185.93	7383.81	3198.36	
2862.65	7744.33	2859.1	
2513.82	8036.26	2501.76	
2441.65	8131.46	2421.99	
1784.42	1513.64	1905.18	
1794	1506.88	1887.63	
1813.08	1520.92	1861.61	
1839.5	1517.75	1834.63	
1865.6	1512.24	1807.5	
1894.44	1515.17	1774.26	
1901.63	1549.67	1754.4	
1900.37	1589.65	1748.59	
1893.85	1635.65	1752.92	
1886.08	1678.36	1748.69	
1879.28	1719.97	1741.67	
1869	1761.18	1726.84	
1822.65	1787.17	1721.13	
1796.98	1797.23	1713.11	
1774.01	1803.8	1718.95	
1751.55	1817.53	1692.64	
1717.28	1831.67	1651.45	
1687.14	1842.19	1613.48	
1673.12	1860.79	1594.06	
1668.92	1884.4	1590.88	
1669.55	1916.17	1626.55	
1680.84	1952.17	1661.52	
1697.35	1992.68	1693.4	
1720.3	2045.13	1719.4	
1721.5	2085.93	1726.46	
1710.63	2127.79	1727.54	
1696.76	2169.91	1730.96	
1683.39	2207.52	1719.94	
1658.79	2247.01	1700.92	
1627.84	2286.12	1675	
1615.6	2325.46	1644.26	
1594.18	2369.9	1616.21	
1588.73	2411.41	1592.38	
1573.58	2462.54	1561.04	
1575.57	2531.55	1543.99	
1601.05	2636.3	1558.34	
1697.44	2886.11	1664.89	
2058.37	3656.26	2043.62	
2817.7	5237.79	2828.47	
3340.52	6363.79	3351.25	
3475.44	6765.28	3487	
3484.05	6916.37	3495.62	
3433.93	7054.12	3452.48	
3380.81	7217.22	3394.65	
3247.44	7564.72	3251.19	
2898.6	8029.32	2887.14	
2470.13	8447.39	2433.38	
2206.67	8536.9	2174.61	
1797.41	1480.26	1925.58	
1817.69	1499.95	1903.81	
1836.68	1510.47	1877.62	
1858.78	1520.82	1855.59	
1884.01	1519.23	1820.19	
1919.95	1528.14	1797.61	
1998.93	1547.28	1777.64	
2030.45	1592.22	1767.81	
2049.65	1651.56	1768.36	
2075.87	1728.08	1783.52	
2084.76	1789.84	1793.41	
1972.6	1838.26	1807.97	
1929.44	1867.17	1809.91	
1898.56	1875.17	1803.29	
1867.26	1875.4	1785.01	
1829.48	1871.72	1764.41	
1781.35	1871.89	1721.5	
1747.91	1883.67	1695.67	
1731.67	1897.41	1679.23	
1738.03	1928.6	1691.7	
1760.14	1964.57	1708.25	
1789.89	2004	1738.04	
1802.72	2035.87	1751.59	
1794.41	2073.61	1761.44	
1770.97	2116.62	1768.05	
1757.23	2150.98	1760.21	
1742.61	2185.84	1752.29	
1722.08	2217.99	1740.96	
1697.99	2251.04	1722.23	
1673.41	2288.47	1699.48	
1637.63	2328.68	1678.4	
1616.72	2365.95	1657.41	
1608.44	2406.28	1633.14	
1616.05	2470.36	1623.97	
1663.96	2603.87	1659	
1842.54	2976.23	1821.18	
2165.51	3621.23	2142.06	
2630.81	4580.53	2627.04	
3178.24	5793.41	3194.65	
3495.64	6572.38	3522.25	
3571.52	6802.33	3591.62	
3560.68	6895.07	3597.52	
3552.25	6970.89	3579.7	
3502.81	7171.65	3518.72	
3320.94	7851.27	3321.77	
3014.92	8973.58	2979.16	
2574.89	9396.14	2514.32	
2365.59	9665.17	2259.1	
1832.48	1464.58	1920.18	
1840.75	1477.08	1913.35	
1861.21	1503.17	1906.09	
1879.49	1518.88	1871.11	
1904.67	1532.98	1849.59	
1947.6	1537.27	1831.38	
2081.63	1560.77	1815.19	
2500.78	1611.34	1797.59	
2655.18	1699.85	1802.37	
2598.43	1798.16	1829.4	
2167.88	1870.34	1865.89	
2056.5	1901.84	1874.75	
2013.81	1924.58	1874.98	
1981.18	1944.07	1868.05	
1949.17	1943.12	1862.39	
1908.03	1927.22	1841.96	
1868.02	1920.87	1827.13	
1837.69	1933.49	1815.5	
1811.11	1954.85	1810.58	
1807.1	1978.97	1800.88	
1823.93	2008.55	1802.61	
1845.23	2029.28	1789.42	
1858.81	2055.93	1785.41	
1834.31	2092.23	1783.56	
1810.11	2129.8	1778.87	
1799.27	2161.43	1772.61	
1783.32	2189.49	1758.1	
1766.66	2219.83	1751.87	
1746.79	2250.23	1723.21	
1714.75	2291.44	1710.62	
1681.89	2331.13	1698.15	
1658.86	2362.1	1694.24	
1652.15	2401.99	1678.23	
1663.11	2480.32	1685.8	
1808.99	2782.3	1819.86	
2250.21	3600.8	2253.26	
2921.24	4835.01	2925.32	
3344.45	5695.36	3359.13	
3547.25	6265.53	3571.9	
3620.91	6634.84	3653.99	
3618.62	6779.92	3667.17	
3625.51	6850.63	3658.52	
3620.81	6928.51	3649.43	
3592.8	7191.79	3618.46	
3470.88	8148.58	3464.81	
3188.51	9941.09	3136.12	
2996.97	11475.2	2888.91	
2952.32	11919.2	2831.94	
1865.33	1436.89	1904.35	
1872.96	1455.79	1920.85	
1882.99	1482.74	1907.38	
1902.38	1516.86	1900.1	
1931.19	1536.32	1885.49	
1983.08	1555.47	1877.77	
2171.59	1582.35	1867.85	
2814.89	1661.19	1852.56	
3954.33	1779.35	1846.17	
2702.16	1861.92	1898.24	
2202.56	1910.93	1914.8	
2091.23	1932.76	1911.2	
2055.12	1955.86	1906.64	
2015.68	1964.96	1901.76	
1982.28	1960.62	1899.72	
1953.1	1952.1	1900.16	
1922.27	1950.53	1894.77	
1886.29	1953.36	1890.86	
1856.65	1982.72	1881.66	
1833.58	2007.61	1867.17	
1848.47	2025.71	1847.16	
1867.72	2044.53	1832.25	
1870.63	2067.17	1819.55	
1862.03	2101.64	1805.21	
1857.29	2136.44	1792.45	
1840.57	2165.61	1781.22	
1830.39	2191.17	1771.71	
1812.91	2213.83	1747.47	
1787.98	2250.9	1736.62	
1752.89	2296.14	1715.7	
1731.73	2332.7	1718.14	
1718.72	2366.7	1724.65	
1715.82	2420.41	1739.49	
1764.43	2568.68	1790.18	
2009.02	3045.4	2030.01	
2724.82	4326.99	2738.19	
3442.08	5640.37	3456.58	
3741.53	6258.79	3764.44	
3790.48	6480.62	3820.45	
3759.92	6616.73	3802.37	
3728.88	6716.53	3767.23	
3694.93	6802.24	3729.65	
3666.49	6905.55	3708.1	
3675.77	7205.21	3697.89	
3662.94	8577.57	3650.21	
3559.81	10774.8	3494.33	
3468.49	12456.3	3368.8	
3235.41	13195.5	3105.33	
1897.43	1414.03	1895.81	
1903.08	1434.07	1897.75	
1912.32	1464	1910.25	
1929.69	1504.7	1920.51	
1957.79	1543.99	1928.52	
2028.99	1568.63	1927.88	
2265.29	1623.28	1922.19	
2905.72	1726.78	1925.68	
2871.2	1824.77	1945.79	
2608.6	1891.32	1958.18	
2210.95	1925.46	1954.63	
2113.84	1949.02	1947.43	
2070.45	1960.8	1935.29	
2035.47	1958.41	1932.58	
2002.3	1957	1932.04	
1970.98	1956.49	1932.49	
1941.09	1946.2	1931.68	
1907.72	1961.4	1925.7	
1870.24	1988.45	1910.87	
1857.25	2013.69	1898.83	
1853.19	2033.9	1881.32	
1871.06	2052.78	1870.06	
1876.94	2077.5	1854	
1882.08	2106.63	1836.4	
1878.12	2138.58	1819.7	
1879.51	2165.17	1798.14	
1868.32	2189.39	1780	
1857.13	2216.27	1765.22	
1817.44	2248.97	1752.97	
1791.5	2293.29	1740.63	
1777.81	2335.46	1730.44	
1782.46	2390.7	1768.13	
1827.32	2515.96	1832.75	
2040.6	2913.25	2059.08	
2508.88	3741.22	2526.34	
3185.44	4983.65	3199.49	
3732.5	6039.25	3746.55	
3877.93	6387.95	3893.03	
3891.4	6502.76	3923.57	
3883.47	6566.66	3916.39	
3856.51	6628.84	3887.29	
3815.35	6726.53	3836.52	
3798.6	6882.61	3816.27	
3783.31	7324.39	3800.27	
3844.88	8844.52	3831.12	
3967.2	11396.3	3902.89	
3775.55	12675.9	3684.77	
3855.31	12849.4	3773.3	
1933.37	1401.23	1878.92	
1938.33	1415.78	1891.95	
1939.34	1445.14	1914.09	
1956.16	1488.3	1936.77	
1986.38	1528.44	1949.79	
2069.35	1586.63	1963.54	
2314.54	1676.84	1980.49	
2366.9	1766.87	1997.98	
2337.85	1840.04	2009.08	
2275.38	1889.5	2000.7	
2221.34	1927.44	1995.04	
2125.04	1942.07	1980.8	
2083.23	1944.17	1974.24	
2050.74	1942.58	1966.72	
2014.48	1940.39	1964.23	
1982.49	1938.12	1963.18	
1950.82	1939.53	1960.2	
1913.66	1955.2	1950.3	
1885.01	1984.14	1939.86	
1868.69	2014.23	1924.44	
1867.86	2036.41	1915.37	
1860.65	2058.74	1902.2	
1873.81	2085.13	1885.06	
1888.31	2110.29	1867.54	
1884.56	2138.81	1845.87	
1882.68	2166.44	1825.26	
1884.52	2191.61	1806.44	
1870.6	2217.68	1792.07	
1855.33	2246.68	1777.82	
1822.48	2288.58	1766.16	
1811.71	2338	1772.66	
1852.93	2439.74	1814.93	
2087.35	2842.98	2070.21	
2546.74	3598.39	2543.15	
3247.91	4765.09	3250.6	
3720.73	5672.3	3723.95	
3905.63	6195.2	3914.81	
3952.15	6398.28	3968.18	
3954.94	6471.14	3973.67	
3954.92	6523.06	3975.7	
3955.16	6569.59	3951.4	
3957.74	6624.24	3949.52	
3949.48	6837.4	3946.35	
3992.9	7680.76	3994.04	
4101.41	9483.13	4085.11	
4149.3	11601.6	4094.2	
4310.88	12326	4245.94	
4299.35	12484.8	4253.39	
1976.99	1397.51	1883.37	
1960.83	1402.75	1909.53	
1964.9	1424.48	1934.51	
1977.22	1458.92	1952.87	
2018.03	1507.94	1973.97	
2108.1	1595.4	1993.79	
2170.66	1712.07	2019.82	
2204.54	1784.47	2033.18	
2200.49	1833.27	2034.59	
2193.92	1882.38	2030.57	
2162.58	1907.4	2019.2	
2137.2	1922.81	2014.26	
2092.01	1922.11	2007.85	
2053.68	1913.46	2002.36	
2025.15	1911.41	1997.99	
1992.08	1912.53	1993.14	
1950.9	1930.74	1986.33	
1919.87	1945.24	1980.15	
1898.22	1977.98	1968.45	
1876.18	2013.02	1957.08	
1856.75	2037.23	1947.66	
1857.75	2061.89	1931.77	
1863.58	2087.97	1911.21	
1873.74	2113.84	1890.94	
1880.6	2138.92	1872.33	
1877.3	2168.38	1857.32	
1880.44	2195.49	1844.99	
1876.55	2220	1832.79	
1872.08	2249.74	1822.72	
1858.4	2287.63	1813.19	
1862.36	2354.33	1822.19	
1952.37	2540.76	1914.96	
2412.82	3269.41	2373.58	
3257.25	4595.48	3237.08	
3799.21	5495.17	3781.52	
4050.52	6020.21	4043.77	
4077.22	6243.59	4077.48	
4050.43	6347.73	4061.37	
4012.85	6427.11	4030.6	
4021.43	6479.51	3998.09	
4028.96	6525.59	3994.62	
4020.99	6594.03	4001.05	
4041.87	6804.65	4033.39	
4163.46	7964.57	4156.07	
4403.3	10307.3	4382.53	
4556.32	11562.8	4523	
4593.29	12067.4	4568.16	
4612.6	12208.1	4583.28	
1967.11	1375.92	1930.05	
1979.35	1389.52	1942.33	
1972.27	1405.25	1970.05	
1994.97	1424.26	1984.11	
2033.48	1481.48	2006.03	
2106.88	1613.21	2030.1	
2148.72	1723.98	2039.75	
2161.62	1785.69	2048.12	
2182.14	1826.39	2052.36	
2168.45	1858	2052.18	
2145.31	1886.11	2045.95	
2118.15	1891.35	2039.16	
2092.4	1892.77	2034.89	
2059.18	1887.58	2030.82	
2026.21	1875.32	2024.97	
1993.95	1898.49	2021.38	
1955.84	1918.5	2015.92	
1927.31	1944.73	2009.75	
1908.25	1976.18	2000.49	
1889	2010.44	1990.85	
1866.81	2038.33	1977.01	
1855.53	2062.86	1956.74	
1858.9	2087.78	1936.09	
1867.61	2112.6	1916.19	
1869.4	2140.39	1902.86	
1875.24	2168.42	1890.74	
1871.03	2200.17	1881.14	
1884.37	2227.1	1875.11	
1883.46	2255.55	1879.47	
1928.01	2334.01	1903.74	
2009.78	2484.99	1966.64	
2256.52	2902.66	2215.34	
2821.54	3806.6	2782.01	
3698.13	5180.93	3657.08	
4112.27	5884.9	4090.45	
4201.81	6105.19	4178.86	
4207.95	6197.18	4199.79	
4173.57	6284.18	4158.49	
4133.34	6355.72	4109.76	
4100.94	6416.9	4072.2	
4076.57	6494.04	4045.84	
4071.98	6573.5	4052.9	
4112.42	6846.04	4103.81	
4302.14	8136.35	4295.79	
4652.57	10484.5	4638.39	
4859.83	11582.8	4850.84	
4869.14	11858	4859.75	
4876.88	11910.5	4868.05	
1951.79	1351.27	1981.97	
1966.89	1365.43	1991.66	
1996.66	1381.67	1997.76	
1996.7	1408.71	2024.63	
2046.47	1470.43	2035.49	
2116.93	1606.06	2052.85	
2162.08	1729.45	2067.87	
2174.69	1780.98	2071.84	
2176.04	1810.88	2077.07	
2170.35	1839.64	2076.19	
2143.49	1857.23	2075.22	
2113.45	1861.96	2068.55	
2083.6	1860.29	2061.34	
2057.26	1861.35	2055.71	
2028.24	1871.01	2053.67	
1994.1	1883.29	2050.56	
1963.25	1913.66	2045.98	
1937.99	1947.77	2037.2	
1921.25	1978.66	2031.2	
1910.29	2010.46	2010.92	
1897.22	2040.26	1992.3	
1885.65	2060.86	1980.86	
1877.27	2083.99	1961.54	
1860.31	2110.69	1946.09	
1864.3	2140.05	1930.52	
1859.93	2174.57	1916.99	
1870.63	2202.61	1909.96	
1869.75	2230.61	1912.58	
1920.6	2284.66	1935.47	
2055.39	2468.35	2049	
2436.47	2989.88	2403.19	
2930.01	3715.58	2879.57	
3565.68	4741.13	3517.68	
4006.7	5540.17	3962.39	
4242.81	5989.01	4200.17	
4274.86	6100.71	4251.79	
4289.76	6164.57	4240.22	
4272.86	6225.33	4230.39	
4248.47	6277.05	4211.76	
4201.82	6336.57	4182.97	
4160.23	6417.32	4153.68	
4164.63	6566.93	4160.1	
4220.58	6967.48	4216.2	
4489.49	8358.95	4486.94	
4887.31	10509.1	4889.71	
5019.74	11529	5025.81	
5085.62	11649.1	5097.39	
5120.74	11696.9	5119.81	
1961.08	1322.18	2022.61	
1980.65	1335.04	2024.06	
2000.72	1359.95	2039.5	
2031.28	1396.67	2042.69	
2071.71	1463.03	2058.45	
2135.64	1586.44	2079.32	
2185.62	1711.4	2099.47	
2200.5	1770.91	2108.09	
2197.68	1798.86	2109.54	
2184.74	1822.8	2109.91	
2151.1	1828.07	2106.54	
2108.31	1833.11	2099.6	
2080.68	1838.78	2092.99	
2056.13	1846.5	2089.31	
2028.97	1854.64	2084.55	
1998.78	1879.58	2081.08	
1972.85	1912.75	2070.77	
1956.2	1950.28	2061.13	
1948.92	1982.06	2040.12	
1940.5	2009.64	2017.48	
1933.27	2035.86	2006.11	
1925.71	2059.2	1990.23	
1905.87	2082.49	1981.55	
1889.28	2109.96	1966.07	
1864.58	2144.11	1950.22	
1862.09	2179.66	1939.39	
1847.33	2208.97	1937.92	
1880.48	2236.18	1943.55	
1963.24	2340.45	2002.61	
2309.09	2767.4	2308.46	
3013.28	3683.21	2978.81	
3834.06	4804.73	3772.59	
4198.67	5429.05	4136.82	
4328.52	5814.48	4275.3	
4335.85	6000.23	4287.86	
4354.06	6078.24	4283.82	
4337.6	6137.34	4278.68	
4331.88	6188.3	4272.38	
4303.27	6223.3	4285.97	
4283.33	6260.31	4289.94	
4270.08	6313.69	4296.14	
4281.2	6506.87	4306.9	
4432.64	7304.35	4434.86	
4747.12	8860.48	4745.64	
5108.22	10635.1	5121.39	
5243.53	11342.7	5259.3	
5238.11	11526.6	5250.46	
5229.3	11569.7	5253.73	
1979.48	1290.04	2036.62	
2000.28	1306.05	2046.5	
2034.63	1336.17	2053.01	
2062.61	1375.34	2064.04	
2105.58	1442.95	2078.46	
2168.02	1572.56	2111.36	
2214.13	1685.7	2131.75	
2235.64	1750.66	2139.88	
2232.65	1791.76	2140.32	
2202.06	1793.98	2142.98	
2154.24	1808.52	2135.27	
2111.64	1816.63	2131.28	
2077.9	1826.05	2129.04	
2054.32	1833.72	2123.3	
2032.81	1849.36	2118.48	
2013.32	1881.58	2109.62	
2000.48	1917.73	2095.63	
1993.04	1949.82	2074.95	
1985.2	1980.12	2049.11	
1978.02	2007.96	2026.57	
1965.99	2034.36	2004.73	
1952.27	2058.97	1998.12	
1942.74	2082.76	1983.71	
1922.46	2113.44	1973.03	
1905.83	2150.95	1968.23	
1878.01	2193.97	1969.29	
1880.27	2229.6	1975.68	
1912.9	2278.84	1999.19	
2089.29	2480.04	2141.48	
2631.15	3152.82	2640.32	
3640.36	4423.81	3585.26	
4305.01	5327.6	4231.03	
4531.59	5712.08	4455.26	
4521.36	5852.23	4455.41	
4489.02	5941.17	4415.1	
4426.81	6034.4	4359.56	
4385.62	6105.96	4328.03	
4361.48	6148.72	4330.37	
4340.1	6184.09	4337.96	
4321.81	6220.84	4354.38	
4320.95	6272.2	4368.79	
4376.45	6478.48	4406	
4608.51	7540.89	4622.95	
5094.24	9649.58	5089.19	
5345.93	10756.9	5352.32	
5444.91	11199.8	5468.51	
5469.39	11306.8	5496.21	
5468.78	11330	5497.76	
2011.23	1261.08	2052.46	
2036.45	1278.58	2048.81	
2069.3	1306.19	2059.77	
2104.22	1344.25	2082.1	
2142.14	1429.6	2111.09	
2204.81	1556.8	2140.11	
2256.81	1659.42	2160.67	
2264.55	1728.4	2167.34	
2256.9	1756.81	2171.05	
2212.57	1774.33	2168.04	
2160.9	1786.83	2166.33	
2115.74	1802.15	2161.46	
2077.74	1813.99	2159.94	
2053.52	1828.77	2157.84	
2043.61	1857.52	2154.7	
2037.83	1888.93	2139.88	
2034.94	1920.74	2118.76	
2029.79	1950.78	2085.56	
2020.27	1979.12	2059.56	
2009.92	2007.16	2034.37	
1997.1	2034.7	2014.02	
1986.8	2061.51	1995.78	
1974.83	2087.09	1989.45	
1968.96	2116.02	1982.81	
1962.01	2174.23	1999.99	
1983.21	2261.65	2052.26	
2067.16	2393.23	2148.64	
2211.65	2573.27	2284.46	
2468.73	2887.17	2522.01	
3183.99	3755.7	3181.3	
4081.86	4912.67	4023.06	
4545.07	5549.38	4451.27	
4628.92	5737.52	4544.34	
4636.46	5811.51	4548.92	
4595.54	5876.21	4525.98	
4527.16	5963.86	4474.15	
4455.32	6037.53	4428.4	
4394.35	6098.52	4394.76	
4368.52	6152.76	4387.62	
4366.06	6205.8	4391.46	
4378.92	6267.96	4402	
4437.84	6500.23	4472.89	
4778.84	7786.41	4798.3	
5303.45	9922.02	5300.89	
5555.42	10895.1	5545.09	
5607.99	11082.6	5618.56	
5641.09	11132	5679.51	
5654.97	11172.3	5680.36	
2071.52	1234.97	2062.47	
2079.54	1249.45	2073.57	
2103.53	1277.13	2074.66	
2137.5	1320.68	2105.25	
2180.17	1403.39	2141.98	
2235.57	1538.03	2178.64	
2277.77	1645.11	2188.96	
2291.88	1693.3	2196.47	
2264.3	1721.59	2201.57	
2221.59	1746.84	2200.68	
2170.62	1766.74	2195.18	
2121.5	1781.71	2191.41	
2084.77	1800.33	2189.51	
2064.41	1829.91	2190.21	
2060.37	1863.08	2177.24	
2059.17	1898.29	2162.89	
2061.51	1923.55	2125.37	
2054.91	1949.09	2096.28	
2050.21	1976.82	2070.6	
2041.07	2006.7	2041.84	
2032	2038.08	2016.34	
2022.75	2066.37	1997.65	
2017.4	2092.31	1989.07	
2018.96	2131.42	2007.51	
2066.93	2231.21	2079.02	
2314.14	2543.92	2342.05	
2724.66	3026.11	2757.22	
3191.1	3554.8	3208.36	
3608.42	4045.66	3602.31	
4007.42	4581.08	3973.41	
4476.93	5266.73	4406.5	
4660.79	5614.06	4572.43	
4693.24	5725.88	4587.8	
4675.88	5778.4	4596.89	
4651.85	5842.77	4585.48	
4594.47	5895.23	4567.45	
4538.74	5957.19	4538.19	
4475.02	6025.63	4497.34	
4431.51	6099.24	4459.62	
4424.33	6178.03	4446.41	
4458.33	6292.16	4484.58	
4562.62	6686.46	4588.42	
4943.64	8011.38	4963.44	
5510.02	10040.8	5507.21	
5687.06	10859.8	5676.8	
5715.67	11012.8	5705.17	
5718.84	11065	5735.36	
5729.84	11096.8	5747.5	
2107.79	1198.86	2100.96	
2124.17	1220.9	2113.29	
2146.4	1249.64	2118.14	
2173.86	1293.72	2136.88	
2211.77	1383.25	2176.75	
2262.16	1530.88	2211.3	
2285.55	1623.01	2229.41	
2289.59	1658.91	2233.02	
2273.41	1686.22	2235.38	
2229.52	1716.39	2236.3	
2181.04	1744.66	2231.97	
2139.03	1764.93	2225.86	
2106.48	1795.95	2219.53	
2097.22	1832.9	2206.99	
2088.49	1867.72	2191.97	
2089.11	1898.75	2163.33	
2086.23	1926.36	2136.06	
2087.79	1949.4	2109.37	
2076.51	1974.43	2086.53	
2067.8	2009.56	2053.68	
2062.71	2043.87	2017.97	
2054.27	2074.07	1998.15	
2058.63	2103.94	1995.1	
2091.06	2168.28	2052.52	
2293.49	2418.83	2280.87	
2830.25	3029.77	2826.85	
3744.65	4034.28	3721.57	
4320.03	4680.96	4279.76	
4604.74	5023.77	4544.19	
4732.4	5237.6	4662.48	
4772.74	5428.38	4693.65	
4756.15	5617.45	4673.9	
4728	5696.23	4656.71	
4695.61	5755.69	4640.06	
4652.99	5810.25	4632.31	
4639.21	5857.89	4621.83	
4597.59	5896.01	4615.23	
4566.51	5945.44	4610.41	
4535.31	6008.83	4582.22	
4530.71	6074.65	4578.18	
4573.32	6340.43	4610.04	
4830.07	7207.43	4852.46	
5274.73	8631.32	5284.3	
5696.64	10091.7	5693.46	
5842.08	10761.6	5832.91	
5842.3	10908.7	5836.9	
5834.6	10954.7	5822.84	
5844.09	10962.1	5849.29	
2125.62	1167.86	2140.29	
2158.75	1193.42	2138.41	
2185.28	1225.06	2159.83	
2205.72	1275.55	2183.88	
2252.56	1387.49	2214.08	
2292.27	1520.46	2251.01	
2307.27	1593.53	2274.46	
2296.58	1625.51	2279.96	
2275.86	1653.92	2279.24	
2242.64	1690.73	2273.01	
2200.91	1723.8	2269.52	
2170.48	1756.76	2262.5	
2153.02	1794.57	2245.27	
2136.96	1833	2225.79	
2134.87	1871.08	2197.05	
2127.11	1901.68	2174.53	
2123.51	1927.99	2148.13	
2115.2	1953.34	2133.48	
2110.56	1982.94	2107.51	
2094.23	2018.95	2073.59	
2083.35	2058.98	2034.66	
2092.79	2093.68	2008.18	
2120.46	2140.21	2049.31	
2244.31	2292.57	2184.93	
2655.02	2756.35	2621.06	
3571.79	3764.82	3555.53	
4400.45	4682.74	4369.6	
4829.98	5166.06	4768.73	
4935.32	5317.47	4867.22	
4958.64	5390.59	4879.05	
4915.06	5468.03	4852.43	
4853.48	5556.31	4800.41	
4776.66	5654.75	4742.93	
4700.74	5722.78	4702.78	
4668.88	5779.38	4678.62	
4641.23	5818.1	4674.57	
4636.75	5859.61	4670.71	
4618.58	5897.87	4673.21	
4614.61	5932.11	4685.32	
4621.45	6008.57	4684.7	
4711.11	6419.48	4756.96	
5133.57	7788.41	5154.33	
5692.13	9437.48	5693.37	
5924.19	10261.7	5919.17	
6025.61	10589.2	6020.36	
6069.87	10686.9	6060.79	
6077.9	10716.1	6066.77	
6062.6	10749.9	6045.62	
2172.19	1142.61	2176.44	
2179.33	1166.16	2180.56	
2204.17	1196.68	2201	
2242.26	1266.34	2224.48	
2300.4	1396.89	2269.15	
2340.61	1506	2304.47	
2343.44	1563.51	2317.15	
2326.96	1599.6	2326.25	
2291.71	1631.77	2326.43	
2262.77	1670.1	2317.06	
2237.91	1711.96	2302.41	
2217.53	1753.39	2287.1	
2195.53	1793.63	2267.76	
2181.82	1831.85	2239.68	
2169.41	1870.69	2216.48	
2164.26	1909.27	2188.58	
2152.05	1936.73	2177.41	
2140.55	1965.44	2165.09	
2146.81	2008.13	2154.64	
2164.61	2079.02	2141.88	
2175.22	2134.41	2123.59	
2205.95	2182.69	2138.64	
2313.13	2304.62	2232.01	
2618.23	2636.77	2555.29	
3315.63	3393.59	3277.91	
4212.48	4386.18	4194.94	
4802.63	5061.68	4781.85	
4972.6	5283.02	4930.71	
5013.41	5358.59	4946.62	
4992.96	5406.63	4945.58	
4968.48	5454.39	4928.91	
4920.81	5507.65	4901.72	
4840.97	5583.28	4848.04	
4746.06	5681.58	4773.57	
4677.99	5736.66	4739.49	
4668	5787.26	4721.34	
4649.22	5827.27	4718.52	
4654.29	5870.45	4719.07	
4653.28	5910.22	4720.35	
4680.54	6014.36	4744.44	
4859.32	6557.97	4905.8	
5408.82	8240.57	5422.43	
5939.61	9864.16	5935.67	
6135.04	10358.8	6129.33	
6177.02	10478.2	6169.62	
6212.09	10539.2	6200.31	
6231	10581.2	6209.95	
6232.51	10607.3	6207.43	
2216.67	1096.21	2245.39	
2220.69	1120.73	2250.63	
2238.66	1170.96	2250.7	
2278.7	1266.56	2279.32	
2337.21	1399.49	2329.46	
2383.83	1492.13	2351.67	
2380.41	1541.76	2360.23	
2352.76	1578.58	2372.16	
2328.19	1615.9	2375.24	
2306.08	1655.58	2359.58	
2287.68	1700.14	2332.79	
2261.13	1750.75	2304.06	
2240.42	1792.46	2277.73	
2218.46	1829.32	2262.8	
2197.71	1874.16	2234.44	
2179.61	1917.34	2219.6	
2167.46	1955.74	2216.43	
2185.64	2001.66	2231.52	
2236.48	2096.33	2271.05	
2373.88	2275.04	2385.73	
2639.05	2536.14	2604.99	
2851.49	2757.8	2797.74	
3045.22	2966.4	2980.99	
3480.13	3430.01	3413.44	
4169.36	4188.84	4133.04	
4737.09	4857.71	4728.87	
4976.24	5192.74	4966.03	
5030.24	5311.02	5008.13	
5018.28	5357.5	5003.36	
4999.71	5397.44	4991.53	
4977.25	5435.69	4980.3	
4950.25	5473.99	4966.95	
4901.97	5532.19	4933.34	
4816.92	5611.73	4875.14	
4748.45	5694.79	4810.45	
4707.9	5752.37	4771.65	
4690.42	5803.05	4754.93	
4679.8	5847.29	4751.84	
4702.8	5917.32	4762.5	
4761.35	6094.42	4815.85	
5049.22	6808.31	5075.75	
5674.88	8583.65	5665.62	
6121.31	9983.92	6105.33	
6236.15	10368.2	6228.64	
6267.12	10438.9	6253.28	
6279.27	10484	6247.33	
6293.63	10528.1	6252.2	
6293.05	10564.9	6275.37	
2259.63	1041.87	2299.95	
2278.28	1083.64	2309.23	
2295.67	1158.16	2322.64	
2338.6	1265.63	2348.98	
2381.46	1407.2	2390.79	
2389.42	1480.95	2416.79	
2399.27	1518.84	2422.73	
2384.65	1559.84	2418.41	
2369.22	1603.17	2405.89	
2354.62	1645.88	2384.67	
2333.61	1693.38	2351.79	
2311.13	1743.75	2322.23	
2286.49	1787.24	2302.23	
2254.56	1832.76	2276.35	
2213.21	1889.8	2292.09	
2194.23	1952.52	2289.84	
2216.11	2019.57	2328.6	
2296.22	2134.61	2416.89	
2524.29	2406.1	2668.13	
2986.46	2821.85	3037.17	
3638.42	3437.67	3630.7	
4228.89	3999.21	4180.24	
4512.45	4292.73	4456.56	
4676.18	4497.39	4621.31	
4888.61	4798.44	4842.59	
5037.67	5081.26	5019.36	
5061.62	5239.95	5066.44	
5048.78	5310.36	5065.33	
5023.56	5349.26	5059.08	
5005.37	5382.66	5042.82	
4986.6	5414.76	5032.72	
4963.61	5455.8	5011.04	
4930.79	5501.1	4993.41	
4900.66	5556.05	4964.54	
4848.23	5624.96	4910.45	
4789.63	5701.99	4843.77	
4748.65	5759.58	4795.92	
4744.85	5812.61	4792.13	
4783.39	5960.77	4836.41	
4967.45	6377.97	5003.64	
5351.86	7314.15	5357.47	
5990.73	8899.81	5937.01	
6306.92	10001.3	6260.06	
6345.13	10316.2	6312.41	
6344.73	10398.3	6309.45	
6344.21	10439.1	6293.15	
6333.9	10482.4	6304.69	
6343.59	10508	6311.95	
2322.55	1024.63	2345.41	
2329.12	1062.23	2357.32	
2374.32	1139.31	2386.01	
2410.24	1285.15	2429.21	
2429.11	1400.34	2460.63	
2434.04	1456.77	2479.73	
2424.1	1502.54	2480.68	
2419.41	1547.01	2452.16	
2410.91	1594.32	2419.91	
2402.2	1640.95	2398.89	
2385.16	1687.04	2377.78	
2361.39	1738.97	2347.97	
2324.95	1791.76	2322.13	
2295.07	1841.4	2328.2	
2264.7	1931.68	2372.38	
2249.89	2121.23	2602.61	
2397.12	2346.52	2814.88	
2646.95	2641.65	3103.63	
3246.1	3069.72	3438.09	
4061.38	3793.84	4135.22	
4667.68	4358.51	4673.6	
5051.92	4737.75	5024.36	
5218.25	4912.7	5161.96	
5246.49	4980.78	5191.82	
5228.62	5043.26	5174.27	
5165.74	5152.23	5133.74	
5108.97	5247.95	5123.69	
5069.86	5297.22	5119.08	
5043.45	5338.68	5097.19	
5015.95	5367.82	5094.62	
5001.39	5402.8	5068.33	
4977.61	5443.18	5047.6	
4960.93	5483.09	5034.42	
4942.36	5526.77	5013.25	
4927.73	5575.54	4974.91	
4891.55	5629.2	4929.43	
4865.44	5678.68	4894.81	
4842.79	5759.68	4866.72	
4915.86	5977.01	4933.17	
5262.07	6812.25	5271.21	
5873.56	8220.32	5853.97	
6307	9329.88	6246.13	
6523.24	9944.72	6419.03	
6519.3	10184.7	6458.64	
6489.46	10284	6438.11	
6467.26	10335.9	6427.49	
6455.83	10364.9	6415.53	
6453.49	10381.2	6427.07	
2400.6	993.431	2412.31	
2417.28	1036	2413.67	
2438.02	1142.49	2448.4	
2476.73	1294.91	2497.61	
2487.01	1379.93	2517.12	
2485.82	1434.91	2523.11	
2474.79	1483.69	2498.79	
2460.04	1539.49	2478.68	
2457.95	1589.69	2435.83	
2449.89	1637.98	2419.93	
2435.6	1690.39	2399.4	
2416.63	1753.38	2396.81	
2395.52	1817.27	2395.21	
2394.31	1898.4	2430.61	
2465.34	2094.62	2634.26	
2608.07	2502.28	3124.81	
2698.26	3069.21	3907.84	
3669.61	3599.29	4222.94	
4386.03	4096.75	4598.7	
4866.47	4498	4933.36	
5186.48	4810.9	5203.31	
5298.98	4942.82	5288.16	
5333.96	5011.11	5302.72	
5350.67	5052.3	5283.17	
5308.66	5095.05	5257.13	
5237.79	5166.97	5205.17	
5161.39	5237.2	5161.75	
5110.69	5287.67	5136.63	
5074.53	5324.35	5131.63	
5049.69	5359.48	5108.49	
5019.69	5396.99	5094.32	
5007.04	5432.39	5079.55	
4992.94	5469.33	5061.9	
4984.21	5506.55	5037.75	
4977.28	5539.82	5016.48	
4978.71	5569.76	4997.4	
4980.43	5607.16	4980.16	
4993.48	5688.7	4974.74	
5077.13	6022.24	5060.35	
5534.09	7201.76	5512.67	
6270.16	8901.02	6224.07	
6598.92	9670.86	6536.28	
6679.55	9912.56	6611.74	
6714.79	10024.6	6637.47	
6702.02	10091.3	6644.48	
6697.15	10126	6652.95	
6686.91	10153.4	6662.24	
6671.93	10173.2	6657.7	
2481.61	930.625	2477.36	
2501.37	1026.01	2512.55	
2519.58	1172.36	2524.06	
2538.28	1292.45	2545.24	
2542.98	1361.04	2559.74	
2540.31	1411.49	2532.49	
2528.09	1478.93	2528.92	
2516.24	1532.66	2492.47	
2501.02	1583.83	2472.74	
2486.01	1646.06	2434.18	
2490.64	1711.58	2451.92	
2545.67	1817.97	2520.59	
2714.87	2038.49	2717.23	
2846.04	2240.86	2903.76	
3056.47	2575.63	3271.31	
3407.48	3205.22	4017.06	
4077.19	3859.57	4645.72	
4615.25	4354.05	5081.85	
5106.95	4674.77	5265.48	
5270.89	4838.6	5336.36	
5335.71	4923.2	5359.3	
5355.77	4986.33	5366.06	
5360.97	5027.36	5343.2	
5351.19	5062.8	5320.11	
5350.03	5105.33	5287.39	
5293.5	5154.55	5255.63	
5219.51	5223	5195.5	
5155.97	5276.06	5155.49	
5124.51	5310.21	5137.99	
5087.09	5349.24	5120.12	
5063.72	5388.31	5096.58	
5043.07	5423.55	5092.04	
5032.37	5456.41	5074.09	
5024.67	5484.78	5066.36	
5021.93	5514.25	5044.31	
5029.71	5545.41	5023.14	
5040.72	5579.94	5006.95	
5082.47	5676.64	5038.04	
5258.41	6158.55	5217.93	
5837.47	7648.48	5791.06	
6483.85	9216.29	6417.77	
6739.65	9778.3	6678.6	
6783.48	9893	6733.88	
6806.82	9942.81	6742.92	
6837.38	9981.18	6755.93	
6817.26	10007.8	6786.26	
6804.73	10032.1	6809.51	
6807.93	10056.5	6814.76	
2552.47	912.119	2589.64	
2575.93	1042.34	2586.73	
2598.87	1200.5	2609.7	
2602.46	1285.55	2596.17	
2603.29	1341.51	2569.73	
2591.87	1402.9	2581.02	
2582.02	1472.99	2546.35	
2567.82	1540.89	2539.72	
2544.75	1599.19	2505.92	
2549.51	1669.56	2512.27	
2633.8	1793.29	2592.36	
2920.58	2090.81	2894.48	
3438.54	2592.04	3444.97	
4102.37	3239.3	4171.14	
4342.42	3585.08	4557.24	
4718.77	3982.56	4925.28	
5106.54	4421.94	5280.27	
5297.54	4688.21	5428.75	
5347.05	4836.87	5464.53	
5389.76	4916.7	5451.24	
5380.66	4962.56	5432.39	
5371.55	4997.74	5399.73	
5363.72	5032.9	5378.9	
5360.18	5067.15	5351.66	
5353.7	5104.2	5321.99	
5339.84	5148.38	5280	
5272.02	5204.07	5232.86	
5220.46	5253.2	5181.97	
5167.98	5300.57	5144.03	
5134.67	5339.49	5115.19	
5106.38	5379.26	5104.79	
5086.24	5416.53	5077.89	
5071.4	5445.41	5086.68	
5062.64	5472.12	5066.54	
5056.26	5497.93	5063.04	
5063.65	5532.05	5034.46	
5084.65	5583.96	5031.34	
5132.8	5710.06	5083.9	
5448.59	6390.99	5389.66	
6152.47	8055.77	6083.24	
6665.74	9379.65	6595.97	
6809.42	9796.09	6742.97	
6841.04	9872.36	6775.11	
6849.77	9906.11	6790.5	
6855.06	9935.65	6811.05	
6857.63	9964.99	6834.22	
6833.53	9995.78	6855.56	
6821.1	10012.7	6871.87	
2661.18	986.202	2677.94	
2662.39	1082.04	2679.59	
2669.51	1197.83	2668.17	
2673.76	1272.78	2646.58	
2661.69	1331.72	2623.83	
2646.9	1398.45	2602.69	
2643.23	1489.35	2618.77	
2668.19	1588.39	2634.12	
2705.39	1681.95	2676.29	
2840.24	1848.82	2812.34	
3141.35	2156.62	3118.07	
3715.68	2698.19	3695.25	
4529.86	3454.31	4540.35	
5092.33	4007.48	5153.85	
5444.12	4340.02	5495.03	
5521.04	4462.38	5569.91	
5556.85	4602.69	5596.24	
5528.15	4767.14	5562.98	
5470.03	4880.37	5504.82	
5429.33	4934.7	5490.63	
5412.39	4972.18	5464.95	
5383.52	5006.56	5439.47	
5372.31	5035.8	5409.32	
5365.45	5069.26	5384.34	
5366.42	5103.15	5353	
5349.22	5144.27	5313.56	
5333.05	5183.27	5268.27	
5273.2	5233.03	5222.9	
5217.9	5288.96	5160.84	
5173.01	5335.44	5120.25	
5140.79	5374.81	5096.35	
5120.35	5410.76	5094.72	
5106.74	5441.2	5062.35	
5096.1	5465.03	5083.94	
5091.21	5489.7	5070.26	
5088.4	5520.77	5059.56	
5109.45	5589.01	5068.82	
5251.35	5868.22	5196.1	
5658.52	6679.62	5592.94	
6450.13	8350.51	6359.03	
6852.92	9448.13	6768.92	
6903.01	9753.62	6821.64	
6895.26	9840.09	6821.01	
6882.26	9869	6840.99	
6861.06	9894.78	6861.28	
6865.42	9932.6	6872.93	
6861.12	9964.18	6893.67	
6866.54	9992.36	6900.81	
2779.84	1028.61	2776.87	
2760.38	1125.52	2769.95	
2747.55	1191.54	2740.62	
2728.37	1268.83	2709.32	
2715.73	1341.89	2674.84	
2714.56	1416.84	2669.9	
2778.22	1542.62	2740.12	
3039.22	1822.8	3019.34	
3414.34	2173.84	3398.97	
3722.55	2465.2	3716.5	
4318.83	3010.48	4323.19	
4907.54	3583.1	4916.55	
5348.31	4052.89	5358.58	
5625.17	4370.13	5643.04	
5709.11	4513.15	5737.95	
5728.31	4581.15	5745.43	
5703.05	4641.52	5716.86	
5618.23	4769.43	5617.5	
5522.36	4888.09	5529.29	
5478.86	4936.82	5483.7	
5445.63	4973.05	5478.99	
5418.43	5010.5	5461.93	
5392.01	5042.88	5444.79	
5383.44	5068.56	5418.39	
5371.2	5102.15	5390.75	
5360.66	5138.21	5351.03	
5344.65	5174.31	5312.89	
5323.86	5217.23	5257.61	
5258.4	5277.96	5197.12	
5201.78	5335.38	5132.64	
5172.22	5375	5110.03	
5150.01	5409.34	5090.24	
5135.83	5439.34	5089.46	
5128.08	5465.77	5071.92	
5117.22	5486.62	5096.89	
5117.67	5522.18	5096.85	
5156.84	5626.39	5127.79	
5379.28	6050.31	5332.45	
6069.92	7296.38	5997.17	
6723.75	8620.44	6631.89	
7043.74	9395.95	6923.73	
7053.87	9628.6	6976.94	
7024.43	9711.8	6977.51	
6972.98	9778.52	6952.34	
6945.54	9818.78	6947.2	
6901.12	9861.1	6943.87	
6917.91	9910.76	6942.92	
6924.77	9955.52	6941.51	
2850.12	1062.39	2851.15	
2845.42	1122.67	2839.66	
2842.21	1226.49	2836.54	
2835.12	1318.58	2819.26	
2837.97	1403.71	2811.33	
2920	1522.82	2883.61	
3174.06	1772.22	3136.79	
3832.9	2353.46	3814.66	
4680.84	3084.14	4691.58	
5224.25	3558.91	5251.45	
5477.98	3806.34	5509.52	
5718.68	4109.46	5754.12	
5810.67	4320.49	5832.36	
5818.62	4467.18	5822.31	
5790.88	4559.97	5799.62	
5772.89	4603.65	5792.89	
5753.63	4652.67	5747.47	
5674.41	4754.61	5662.88	
5582.64	4866.89	5558.27	
5522.99	4933.81	5504.32	
5486.38	4974.7	5474.85	
5453.14	5011.77	5464	
5427.02	5045.63	5461.1	
5395.64	5074.41	5456.88	
5379.98	5102.78	5425.47	
5359.82	5135.16	5394.37	
5358.57	5172.43	5345.78	
5340.24	5213.36	5297.47	
5290.46	5268.35	5235.53	
5231.04	5333.54	5175.02	
5197.46	5379.16	5123.15	
5180.01	5413.82	5106.41	
5165.45	5442.2	5096.18	
5158.01	5471.48	5103.47	
5167.46	5513.14	5121.87	
5187.58	5573.41	5167.63	
5298.41	5774.48	5276.75	
5657.72	6413.62	5619.1	
6398.81	7774.23	6330.83	
7044.55	8942.3	6950.68	
7202.11	9303.92	7119.96	
7240.04	9444.2	7177.63	
7216.55	9522.39	7184.04	
7183.91	9577.44	7167.62	
7119.02	9653.7	7125.22	
7088.7	9715.51	7093.94	
7043.97	9789.62	7050.44	
7068.56	9803.2	7057.22	
2924.29	1038.08	2912.04	
2923.72	1147.6	2930.31	
3013.58	1304.86	3006.29	
3257.32	1577.41	3244.72	
3498.55	1811.91	3483.72	
3752.27	2046.36	3731.08	
4236.02	2465	4211.15	
4937.98	3074.24	4924.05	
5606.9	3697.18	5620.43	
5921.31	4031.3	5957.05	
6002.14	4173.02	6051	
6005.65	4243.25	6049.66	
5971.86	4358	6013.91	
5886.29	4499.65	5899.36	
5845.3	4572.63	5826.33	
5816.85	4615.98	5800.57	
5784.62	4661.1	5772.31	
5733.57	4727.72	5710.76	
5644.14	4833.63	5614.98	
5572.43	4920.82	5521.67	
5523.19	4976.2	5482.85	
5488.26	5016.85	5462.92	
5455.5	5048.59	5460.01	
5422.06	5078.85	5462.06	
5378.52	5108.2	5455.22	
5375.2	5140.5	5418.98	
5361.36	5176.83	5381.9	
5352.77	5213.28	5343.08	
5313.45	5261.52	5291.34	
5254.89	5336.66	5207.88	
5223.02	5393.69	5159.68	
5209.11	5426.55	5127.18	
5202.96	5456.59	5116.97	
5211.12	5491.99	5146.62	
5282.95	5609.89	5233.71	
5489.08	5891.46	5447.73	
5733.7	6251.71	5713.55	
6242.33	7087.3	6212.72	
6856.44	8267.43	6796.19	
7221.9	9018.45	7151.21	
7352.16	9269.65	7283.93	
7359.73	9343.79	7300.99	
7344.3	9397.13	7301.51	
7307.83	9457.98	7294.21	
7284.8	9503.45	7286.42	
7272.99	9560.76	7252.4	
7302.38	9572.61	7248.09	
7300.37	9587.64	7240.39	
3171.34	1235.62	3164.66	
3203.32	1279.26	3195.44	
3481.78	1566.41	3477.18	
4152.44	2116.83	4135.33	
4991.57	2777.42	4972.9	
5407.8	3125.17	5396.98	
5655.57	3367.54	5642.54	
5916.07	3668.5	5903.63	
6096.67	3929.77	6100.29	
6132.23	4136.87	6162.22	
6105.82	4231.43	6149.3	
6078.73	4279.14	6137.82	
6032.89	4353.46	6077.08	
5937.53	4490.69	5953.89	
5873.64	4577.57	5872.54	
5852.48	4622.38	5824.55	
5821.7	4669.94	5789.07	
5773.85	4720.29	5752.16	
5710.31	4799.95	5671.81	
5622.02	4902.27	5573.47	
5556.65	4976.56	5494.73	
5514.56	5023.29	5464.73	
5481.6	5057.63	5454.81	
5448.28	5085.82	5454.08	
5420.16	5115.45	5449.49	
5386.48	5147.91	5438.17	
5379.98	5183.89	5417.62	
5357.81	5219.45	5394.15	
5344.05	5281.51	5340.61	
5310.53	5366.02	5272.39	
5291.3	5439.99	5232.5	
5293.67	5495.81	5220.28	
5314.56	5541.79	5236.4	
5367.95	5620.01	5292.84	
5578.38	5878.7	5524.11	
6112.03	6541.01	6081.39	
6739.78	7360.1	6717.22	
7080.53	7940.1	7061.48	
7363.26	8581.98	7330.69	
7458.42	9020.57	7409.73	
7448.01	9216.71	7389.26	
7425.67	9301.06	7354.02	
7393.05	9352.09	7349.32	
7359.05	9397.13	7351.71	
7365.45	9437.06	7347.94	
7384.93	9458.74	7353.35	
7408.9	9478.09	7347.11	
7424.76	9494.82	7333.73	
4357.09	1992.38	4334.64	
4503.33	2111.07	4479.45	
4688.93	2274.43	4665.53	
5371.33	2847.49	5347.23	
6012.17	3394.07	5982.71	
6303.57	3692.15	6279.98	
6353.72	3802.99	6350.98	
6360.3	3880.71	6358.73	
6305.27	4013.97	6305.37	
6219.83	4161	6226.57	
6157.92	4248.5	6193.03	
6120.98	4291.71	6169.37	
6082.13	4348.39	6115.63	
5993.76	4460.15	6012.85	
5906.07	4567.71	5924.99	
5859.76	4633.48	5867.56	
5835.35	4676.85	5826.69	
5815.11	4723.4	5780.87	
5768.09	4778.42	5732.36	
5673.15	4878.6	5633.39	
5576.05	4987.72	5526.11	
5535.81	5037.57	5481.45	
5511.42	5068.64	5461.99	
5485.02	5099.42	5458.18	
5457.14	5126.51	5443	
5420.69	5155.16	5446.6	
5380.04	5193.26	5451.34	
5412.65	5261.32	5459.06	
5458.75	5368.04	5475.98	
5529.13	5525.26	5506.71	
5591.05	5677.02	5542.34	
5730.84	5868.95	5680.04	
5910.74	6077.57	5858.69	
6088.15	6277.21	6036.63	
6358.94	6601.3	6317.81	
6951.86	7334.57	6939.09	
7474.17	8105.27	7477.36	
7700.3	8520.38	7695.56	
7728.84	8718.58	7718.29	
7685.15	8921.31	7659.86	
7552.44	9141.46	7502.4	
7473.93	9249.76	7434.07	
7414.61	9313.97	7399.14	
7408.74	9357.43	7393.08	
7413.42	9391	7390.12	
7427.72	9422.78	7382.15	
7425.57	9451.24	7390.08	
7430.22	9470.51	7396.67	
5994.29	2975.78	5953.35	
6239.34	3164	6195.66	
6322.23	3264.45	6278.12	
6369.38	3376.33	6329.78	
6493.31	3622.95	6455.82	
6528.46	3800.11	6497.15	
6506.28	3872.08	6486.84	
6452.36	3930.97	6463.34	
6390.79	4029.73	6382.47	
6288.92	4165.28	6271.58	
6216.89	4250.41	6210.03	
6169.66	4302.78	6177.86	
6120.02	4350.68	6137.89	
6058.85	4424.29	6077.15	
5953.17	4547.96	5978.64	
5862.86	4640.31	5906.32	
5841	4692.33	5865.35	
5828.62	4731.93	5829.3	
5802.64	4775.84	5784.28	
5718.41	4866.86	5683.31	
5606.93	4988.89	5569.63	
5562.15	5061.4	5512.79	
5544.47	5096.36	5499.81	
5523.51	5119.88	5478.31	
5491.65	5143.57	5474.39	
5459.92	5176.03	5475.63	
5471.45	5237.34	5514.72	
5559.06	5374.03	5619.33	
5895.96	5740.32	5921.45	
6209.37	6093.14	6207.58	
6592.27	6507.83	6573.31	
6947.24	6905.4	6926.69	
7261.49	7280.65	7254.69	
7469.4	7542.85	7464.96	
7618.18	7747.28	7616.82	
7705.9	7992.85	7717.14	
7839.36	8381.66	7863.74	
7895.89	8637.24	7913.26	
7880.18	8742.62	7879.63	
7804.71	8852.59	7795.45	
7714.72	8978.88	7698.98	
7563.36	9150.05	7560.67	
7469.57	9268.81	7472.69	
7439.75	9322.07	7437.15	
7445.9	9364.47	7422.28	
7431.37	9401.66	7419.86	
7426.78	9431.17	7426.36	
7400.83	9451.81	7445	
6724.68	3340.7	6680.48	
6818.14	3467.17	6767.23	
6828.32	3522.27	6781.66	
6804.57	3579.83	6748.25	
6719.72	3670.79	6674.51	
6623.61	3807.33	6594.43	
6552.16	3893.9	6527.84	
6512.34	3949.51	6485.38	
6441.11	4030.95	6429.57	
6349.62	4144.54	6326.17	
6260.03	4249.36	6210.55	
6207.52	4313.51	6181.96	
6165.83	4359.41	6161.61	
6110.51	4418.16	6125.75	
5995.05	4531.36	6028.49	
5896.53	4648.67	5936.93	
5847.6	4705.69	5901.31	
5839.17	4748.72	5882.11	
5844.88	4793.72	5838.58	
5787.61	4881.74	5758.48	
5692.28	5008.86	5652.76	
5629.8	5096.96	5593.66	
5605.27	5140.69	5571.37	
5621.54	5189.36	5589.12	
5631.52	5238.01	5610.85	
5675.16	5309.55	5672.83	
5817.53	5474.05	5830.5	
6126.36	5818.63	6160.04	
6634.15	6363.51	6672.88	
7420.69	7142.86	7427.9	
7813.71	7548.42	7811.92	
8069.55	7834.86	8065.43	
8164.68	8018.28	8167.54	
8195.64	8158.28	8213.49	
8167.18	8249.43	8193.36	
8112.01	8343.04	8144.63	
8060.71	8469.66	8095.14	
7987.19	8623.63	8023.04	
7919.24	8735.26	7943.99	
7890.18	8792.39	7895.18	
7819.75	8870.01	7839.1	
7696.2	9012.19	7724.4	
7563.92	9180.58	7581.71	
7487.06	9291.81	7491.69	
7447.73	9340.5	7460.6	
7440.98	9372.7	7459.99	
7410.94	9405.42	7465.68	
7422.65	9437.06	7467.24	
7025.79	3383.94	6976.15	
6975.52	3467.57	6925.13	
6938.71	3536.97	6879.82	
6888.61	3596.22	6837.7	
6812.99	3675.56	6769.31	
6690.07	3789	6668.93	
6595.96	3905.38	6581.12	
6539.39	3973.7	6521.4	
6493.95	4033.69	6473.38	
6392.23	4133.99	6367.26	
6292.5	4245.6	6255.29	
6242.07	4317.69	6192.79	
6209.67	4376.31	6196.32	
6165.18	4435.37	6178.31	
6086.29	4538.17	6113.84	
5979.44	4667.03	6024.24	
5928.27	4748.27	5976.38	
5934.72	4795.32	5974.75	
5970.04	4869.43	5991.58	
6022.73	5004.73	6003.7	
6009.36	5151.92	5975.61	
5951.83	5265.57	5918.6	
5961.88	5351.86	5933.56	
6040.52	5470.12	6018.95	
6328.97	5739.43	6311.54	
6584.78	5975.65	6572.7	
6833.1	6239.49	6835.44	
7233.84	6688.85	7249.91	
7731.29	7260.05	7761.58	
8112.2	7709.09	8136.94	
8366.04	8009.85	8367.18	
8411.16	8117.17	8408.22	
8418.02	8183.17	8414.11	
8363.36	8256.49	8385.24	
8263.53	8359.53	8313.26	
8209.46	8419.8	8253.52	
8154.77	8476.22	8201.55	
8054.53	8590.92	8097.41	
7958.81	8709.48	8002.83	
7915.18	8763.56	7961.62	
7876.78	8808.77	7930.25	
7798.7	8908.51	7854.75	
7676.05	9069.05	7716.82	
7557.82	9218.86	7586	
7499.85	9292.62	7530.78	
7442.35	9336.53	7501.89	
7437.7	9371.62	7497.82	
7441.46	9395.86	7500.49	
7159.38	3333.17	7105.83	
7100.87	3403.89	7042.57	
7021.81	3499.19	6969.06	
6917.22	3597.34	6888.78	
6852.75	3662.1	6842.16	
6775.67	3760.98	6767.32	
6643.91	3904.68	6643.87	
6567.34	3995.67	6570.92	
6522.49	4051.84	6518.88	
6477.27	4139.28	6455.2	
6382.99	4259.61	6349.14	
6319.43	4347.29	6290.76	
6301.29	4402.24	6279.47	
6333.05	4496.99	6331.49	
6376.36	4652.97	6397.15	
6352.45	4800.29	6384.1	
6375.04	4932.91	6402.66	
6471.83	5080.64	6494.72	
6608.33	5249.98	6624.22	
6806.43	5461.41	6803.15	
7032.54	5718.85	7005.36	
7196.16	5930.97	7162.63	
7297.5	6143.06	7267.01	
7443.69	6373.38	7421.1	
7694.93	6674.3	7683.47	
8017.17	7057.52	8018.07	
8151.95	7282.58	8160.03	
8275.77	7501.07	8294.15	
8427.46	7757.94	8454.07	
8494.44	7965.23	8527.78	
8486.48	8102.96	8508.09	
8485.93	8174.37	8482.91	
8458.62	8207.09	8471.07	
8398.9	8272.6	8429.78	
8296.99	8375.47	8345.52	
8230.52	8432.33	8297.76	
8195.21	8468.33	8244.87	
8121.15	8552.82	8156.58	
8013.43	8666.58	8065.74	
7931.91	8739.5	8024.07	
7895.94	8787.57	7987.9	
7859.22	8850.71	7943.08	
7788.8	8957.56	7856	
7707.09	9071.25	7759.32	
7610.9	9177.96	7660.26	
7550.57	9249.08	7598.73	
7516.63	9287.39	7567.87	
7520.74	9300.3	7563.72	
7204.2	3279.15	7161.98	
7211.05	3346.91	7147.43	
7105.95	3453.29	7067.25	
7003.94	3559.85	6993.67	
6909.89	3656.01	6920.05	
6839.77	3756.58	6860.24	
6755.21	3918.67	6764.05	
6677.95	4023.66	6685.29	
6660.13	4089.54	6663.37	
6690.37	4202.03	6678.87	
6776.43	4372.39	6756.21	
6805.06	4496.94	6788.17	
6845.88	4614.74	6829.96	
6940.89	4753.81	6929.32	
7258.21	5036.17	7259.38	
7620.08	5353.4	7622.15	
7859.8	5600.22	7860.19	
7994.32	5837.66	7989.16	
8159.44	6104.93	8144.11	
8369.92	6369.57	8347.11	
8573.67	6600.4	8544.24	
8735.61	6833.63	8703.31	
8804.85	7014.61	8768.61	
8849.63	7189.77	8811.68	
8779.41	7350.22	8753.71	
8689.28	7555.88	8691.42	
8702.28	7744.81	8722.12	
8703.42	7829.06	8727.1	
8687.24	7898.8	8718.48	
8626.02	8015.24	8656.95	
8536.5	8135.33	8567.38	
8493.81	8185.59	8532.24	
8470.04	8221.6	8513	
8416.53	8280.1	8461.29	
8326.28	8370.62	8373.89	
8271.24	8425.53	8310.05	
8232.61	8464.46	8260.64	
8184.29	8517.52	8207.48	
8077.02	8618.72	8133.22	
7976.13	8719.63	8065.86	
7919.73	8775.03	8039.3	
7903.21	8821.67	8005.8	
7884.33	8877.33	7967.48	
7835.2	8953.32	7902.24	
7789.46	9020.83	7830.02	
7760.71	9058.49	7774.86	
7733.99	9086.64	7737.63	
7715.42	9103.12	7715.01	
7273.15	3218.74	7242.88	
7259.04	3282.37	7223.63	
7273.66	3364.73	7250.5	
7169.08	3519.63	7168.54	
7087.69	3665.96	7102.67	
7019.37	3785.28	7037.8	
7100.93	3952.72	7118.99	
7334.37	4174.58	7344.96	
7380.6	4305.48	7386.5	
7513.52	4449.91	7518.13	
7929.5	4715.94	7926.96	
8393.26	5057.88	8380.29	
8565.2	5263.94	8555.16	
8705.45	5466.56	8699.24	
8825.67	5708.74	8809.97	
9211.25	6087.98	9188.39	
9417.99	6362.81	9394.97	
9459.08	6530.61	9433.49	
9452.04	6693.86	9422.69	
9406.81	6889.37	9369.41	
9336.37	7080.55	9296.11	
9306.7	7209.5	9266.5	
9309.5	7300.31	9270.84	
9262.85	7379.67	9215.27	
9120.22	7534.96	9070.78	
8933.94	7719.27	8916.2	
8821.56	7836.33	8839.34	
8778.88	7887.38	8811.97	
8751.23	7934.46	8779.45	
8679.39	8024.29	8700.29	
8573.25	8134.81	8612.96	
8511.11	8190.84	8573.87	
8476.46	8231.62	8541.82	
8428.76	8290.98	8493.49	
8372.27	8352.46	8399.8	
8310.81	8420.94	8305.13	
8274.48	8459.35	8264.4	
8225.78	8504.09	8243.7	
8150.25	8581.31	8195.52	
8047.09	8678.09	8135.31	
7987.8	8749.27	8090.01	
7947.44	8804.19	8055.42	
7932.73	8850.85	8022.84	
7922.49	8890.14	7984.01	
7901.1	8923.56	7927.24	
7900.4	8933.33	7885.15	
7899.4	8933.08	7858.52	
7885.98	8949.36	7836.12	
7416.35	3085.93	7415.09	
7412.41	3133.75	7412.18	
7421.91	3272.04	7422.45	
7658.91	3480.85	7657.78	
7777.09	3731.54	7786.58	
7932.08	3941.69	7947.96	
8157.19	4121.33	8174.83	
8801.8	4491.65	8813.51	
9408	4847.65	9421.76	
9606.02	5010.21	9621.87	
9709	5276.62	9727.83	
10006.9	5607.96	10011.5	
10226.6	5855.95	10218	
10158.9	6015.08	10132.5	
10075.8	6209.27	10051.3	
9951.99	6411.74	9933.31	
9917.18	6620.59	9884.79	
9892.47	6734.9	9859.9	
9836.8	6822.47	9808.66	
9691.25	6982.94	9670.75	
9517.11	7197.42	9477.58	
9434.35	7304.79	9380	
9398.35	7351.81	9342.88	
9350.2	7416.82	9290.63	
9218.02	7564.71	9156.95	
9010.6	7753.28	8965.27	
8864.18	7862.01	8864.66	
8808.39	7910.33	8837.8	
8778.37	7951.72	8797.35	
8714.38	8023.07	8739.36	
8617.84	8123.37	8654.17	
8549.04	8194.27	8592.71	
8499.64	8237.35	8548.76	
8462.08	8276.64	8503.27	
8407.74	8342.46	8419.74	
8354.69	8412.15	8325.95	
8308.42	8458.08	8287.55	
8267.18	8501.13	8269.35	
8203.94	8559.38	8257.37	
8146.59	8623.99	8224.65	
8070.07	8706.37	8162.43	
8016.8	8779.7	8102.83	
7982.56	8831.8	8062.07	
7965.94	8862.41	8010.44	
7963.72	8876.82	7967.02	
7959.94	8878.56	7928.19	
7961.2	8881.44	7899.43	
7958.6	8880.45	7877.3	
7541.88	2915.02	7563.44	
7611.51	2984.32	7648.18	
7795.69	3109.09	7819.17	
8316.95	3445.29	8327.43	
9431.7	3921.17	9438.41	
10034	4234.45	10047	
10411.3	4509.43	10425	
10653.5	4765.13	10667	
10998.9	5089.08	11007.1	
10946.9	5419.48	10963.8	
10836.4	5596.45	10859.1	
10731.1	5767.82	10767	
10601	6006.85	10581.2	
10514	6174.13	10471.1	
10407.3	6299.88	10370.8	
10209.5	6509.74	10184.6	
10041	6677.51	10028.1	
9961.91	6768.38	9938.57	
9891.19	6841.53	9887.25	
9757.37	6998.3	9759.88	
9562.09	7218.93	9530.64	
9473.79	7329.16	9411.86	
9439.34	7385.06	9357.57	
9388.2	7443.67	9311.33	
9269.98	7560.32	9200.53	
9030.28	7763.13	8986.54	
8904.33	7873.47	8862.92	
8843.88	7924.44	8835.2	
8793.08	7967.17	8824.04	
8742.45	8026.59	8774.1	
8664	8112.82	8677.49	
8592.23	8186.48	8594.65	
8545.05	8232.13	8543.69	
8498.7	8276.98	8499.34	
8447.96	8332.87	8440.6	
8391.18	8400.62	8371.73	
8348.67	8456.48	8306.13	
8295	8503.28	8299.42	
8242.25	8551.74	8294.5	
8194.17	8603.18	8279.04	
8157.03	8656.57	8235.89	
8100.07	8732.14	8169.81	
8040.9	8808.38	8079.73	
8009.22	8839.92	8030.42	
7999.17	8849.8	7983.32	
7995.03	8863.2	7946.15	
7991.5	8851.24	7914.17	
7989.32	8846.39	7890.78	
7664.35	2783.17	7723.46	
7775.24	2801.8	7819.93	
8415.38	2980.55	8458.46	
9439.46	3371.34	9471.22	
10741	3944.66	10764	
11644.3	4415.38	11657	
11812.7	4620.27	11821.6	
11781.2	4802.46	11790	
11462.2	5130.49	11472.5	
11208.9	5479.14	11213.3	
11063.5	5649.73	11079.3	
10925.7	5799.3	10931	
10696.3	6048.96	10683.2	
10581.3	6202.96	10537.5	
10484.8	6322.21	10423.8	
10303.9	6501.76	10266.4	
10073.1	6701.83	10077.5	
9963.49	6791.37	9991.89	
9901.6	6851.85	9934.47	
9784.72	6997.6	9796.72	
9593.63	7227.87	9570.29	
9493.45	7345.81	9444.01	
9447.75	7414.59	9379.11	
9414.38	7465.54	9324.8	
9282.81	7564.98	9226.55	
9059.95	7757.67	9019.05	
8927.27	7884.06	8883.4	
8867	7938.98	8841.56	
8820.42	7982.86	8827.8	
8771.25	8028.12	8795.16	
8701.49	8105.9	8699.16	
8627.05	8181.74	8588.21	
8577.04	8230.98	8533.39	
8530.29	8283	8501.72	
8482.11	8335.01	8469.96	
8431.16	8393.49	8416.27	
8378.82	8453.19	8361.65	
8320.09	8511.34	8314.97	
8271.92	8559.03	8304.63	
8240.67	8593.68	8296.11	
8209.63	8631.56	8284.38	
8165.63	8686.17	8208.27	
8098.93	8764.35	8107.5	
8051.55	8819.66	8036.72	
8024.51	8840.61	7992.79	
8010.7	8844.1	7950.73	
8013.55	8836.05	7917.18	
8017.49	8819.09	7898.12	
7876.06	2560.12	7938.3	
8019.91	2608.91	8087.43	
8694.52	2788.27	8758.54	
10649.6	3244.74	10710.1	
11774.9	3832.85	11811.6	
12169.1	4311.83	12183.8	
12176.5	4542.53	12185.5	
11965.7	4770.34	11969.2	
11574.3	5178.31	11577.2	
11284.3	5472.23	11293.6	
11135.8	5643.86	11128.3	
10972.4	5807.98	10984.8	
10763.7	6044.37	10761.5	
10590.4	6241.03	10550.8	
10508.6	6337.85	10449.2	
10334	6494.07	10304.2	
10107.8	6701.59	10115.2	
9977.59	6815.19	10012	
9913.71	6887.38	9949.1	
9815.66	6994.04	9823.52	
9627.1	7205.98	9620.5	
9487.68	7383.9	9472.7	
9432.89	7435.59	9401.44	
9389.48	7475.65	9356.55	
9300.42	7556.17	9264.87	
9082.5	7759.13	9051.21	
8934.61	7902.09	8907.77	
8885.7	7955.06	8862.1	
8848.76	7992.89	8820.82	
8802.91	8038.7	8791.34	
8731.12	8103.07	8706.23	
8648.76	8189.64	8600.3	
8597.3	8244.88	8529.14	
8552.47	8288.73	8511	
8503.43	8340.92	8500.45	
8466.03	8389.81	8459.58	
8402.16	8460.69	8377.78	
8344.93	8523.03	8324.95	
8308.47	8562.57	8299.97	
8279.35	8595.41	8300.26	
8255.16	8614.54	8272.23	
8215.68	8651.04	8228.28	
8146.93	8721.94	8133.47	
8086.04	8789.3	8050.76	
8045.22	8840.12	7992.79	
8031.27	8841.52	7953.06	
8031.79	8826.75	7922.11	
8043.21	8811.77	7898.64	
8111.97	2363.85	8184.16	
8290.59	2328.53	8393.31	
9060.14	2474.63	9189.79	
10834.9	3082.61	10930	
12458.7	3705.22	12494.6	
12563.7	4088.01	12578.9	
12418.5	4309.81	12429.1	
11935.1	4830.91	11930.2	
11620.1	5166.93	11608.5	
11395.9	5391.12	11395.8	
11136.3	5661.14	11168.9	
11006.8	5811.58	11019.7	
10777.5	6052.88	10780.6	
10577.3	6272.83	10576.4	
10486.2	6355.99	10484.3	
10368	6470.41	10361.5	
10125.1	6716.03	10114.8	
10004.5	6849.58	9997.38	
9951.35	6899.73	9941.69	
9851.57	6989.68	9843.96	
9622.06	7209.01	9636.48	
9459.29	7376.93	9493.59	
9404.28	7443.62	9441.8	
9363.35	7479.08	9395.64	
9289.5	7558.2	9293.29	
9107.17	7749.03	9085.95	
8948.64	7925	8926.95	
8901.07	7980.31	8856.39	
8875.42	8010.52	8827.76	
8833.69	8040.23	8773.41	
8759.96	8106.11	8708.93	
8659	8205.01	8609.84	
8603.56	8270.27	8553.63	
8570.41	8308.45	8524.26	
8539.04	8343.85	8505.18	
8490.77	8388.25	8462.2	
8420.77	8468.23	8387.51	
8364.02	8530.86	8316.33	
8334.89	8569.63	8304.49	
8314.66	8589.8	8277.82	
8288.15	8607.67	8254.15	
8244.83	8631.98	8214.78	
8194.89	8678.72	8163.75	
8112.68	8770.12	8064.88	
8066.19	8829.92	7995.21	
8051.57	8844.52	7955.87	
8052.09	8837.11	7926.11	
8054.15	8840.38	7916.3	
8312.74	2193.99	8387.15	
8592.2	2064.89	8745.85	
9293.02	2150.62	9496.46	
11179.5	3101.62	11280.3	
12530.8	3712.91	12566.5	
13013.9	3662.13	13042.6	
12498.7	4230.39	12508.3	
11920.9	4853.36	11910.3	
11680.4	5110.5	11657.2	
11424.2	5371.56	11431	
11165.5	5633.47	11196.9	
10993.1	5832.14	11008.3	
10785.1	6056.63	10796.8	
10577.4	6269.55	10615.4	
10480.3	6359.85	10528.2	
10352	6490.05	10365.9	
10154.7	6710.52	10130.4	
10037.7	6857.97	9975.67	
9980.31	6914.45	9915.81	
9860.95	7001.96	9839.96	
9630.48	7194.62	9658.26	
9433.07	7362.22	9508.59	
9373.89	7437.98	9468.34	
9349.4	7477.17	9426.9	
9276.51	7565.78	9311.46	
9113.71	7751.66	9107.48	
8967.07	7928.79	8936.33	
8912.53	8011.77	8880.48	
8894.63	8022.82	8814.14	
8863.37	8048.13	8768.48	
8773.7	8110.86	8705.01	
8663.16	8217.05	8626.15	
8613.34	8294.86	8574.19	
8592.63	8328.31	8539.59	
8561.83	8351.71	8499.39	
8511.72	8393.7	8450.31	
8428.96	8472.38	8385.01	
8374.43	8543.33	8337.32	
8352.13	8565.5	8285.79	
8336.63	8590.12	8264.87	
8302.12	8601.89	8232.99	
8271.53	8619.49	8207.19	
8218.64	8663.48	8168.68	
8144.35	8742.86	8089.83	
8084.81	8813.23	7999.49	
8064.54	8841.19	7953.45	
8060.8	8870.02	7941.45	
8063.62	8876.82	7918.27	