
4859.64	
4873.13	
4891.73	
4915.69	
4939.23	
4967.45	
5002.95	
5046.78	
5105.12	
5188.52	
5280.04	
5384.53	
5527.61	
5664.68	
5761.95	
5843.11	
5911.83	
6006.73	
6125.32	
6237.48	
6375.18	
6558.51	
6679.63	
6737.08	
6780.57	
6824.07	
6870.9	
6934.72	
7034.63	
7126.19	
7170	
7192.05	
4843.29	
4857.83	
4881.63	
4907.52	
4933.15	
4962.74	
4998.86	
5042.37	
5101.41	
5185	
5275.65	
5380.47	
5534.76	
5670.31	
5755.94	
5832.58	
5912.77	
6020.34	
6136.74	
6234.43	
6362.92	
6557.76	
6690.41	
6746.28	
6789.34	
6834.87	
6884.17	
6949.8	
7065.27	
7155.99	
7192.69	
7216.15	
4822.92	
4837.77	
4862.52	
4890.68	
4921	
4952.53	
4991.37	
5037.59	
5097.93	
5175.27	
5262.78	
5378.74	
5537.66	
5665.85	
5740.92	
5817.42	
5930.16	
6050.64	
6145.58	
6241.66	
6372.16	
6546.38	
6693.48	
6757.34	
6798.96	
6852.44	
6904.87	
6990.3	
7107.62	
7194.88	
7234.03	
7247.9	
4795.6	
4809.04	
4827.3	
4857.05	
4893.6	
4933.2	
4979.68	
5031.11	
5089.6	
5163.6	
5247.13	
5368.59	
5535.3	
5652.1	
5720.64	
5814.31	
5953.89	
6074.76	
6166.66	
6254.23	
6384.35	
6551.57	
6692.87	
6771.54	
6821.47	
6877.47	
6957.94	
7059.03	
7166.01	
7240.73	
7272.53	
7284.5	
4759.67	
4768.47	
4780.24	
4803.92	
4843.37	
4897.91	
4956.45	
5016.9	
5077.24	
5147.99	
5236.13	
5353.61	
5519.05	
5630.9	
5702.44	
5817.3	
5975.32	
6098.66	
6190.5	
6277.57	
6391.1	
6563.3	
6701	
6789.77	
6863.76	
6944.91	
7048.51	
7156.38	
7237.71	
7285.45	
7308.37	
7314.48	
4719.69	
4723.93	
4733.45	
4746.44	
4777.05	
4836.91	
4912.62	
4985.94	
5058.1	
5138.3	
5225.02	
5339.44	
5482.63	
5587.42	
5694.38	
5843.95	
5997.56	
6124.67	
6221.27	
6305.73	
6404.24	
6571.42	
6717.88	
6817.16	
6931.85	
7060.88	
7178.22	
7257.87	
7301.69	
7331.04	
7344.82	
7350.31	
4679.47	
4683.13	
4688.92	
4697.65	
4717.08	
4764.94	
4848.07	
4942.32	
5028.89	
5116.73	
5216.07	
5322.62	
5423.44	
5558.49	
5700.84	
5860.5	
6029.44	
6155.76	
6251.58	
6325.68	
6439.79	
6591.52	
6731.56	
6875.04	
7035.09	
7181.78	
7287.65	
7340.75	
7367.87	
7378.89	
7389.01	
7391.65	
4641.38	
4642.93	
4647.96	
4656.75	
4673.7	
4706.39	
4777.77	
4879.41	
4981.5	
5083.9	
5202.31	
5298.29	
5395.18	
5535.04	
5705.65	
5873.2	
6047.5	
6181.11	
6267.68	
6349.69	
6470.38	
6622.15	
6767.34	
6953.11	
7158.97	
7302.32	
7365.49	
7401.62	
7420.77	
7434.19	
7438.44	
7443.24	
4598.88	
4605.53	
4613.4	
4621.48	
4634.73	
4662.58	
4713.7	
4807.73	
4923.81	
5043.53	
5172.59	
5263.88	
5370.23	
5540.13	
5701.78	
5863.46	
6054.63	
6192.57	
6277.4	
6376.39	
6517.29	
6672.82	
6831.84	
7061.48	
7271.31	
7390.38	
7444.1	
7464.97	
7473.81	
7483.28	
7496.26	
7507.06	
4550.34	
4561.83	
4567.41	
4576.51	
4588.9	
4605.46	
4640.47	
4727.73	
4843.91	
4976.94	
5094.55	
5218.19	
5364.84	
5536.48	
5691.67	
5853.97	
6043.79	
6188.89	
6293.83	
6410.26	
6590.57	
6772.97	
6975.68	
7185.96	
7374.55	
7466.76	
7512.97	
7535.29	
7552.62	
7558.59	
7571.85	
7582.16	
4466.18	
4467.08	
4476.85	
4482.19	
4490.25	
4502.26	
4550.83	
4632.91	
4744.99	
4874.78	
5019.67	
5181.79	
5354.3	
5529.4	
5679.35	
5826.43	
6016.16	
6198.2	
6317.77	
6465.69	
6687.7	
6929.56	
7155.9	
7343.79	
7463.05	
7546.69	
7589.56	
7620.22	
7645.24	
7671.58	
7678.7	
7689.83	
4304.64	
4320.27	
4328.9	
4338.27	
4352.41	
4391.2	
4450.74	
4545.67	
4649.47	
4784.46	
4946.71	
5132.33	
5331.86	
5516	
5655.45	
5783.14	
6002.3	
6203.21	
6356.57	
6560.6	
6802.43	
7089.38	
7318.35	
7460.31	
7576.53	
7640.92	
7690.2	
7724.16	
7751.97	
7775.99	
7800.47	
7809.85	
4132.05	
4146.12	
4174.14	
4209.67	
4244.58	
4291.2	
4351.76	
4435.19	
4545.47	
4672.76	
4855.14	
5076.35	
5274.56	
5476.44	
5618.86	
5767.54	
6004.83	
6218.45	
6407.76	
6646.2	
6943.26	
7233.24	
7439.1	
7561.38	
7671.57	
7762.1	
7806.93	
7839.78	
7856.96	
7874.64	
7889.58	
7898.71	
3976.31	
3989.94	
4033.5	
4072.76	
4128.74	
4178.61	
4234.19	
4297.9	
4404.55	
4557.76	
4753.34	
4954.38	
5199.04	
5432.61	
5579	
5757.38	
6018.45	
6259.56	
6499.32	
6752.68	
7072.12	
7363.95	
7527.33	
7654.23	
7760.58	
7857.97	
7909.88	
7940.08	
7955.85	
7963.55	
7969.93	
7976.56	
3817.39	
3858.78	
3890.53	
3926	
3976.38	
4035.62	
4084.05	
4153.7	
4280.73	
4446.31	
4615.92	
4830.97	
5115.63	
5333.02	
5538.37	
5762.08	
6027.5	
6320.96	
6600.24	
6921.91	
7231.65	
7468.45	
7623.96	
7737.86	
7847.13	
7939.46	
7994.22	
8020.3	
8047.44	
8058.44	
8068.71	
8072	
3649.38	
3702.1	
3741.38	
3759.34	
3786.52	
3840.87	
3908.58	
4022.09	
4161.62	
4331.1	
4504.62	
4732.56	
4991.21	
5242.53	
5501.79	
5759.95	
6050.88	
6380.43	
6720.89	
7093.24	
7392.75	
7586.17	
7726.25	
7840.82	
7937.58	
8017.99	
8080.68	
8123.47	
8155.94	
8185.18	
8192.91	
8202.11	
3423.23	
3455.14	
3496.2	
3532.87	
3577.77	
3630.27	
3733.06	
3876.78	
4048.2	
4238.36	
4416.46	
4639.36	
4900.87	
5176.42	
5472.9	
5750.03	
6037.68	
6452.74	
6872.97	
7230.92	
7518.54	
7703.29	
7837.22	
7938.43	
8034.61	
8119.11	
8194.91	
8251.8	
8287.1	
8317.5	
8340.48	
8347.24	
3037.55	
3057.19	
3081.69	
3191.1	
3308.56	
3403.35	
3515.96	
3706.71	
3934.35	
4118.97	
4316.67	
4552.77	
4827.62	
5142.61	
5457.14	
5725.26	
6028.65	
6497.66	
7010.2	
7356.7	
7601.08	
7807.08	
7930.12	
8037.15	
8137.9	
8234.97	
8319.11	
8378.78	
8409.57	
8427.34	
8444.49	
8455.16	
2463.77	
2472.38	
2540.6	
2682.17	
2864.21	
3052.2	
3259.3	
3487.48	
3735.87	
3963.01	
4189.81	
4452.38	
4780.26	
5114.16	
5428.38	
5726.74	
6065.05	
6520.92	
7084.28	
7455.13	
7686.71	
7883.29	
8023.29	
8136.83	
8263.49	
8352.33	
8420.38	
8471.1	
8503.21	
8523.29	
8536.11	
8545.73	
1979.89	
2000.22	
2072.74	
2179.7	
2326.22	
2583.23	
2852.8	
3153.75	
3463.12	
3776.6	
4036.05	
4335.33	
4703.91	
5076.82	
5409.1	
5747.15	
6118.21	
6582.99	
7108.7	
7526.37	
7784.89	
7963.6	
8117.55	
8258.75	
8383.38	
8464.14	
8522.89	
8565.01	
8596.73	
8615.53	
8630	
8644.78	
1769.86	
1791.28	
1827.53	
1886.01	
1977.32	
2103.69	
2375.11	
2780.9	
3191.62	
3552.39	
3857.49	
4219.63	
4620.43	
5024.52	
5401.24	
5772.34	
6184.31	
6633.63	
7141.47	
7587.21	
7868.96	
8050.93	
8223.05	
8371.44	
8484.1	
8583.72	
8652.29	
8713.11	
8735.88	
8742.62	
8749.89	
8762.82	
1669.12	
1677.63	
1701.33	
1729.17	
1767.62	
1838.92	
2043.89	
2401.72	
2910.63	
3335.94	
3724.56	
4123.73	
4511.45	
4972.02	
5390.83	
5792.64	
6254.65	
6703.08	
7185.89	
7642.08	
7924.31	
8144.88	
8326.19	
8474.36	
8591.82	
8714.27	
8814.07	
8876	
8904.37	
8913.77	
8927.37	
8924.9	
1603.5	
1607.67	
1613.81	
1625.34	
1647.7	
1705.73	
1817.16	
2089.14	
2630.15	
3153.38	
3572.01	
3972.18	
4424.47	
4879.66	
5329.12	
5799.54	
6317.06	
6807.84	
7281.24	
7695.3	
7981.56	
8222.36	
8427	
8579.18	
8748.75	
8868.72	
8953.66	
9026.26	
9095.95	
9124.16	
9130.44	
9134.21	
1541.84	
1546.46	
1552.2	
1562.9	
1582.16	
1619.73	
1701.08	
1910.24	
2310.23	
2927.95	
3398.41	
3814.79	
4294.57	
4754.44	
5245.72	
5797.09	
6356.77	
6921.96	
7407.89	
7780.19	
8071.24	
8306.35	
8529.73	
8731.4	
8902.68	
9049.9	
9144.29	
9220.05	
9285.35	
9329.78	
9344.75	
9350.39	
1480.75	
1489.66	
1501.9	
1514.62	
1534.09	
1567.31	
1637.91	
1782.41	
2100.41	
2658.85	
3212.32	
3672.87	
4149.97	
4654.72	
5172.31	
5791.28	
6389.33	
7012.39	
7551.62	
7889.47	
8164.94	
8425.25	
8671.39	
8896.59	
9072.89	
9243.04	
9383.25	
9441.12	
9462.54	
9496.8	
9539.08	
9572.98	
1427.18	
1436.69	
1450.14	
1464.15	
1487.99	
1524.26	
1584.66	
1703.05	
1944.72	
2383.28	
3028.9	
3544.51	
4038.8	
4554.57	
5147.82	
5796.54	
6408.64	
7085.65	
7675.18	
8005.55	
8264.65	
8541.48	
8805.51	
9042.09	
9263.83	
9435.79	
9578.83	
9701.29	
9761.03	
9771.96	
9792.08	
9872.74	
1374.1	
1383.42	
1393.23	
1407.51	
1433.91	
1476.83	
1537.56	
1639.17	
1808.74	
2210.12	
2826.21	
3420.3	
3931.87	
4494.5	
5144.84	
5785	
6460.35	
7163.34	
7758.61	
8112.4	
8379.56	
8678.54	
8913.86	
9150.86	
9420.77	
9623.29	
9792.09	
9927.41	
10096.7	
10228.1	
10279	
10291.6	
1317.44	
1325.32	
1333.23	
1348.84	
1381.52	
1429.9	
1500.01	
1589.4	
1739.42	
2075.8	
2643.35	
3272.78	
3826.59	
4463.07	
5153.97	
5802.67	
6525.34	
7242.22	
7782.49	
8187.62	
8514.03	
8780.4	
9009.07	
9278.14	
9561	
9806.15	
9968.14	
10165.1	
10339.4	
10542.3	
10723.5	
10831.1	
1248.93	
1262.87	
1279.15	
1300.78	
1343.4	
1402.44	
1470.66	
1552.99	
1690.78	
1959.52	
2497.96	
3109.06	
3733.54	
4469.08	
5179.91	
5866.89	
6597.85	
7276.08	
7801.2	
8238.05	
8589.64	
8837.96	
9097.79	
9372.9	
9680.81	
9946.84	
10140.5	
10327.9	
10618.8	
10827.8	
11026.9	
11155.3	
1167.45	
1191.95	
1215.68	
1268.07	
1323.12	
1381.49	
1438.13	
1522.36	
1657.66	
1898.02	
2359.56	
3023.25	
3696.04	
4423.63	
5227.87	
5945.35	
6648.1	
7285.06	
7805.75	
8268.73	
8632.61	
8884.96	
9168.1	
9471.35	
9754.11	
10008.8	
10256.7	
10472.3	
10740.3	
11175.8	
11394.5	
11512.1	
1061.85	
1094.14	
1174.5	
1243.43	
1308.15	
1363.41	
1419.26	
1500.36	
1633.59	
1850.27	
2303.53	
2995.86	
3655.91	
4425.64	
5227.21	
5994.82	
6663.68	
7265.58	
7829.2	
8291.1	
8621.63	
8928.28	
9250.69	
9545.5	
9824.55	
10040.7	
10312.7	
10566.2	
10855.4	
11346.2	
11848.1	
12081.2	
928.661	
1047.88	
1144.26	
1228.82	
1297.57	
1353.43	
1408.57	
1485.89	
1619.01	
1828.94	
2273.18	
2940.41	
3656.17	
4437.55	
5204.16	
5979.21	
6677.5	
7280.76	
7835.65	
8268.72	
8606.67	
8946.93	
9296.5	
9609.97	
9861.94	
10089.1	
10341.6	
10642.7	
10957.3	
11469.8	
12112.6	
12754.5	