
932.973	
1065.55	
1174.46	
1260.45	
1325.59	
1381.44	
1440.2	
1499.82	
1555.86	
1632.78	
1791.36	
2143.21	
2765.73	
3308.7	
3719.98	
4083.81	
4347.39	
4550.52	
4708.66	
4819.17	
4913.78	
5013.83	
5127.68	
5250.49	
5380.97	
5529.94	
5642.82	
5710.38	
5760.27	
5808.11	
5858.15	
5904.25	
1054.99	
1099.46	
1197.65	
1271.78	
1335.44	
1390.35	
1447.32	
1509.66	
1568.9	
1646.95	
1809.91	
2224.66	
2824.13	
3316.17	
3745.31	
4121.6	
4377.32	
4559.32	
4711.24	
4833.03	
4926.87	
5022.02	
5136.37	
5258.64	
5396.95	
5555.83	
5666.6	
5729.24	
5788.03	
5847.76	
5905.34	
5959.4	
1154.92	
1184.62	
1223.82	
1293.41	
1347.04	
1401.83	
1458.64	
1519.72	
1582.71	
1662.54	
1855.79	
2328.7	
2930.68	
3383.96	
3767.32	
4138.86	
4413.24	
4576.19	
4715.06	
4851.18	
4946.53	
5035.1	
5152.56	
5278.14	
5423.16	
5582.36	
5691.03	
5762.76	
5841.62	
5925.47	
5994.68	
6041.74	
1235.26	
1252.11	
1280.1	
1316.22	
1367.42	
1419.26	
1474.79	
1531.44	
1606.08	
1705.09	
1916.88	
2462.23	
3094.23	
3495.19	
3811.96	
4133.69	
4421.59	
4605.85	
4733.51	
4864.44	
4971.54	
5061.75	
5184.21	
5325.96	
5481.06	
5628.7	
5741.65	
5831.73	
5935.61	
6038.03	
6102.48	
6141.47	
1293.27	
1307.71	
1329.58	
1358.51	
1399.92	
1447.96	
1500.44	
1559.63	
1641.21	
1790.95	
2099.77	
2623.61	
3230.12	
3638.67	
3865.46	
4127.82	
4449.13	
4634.4	
4761.57	
4882.69	
4994.79	
5109.83	
5233.64	
5407.48	
5572.28	
5710.02	
5845.58	
5976.47	
6067.33	
6154.95	
6203.5	
6228.91	
1352.86	
1364.58	
1383.16	
1411.03	
1444.12	
1489.81	
1541.35	
1607.89	
1722.44	
1942.38	
2373.77	
2942.96	
3378.83	
3697.2	
3920.26	
4161.37	
4465.55	
4672.78	
4806.46	
4919.48	
5024.92	
5164.37	
5336.94	
5506.55	
5668.11	
5819.37	
5987.55	
6130.15	
6217.89	
6259.54	
6293.85	
6306.9	
1424.03	
1432.61	
1448.12	
1471.14	
1503.63	
1545.03	
1595.16	
1681.05	
1832.64	
2170.15	
2704.32	
3231.38	
3548.47	
3767.6	
3992.43	
4224.37	
4499.93	
4717.94	
4855.85	
4963.06	
5086.49	
5240.86	
5438.69	
5618.42	
5778.22	
5968.3	
6152.78	
6273.56	
6342.49	
6376.75	
6397.43	
6406.04	
1502.12	
1512.34	
1529.92	
1550.81	
1578.49	
1616.81	
1682.63	
1789.62	
2004.82	
2415.65	
3002.36	
3416.49	
3661.64	
3860.85	
4103.88	
4360.04	
4570.61	
4761.68	
4909.78	
5041.47	
5160.73	
5350.88	
5560.51	
5745.82	
5942.69	
6149.66	
6312.5	
6432.42	
6497.55	
6535.71	
6545.58	
6563.72	
1587.42	
1605.5	
1625.31	
1655.08	
1676.28	
1720.08	
1808.45	
1981.19	
2275.13	
2743	
3228.58	
3578.19	
3804.5	
4003.3	
4229.19	
4479.86	
4670.06	
4822.83	
4976.28	
5118.45	
5303.71	
5495.86	
5729.99	
5960.26	
6163.99	
6332.91	
6493.37	
6593.56	
6652.78	
6683.94	
6708.52	
6721.05	
1693	
1713.32	
1744.18	
1767.55	
1838.21	
1925.78	
2061.1	
2311.77	
2689.54	
3110.2	
3478.23	
3774.83	
4011.06	
4213.56	
4400.94	
4582.31	
4749.74	
4902.99	
5052.21	
5232.78	
5442.32	
5710.7	
5966.77	
6215.23	
6433.74	
6573.59	
6670.59	
6748.71	
6790.77	
6818.55	
6850.05	
6878.98	
1841.05	
1869.48	
1904.37	
1972.73	
2084.75	
2333.96	
2564.34	
2794.7	
3094.21	
3433.58	
3752	
4009.38	
4223.3	
4407.69	
4562.3	
4689.57	
4833.14	
5008.33	
5180.5	
5376.15	
5646.95	
5939.06	
6241.69	
6492.38	
6690.07	
6837.36	
6892.72	
6939.38	
6993.91	
7036.34	
7051.67	
7078.79	
2120.71	
2143.73	
2238.59	
2408.66	
2594.25	
2803.66	
3018.05	
3213.21	
3451.29	
3723.38	
3991.12	
4209.27	
4399.31	
4548.99	
4657.53	
4781.41	
4938.02	
5142.93	
5378.08	
5622.7	
5888.16	
6225.82	
6535.97	
6734.74	
6917.36	
7057.43	
7145.94	
7194.51	
7221.92	
7245.05	
7265.9	
7269.82	
2694.35	
2728.76	
2820.08	
2961.85	
3147.8	
3258.4	
3383.06	
3527.3	
3754.07	
3996.45	
4195.33	
4385.81	
4529.9	
4641.78	
4744.35	
4872.66	
5070.64	
5312.29	
5629	
5950.55	
6254.48	
6537.08	
6786.56	
7001.11	
7122.84	
7248.54	
7318.28	
7357.16	
7383.76	
7396.27	
7408.6	
7416.93	
3366.72	
3373.11	
3358.78	
3401.66	
3505.7	
3629.45	
3730.46	
3855.81	
4016.16	
4207.73	
4386.47	
4525.32	
4633.52	
4733.74	
4862.36	
5025.38	
5229.99	
5568.72	
5933.64	
6303.12	
6622.87	
6849.11	
7052.74	
7202.89	
7328.22	
7386.47	
7441.66	
7470.19	
7504.46	
7536.83	
7549.37	
7567.19	
3810.29	
3814.73	
3816.9	
3803.73	
3824.4	
3885.18	
3975.23	
4091.95	
4244.44	
4405.72	
4538.53	
4641.34	
4737.6	
4859.12	
5020.89	
5218.96	
5527.07	
5862.69	
6273.15	
6645.78	
6913.86	
7117.23	
7270.83	
7400.41	
7468.21	
7528.77	
7575.89	
7615.47	
7642	
7679.81	
7711.83	
7734.54	
4038.67	
4080.83	
4113.77	
4135.04	
4125.4	
4143.11	
4176.32	
4275	
4412.81	
4563.39	
4671.41	
4766.26	
4874.31	
5029.18	
5229	
5535.9	
5879.7	
6266.76	
6609.31	
6934.41	
7169.32	
7324.49	
7446.63	
7554.6	
7639.27	
7692.68	
7743.82	
7783.25	
7805.55	
7824.31	
7855.52	
7870.1	
4213.76	
4241.5	
4268.45	
4297.95	
4342	
4390.78	
4430.06	
4480.03	
4569.32	
4706.72	
4813.67	
4909.37	
5045.98	
5234.77	
5555.97	
5915.62	
6286.05	
6615.4	
6952.98	
7207.44	
7379.27	
7507.62	
7612.83	
7708.03	
7811.29	
7877.86	
7909.41	
7935.31	
7955	
7975.02	
7981.9	
7994.77	
4380.31	
4409.46	
4423.38	
4448.94	
4490.43	
4548.2	
4619.67	
4691.76	
4758.53	
4859.58	
4987.92	
5094.21	
5241.42	
5530.7	
5920.71	
6300.86	
6626.9	
6947.24	
7222.01	
7423.57	
7576.49	
7677.47	
7782.34	
7876.45	
7952.4	
8011.68	
8056.14	
8095.35	
8128.26	
8148.23	
8160.39	
8168.84	
4534.65	
4551.76	
4575.44	
4594.86	
4630.75	
4689.11	
4763.88	
4843	
4947.09	
5039.67	
5162.73	
5296.21	
5533.29	
5882.3	
6266.5	
6623.38	
6941.92	
7214.46	
7422.25	
7591.57	
7722.06	
7842.14	
7923.44	
8020.69	
8092.41	
8152.56	
8210.41	
8265.23	
8324.08	
8358.03	
8388.67	
8398.25	
4668.22	
4671.75	
4692.56	
4721.47	
4769.48	
4839.99	
4912.62	
5014.48	
5112.55	
5239.56	
5362.33	
5570.81	
5831.92	
6248.66	
6616.65	
6922.86	
7190.02	
7419.69	
7598.85	
7733.95	
7854.6	
7962.29	
8062.04	
8140.3	
8237.89	
8325.07	
8389.27	
8436.72	
8488.39	
8556.38	
8586.9	
8607.94	
4803.9	
4812.77	
4836.8	
4879.13	
4917.6	
4980.82	
5071.3	
5167.01	
5308.53	
5436.28	
5629.4	
5866.83	
6224.69	
6561.74	
6935.71	
7197.27	
7382.07	
7563.15	
7745.08	
7877.76	
7982.57	
8082.24	
8185.11	
8281.28	
8375.08	
8448.27	
8523.83	
8610.04	
8671.54	
8733.83	
8773.94	
8793.46	
4980.26	
4988.86	
5007.83	
5029.43	
5077.84	
5138.8	
5237.87	
5362.32	
5494.03	
5677.96	
5902.52	
6201.03	
6536.22	
6873.6	
7144.5	
7356.09	
7517.48	
7683.25	
7854.94	
7994.7	
8108.97	
8223.46	
8331.72	
8419.61	
8496.82	
8586.94	
8674.52	
8766.82	
8851.13	
8892.95	
8930.84	
8949.35	
5158.7	
5165.57	
5169.88	
5201.57	
5245.23	
5339.28	
5434.59	
5567.8	
5737.99	
5951	
6208.2	
6510.96	
6796.5	
7085.34	
7283.1	
7455.47	
7622.67	
7798.69	
7966.31	
8098.84	
8227.55	
8371.15	
8486.05	
8573.85	
8669.28	
8771.04	
8881.79	
8947.99	
9008.43	
9055.95	
9092.05	
9112.33	
5319.7	
5324.77	
5346.7	
5382.45	
5448.43	
5525.34	
5653.74	
5782.92	
5977.32	
6225.99	
6502.15	
6741.56	
7003.46	
7229.75	
7409.21	
7546.91	
7735.3	
7918.1	
8070.19	
8215.81	
8357.68	
8490.94	
8621.09	
8741.65	
8872.44	
9012.54	
9094.6	
9188.66	
9229.11	
9275.73	
9287.29	
9298.71	
5482.89	
5504.04	
5534.79	
5570.29	
5633.43	
5732.73	
5857.62	
6014.18	
6191.87	
6447.57	
6689.01	
6909.81	
7129.45	
7336.76	
7491.4	
7657.43	
7826.56	
8008.87	
8181.8	
8327.75	
8480.97	
8609.4	
8742.17	
8891	
9067.37	
9236.24	
9372.67	
9422.37	
9456.28	
9474.35	
9507.07	
9526.69	
5620.38	
5639.07	
5669.99	
5729.08	
5800.68	
5916.27	
6067.26	
6225.16	
6386.08	
6602.81	
6814.28	
7019.42	
7235.43	
7402.67	
7581.4	
7745.99	
7903.79	
8076.18	
8257.69	
8442.22	
8572.1	
8705.92	
8870.02	
9062.18	
9260.24	
9431.17	
9570.33	
9696.13	
9742.93	
9754.01	
9791.24	
9872.13	
5699.38	
5719.28	
5758.89	
5830.65	
5957.83	
6077.02	
6211.12	
6376.51	
6558.78	
6715.05	
6888.72	
7108.1	
7294.77	
7465.02	
7660.66	
7840.61	
7980.78	
8135.48	
8338.9	
8500.38	
8627.31	
8780.72	
8986.88	
9227.27	
9453.06	
9622.97	
9785.55	
9925.4	
10109.1	
10236.8	
10283.1	
10308.8	
5791.78	
5815.87	
5862.04	
5948.47	
6062.49	
6183.78	
6306.17	
6477.52	
6645.75	
6781.07	
6941.76	
7156.53	
7342.49	
7507.76	
7710.03	
7892.13	
8038.9	
8207.18	
8389.25	
8544.31	
8676.86	
8838.35	
9071.79	
9354.34	
9614.29	
9836.18	
9981.84	
10175.3	
10360.8	
10586.5	
10757.2	
10854.1	
5915.27	
5953.11	
5997.25	
6064.1	
6158.26	
6260.01	
6373.31	
6543.99	
6692.67	
6807.05	
6974.18	
7189.15	
7374.08	
7546.61	
7742.04	
7923.62	
8086.93	
8257.91	
8417.88	
8558.36	
8737.22	
8936.12	
9170.21	
9448.88	
9738.14	
9972.75	
10153.1	
10342.1	
10628.9	
10847	
11054.3	
11172.3	
6025.59	
6053.37	
6093.8	
6155.09	
6229.24	
6317.56	
6442.37	
6582.72	
6717.3	
6830.53	
6988.43	
7213.39	
7403.72	
7576.85	
7759.14	
7936.95	
8134.72	
8314.65	
8431.92	
8567.29	
8786.31	
9021.05	
9269.1	
9542.54	
9824.33	
10026	
10250.6	
10466.5	
10741.5	
11180.6	
11390.7	
11505.6	
6083.19	
6105.66	
6139.23	
6199.72	
6279.05	
6344.23	
6458.38	
6629.19	
6730.6	
6835.32	
7017.91	
7240.47	
7417.6	
7592.31	
7775.12	
7949.82	
8161.38	
8344.75	
8465.01	
8593	
8794.08	
9076.01	
9344.95	
9604.78	
9861.94	
10058.6	
10305	
10546.6	
10835.2	
11365.1	
11862.9	
12072.6	
6111.11	
6131.23	
6165.93	
6224.24	
6294.54	
6360	
6466.63	
6634.27	
6743.95	
6850.06	
7049.03	
7252.45	
7432.24	
7601.33	
7775.09	
7967.5	
8168.86	
8364.26	
8493.16	
8615.07	
8807.73	
9103.58	
9382.62	
9634.35	
9879.18	
10093.4	
10335.5	
10616.5	
10941	
11479.4	
12133	
12767.6	