
4872.95	
4882.81	
4898.62	
4917.91	
4938.51	
4959.57	
4986.02	
5018.95	
5057.03	
5109	
5198.67	
5335.49	
5489.87	
5621.45	
5739.54	
5883.29	
6034.15	
6153.88	
6247.43	
6333.12	
6453.52	
6609.4	
6702.62	
6745.81	
6778.74	
6825.29	
6884.33	
6951.67	
7037.3	
7115.32	
7149.42	
7162.08	
4857.6	
4869.67	
4884.92	
4907	
4930.09	
4953.29	
4979.03	
5010.4	
5048.74	
5102.35	
5205.27	
5356.78	
5516.22	
5633.45	
5734.43	
5874.19	
6015.91	
6130.25	
6239.62	
6344.31	
6464.77	
6614.77	
6708.63	
6753.83	
6789.28	
6840.26	
6909.15	
6995.5	
7098.42	
7166.33	
7191.8	
7201.39	
4832.44	
4840.51	
4857.86	
4883.68	
4913.57	
4940.88	
4967.97	
5000.78	
5037.85	
5098.78	
5212.74	
5374.93	
5537.73	
5644.3	
5736.72	
5859.17	
5983.72	
6102.46	
6227.6	
6356.47	
6498.55	
6621.21	
6708.23	
6767.2	
6811.36	
6866.81	
6950.94	
7064.19	
7163.05	
7214.86	
7234.81	
7243.15	
4791.11	
4803.42	
4819.52	
4844.41	
4882.52	
4918.92	
4949.98	
4984.8	
5032.17	
5100.58	
5215.71	
5375.12	
5545.19	
5660.03	
5735.8	
5834.25	
5949.53	
6071.95	
6218.12	
6371.61	
6522.29	
6635.48	
6711.58	
6785.09	
6847.8	
6919.97	
7025.08	
7141.69	
7223.49	
7261.53	
7276.99	
7282.85	
4748.74	
4759.69	
4772.33	
4796.73	
4836.22	
4880.02	
4922.38	
4973.94	
5030.14	
5101.17	
5207.74	
5361.95	
5547.84	
5669.59	
5731.45	
5802.02	
5908.23	
6054.64	
6221.22	
6382.95	
6545.91	
6651.02	
6724.1	
6805.05	
6909.13	
7011.03	
7119.73	
7218.13	
7276.88	
7303.03	
7312.75	
7318.42	
4708.52	
4711.94	
4723.12	
4745.55	
4781.9	
4831.73	
4892.54	
4958	
5024.88	
5095.41	
5191.6	
5351.94	
5544.28	
5666.09	
5718.13	
5771.34	
5876.64	
6042.16	
6225.08	
6401.49	
6562.19	
6674.7	
6753.43	
6843.76	
6972.91	
7123.64	
7218.32	
7282.52	
7326.19	
7343.57	
7352.18	
7355.48	
4674.27	
4677.48	
4684.3	
4700.62	
4731.34	
4777.57	
4841.76	
4924.62	
5009.48	
5086.57	
5180.88	
5335.2	
5520.68	
5640.87	
5702.37	
5754.45	
5854	
6034.45	
6230.94	
6414.92	
6583.44	
6708.15	
6799.37	
6913.44	
7075.33	
7208.69	
7290.97	
7343.19	
7371.81	
7386.74	
7393.36	
7395.42	
4644.81	
4651.38	
4659.51	
4668.1	
4681.29	
4710.62	
4768.89	
4862.8	
4980.51	
5073.77	
5174.57	
5313.58	
5470.93	
5606.43	
5688.8	
5760.77	
5860.07	
6026.96	
6237.82	
6431.67	
6598.31	
6735.41	
6867.65	
7023.75	
7170.87	
7285.99	
7355.56	
7394.82	
7421.11	
7433.87	
7438.05	
7442.41	
4614.6	
4621.51	
4629.86	
4628.26	
4627.96	
4642.17	
4682.7	
4786.99	
4928.96	
5058.11	
5167.27	
5278.39	
5424	
5566.41	
5680.98	
5779.01	
5899.66	
6046.76	
6233.04	
6446.16	
6616.82	
6766.24	
6950.26	
7133.93	
7266.49	
7352.88	
7422.87	
7459.65	
7475.12	
7485.13	
7493.79	
7502.53	
4560.3	
4564.16	
4557.47	
4559.09	
4566.89	
4582.93	
4620.42	
4710.64	
4850.61	
5023.06	
5148.88	
5254.81	
5373.01	
5522.24	
5671.16	
5806.36	
5945.7	
6093.21	
6244.88	
6428.61	
6646.39	
6845.99	
7057.46	
7248.29	
7364.84	
7449.29	
7502.1	
7527.02	
7537.9	
7549.37	
7562.28	
7570.48	
4434.31	
4429.52	
4430.6	
4448.01	
4481.6	
4518.07	
4570.31	
4640.01	
4768.98	
4958.09	
5104.15	
5219.65	
5332.78	
5477.74	
5640.23	
5823.43	
6004.57	
6144.48	
6260.34	
6430.03	
6702.35	
6956.62	
7188.71	
7374.67	
7498.66	
7568.45	
7600.43	
7619.42	
7627.58	
7635.17	
7639.61	
7643.65	
4276.42	
4279.2	
4297.42	
4333.96	
4374.69	
4425.97	
4497.11	
4577.26	
4690.43	
4832.11	
5021.89	
5169.74	
5300.79	
5446.39	
5605.74	
5813.27	
6053.2	
6188.33	
6280.53	
6474.45	
6782.78	
7092.58	
7326.57	
7504.27	
7628.08	
7692.02	
7726.45	
7746.42	
7755.17	
7749.99	
7743.09	
7740.13	
4134.08	
4145.73	
4173.77	
4209.6	
4251.83	
4311.76	
4384.42	
4497.04	
4597.27	
4722.68	
4900.51	
5099.58	
5278.12	
5414.36	
5579.96	
5821.68	
6072.15	
6215.45	
6339.63	
6553.41	
6888.87	
7226.43	
7477.98	
7613.63	
7728.43	
7802.77	
7844.75	
7867.73	
7878.15	
7880.01	
7873.74	
7865.11	
3998.39	
4003.46	
4030.37	
4056.74	
4106.24	
4168.16	
4263.83	
4379.03	
4495.11	
4621.73	
4777.58	
5016.85	
5235.37	
5398.14	
5569.16	
5831.4	
6083.67	
6248.02	
6425.17	
6680.3	
7019.38	
7367.47	
7582.67	
7720.43	
7810.41	
7886.55	
7927.44	
7961.55	
7980.93	
7990.89	
7994.52	
7989.61	
3849.67	
3862.73	
3877.2	
3909.27	
3948.79	
4019.41	
4114.47	
4223.13	
4381.5	
4527.31	
4683.28	
4934.62	
5175.89	
5356.19	
5565.8	
5833.3	
6083.99	
6293.19	
6525.66	
6822.3	
7176.17	
7484.28	
7660.6	
7788.64	
7888.27	
7950.89	
7999.65	
8033.02	
8062.38	
8083.14	
8099.2	
8100.86	
3665.62	
3690	
3712.66	
3752.96	
3786.4	
3847.28	
3936.96	
4079.56	
4258.18	
4416.77	
4605.79	
4829.73	
5069.32	
5306.55	
5549.25	
5827.14	
6108.25	
6335.49	
6595.7	
6985.35	
7331.17	
7574.48	
7739.48	
7855.57	
7952.56	
8018.36	
8075.11	
8121.64	
8157.77	
8185.92	
8205.01	
8224.36	
3396.18	
3435.67	
3500.97	
3534.54	
3583.82	
3656.08	
3773.53	
3926.05	
4093.62	
4279.14	
4478.7	
4716.96	
4977.13	
5236.58	
5525.34	
5834.88	
6124.23	
6387.24	
6685.09	
7100.9	
7473.12	
7671.25	
7816.83	
7932.73	
8032.2	
8118.99	
8180.83	
8235.34	
8272.84	
8303.96	
8329.4	
8351.69	
3068.08	
3107.36	
3170.99	
3247.92	
3353.77	
3441.7	
3574	
3727.5	
3913.06	
4110.78	
4351.65	
4618.28	
4893.81	
5168.15	
5494.16	
5838.85	
6133.95	
6445.89	
6806.21	
7199.1	
7551.86	
7765.63	
7896.63	
8023.85	
8133.01	
8234.35	
8322.37	
8365.97	
8398.06	
8412.18	
8432.94	
8443.16	
2617.42	
2670.76	
2758.04	
2891.42	
3013.8	
3163.9	
3312.91	
3481.57	
3714.48	
3991.57	
4239.37	
4491.55	
4805.97	
5112.43	
5461.91	
5839.29	
6150.8	
6507.33	
6924.02	
7316.21	
7619.23	
7844.22	
7991.93	
8125.27	
8257.15	
8353.65	
8428.63	
8486	
8512.55	
8526	
8527.32	
8534.75	
2123.56	
2189.72	
2259.8	
2371.39	
2504.17	
2744.94	
2976.92	
3243.01	
3516.5	
3822.03	
4085.7	
4378.7	
4712.01	
5042.32	
5425.44	
5847.05	
6192.65	
6568.59	
7051.15	
7416.6	
7698.71	
7934.44	
8119.3	
8247.56	
8365.16	
8461.16	
8528.13	
8575.97	
8608.58	
8636.18	
8652.23	
8662.59	
1846.45	
1859	
1893.8	
1949.79	
2056.4	
2229.95	
2588.99	
2908.33	
3265.33	
3595.96	
3932.53	
4296.25	
4612.24	
4974.3	
5402.12	
5859.25	
6239.51	
6634.95	
7159.39	
7555.18	
7798.17	
8024.16	
8226.62	
8386.29	
8473.32	
8550.85	
8624.95	
8697.1	
8735.03	
8762.85	
8792.65	
8811.67	
1679.92	
1698.04	
1724.42	
1755.16	
1803.76	
1936.02	
2140.25	
2515.53	
2981.83	
3384.1	
3807.07	
4184.69	
4523.49	
4907.29	
5364.38	
5851.91	
6302.63	
6718.61	
7236.09	
7670.39	
7935.83	
8123.95	
8315.45	
8478.43	
8586.85	
8669.28	
8759.62	
8834.95	
8885.82	
8910.65	
8929.19	
8947.26	
1604.32	
1612.34	
1626.84	
1648.39	
1691.45	
1771.45	
1917.35	
2206.16	
2626.73	
3159.87	
3652.4	
4062.42	
4433.77	
4847.34	
5296.47	
5829.99	
6359.95	
6832.33	
7310.42	
7748.8	
8026.77	
8236.87	
8413.37	
8562.52	
8714.86	
8836.24	
8935.63	
8996.54	
9047.93	
9075.82	
9095.75	
9111.74	
1548.23	
1557.88	
1568.52	
1583.44	
1618.54	
1679.47	
1801.11	
1986.03	
2324.11	
2911.22	
3476.3	
3938.08	
4347.04	
4773.53	
5248.9	
5791.36	
6402.82	
6934.03	
7417.28	
7805.9	
8084.08	
8337.49	
8516.57	
8679.98	
8851.6	
9026.04	
9136.99	
9226.13	
9270.57	
9292.25	
9310.37	
9339.12	
1492.36	
1507.86	
1518.6	
1533.47	
1555.61	
1609.31	
1705.49	
1833.66	
2092.42	
2618.04	
3269.7	
3825.78	
4246.16	
4701.41	
5240.75	
5786.98	
6390.5	
7023.08	
7493.72	
7841.71	
8161.78	
8434.67	
8647.44	
8809.07	
8996.65	
9175.75	
9349.62	
9429.37	
9504.03	
9551.09	
9579.14	
9584.68	
1441.58	
1448.94	
1460.82	
1474.5	
1497.21	
1541.16	
1610.12	
1719.87	
1901.35	
2344.72	
3090.54	
3681.51	
4180.17	
4709.52	
5238.97	
5790.4	
6392.76	
7006.18	
7519.41	
7893.84	
8249.48	
8548.93	
8789.07	
8969.18	
9137.78	
9348.58	
9501.29	
9665.62	
9779.59	
9851.42	
9878.46	
9914.82	
1383.51	
1388.78	
1395.53	
1407.54	
1436.51	
1481.68	
1548.58	
1637.48	
1785.58	
2157.7	
2891.47	
3606.88	
4151.64	
4710.77	
5245.72	
5816.96	
6385.98	
6968.06	
7500.43	
7926.32	
8318.35	
8677.46	
8925.48	
9135.58	
9323.02	
9495.63	
9729.67	
9913.01	
10077.2	
10200.1	
10270	
10313.9	
1319.88	
1325.18	
1334.15	
1350.85	
1383.62	
1435.74	
1503.07	
1589.39	
1715.24	
2020.64	
2710.17	
3495.1	
4156.47	
4720.21	
5275.49	
5840.12	
6382.12	
6898.62	
7473.7	
7955.12	
8360.85	
8752.89	
9065.57	
9293.06	
9477.73	
9687.52	
9919.92	
10180.8	
10329.1	
10464.9	
10621.4	
10719.5	
1249.95	
1265.05	
1283.96	
1305.34	
1347.48	
1405	
1470.59	
1542.9	
1664.33	
1940.26	
2514.73	
3428.9	
4173.87	
4725.93	
5307.83	
5863.64	
6349.61	
6868.48	
7447.3	
7956.23	
8399	
8791.82	
9159.59	
9415.59	
9605.66	
9850.32	
10100.1	
10338.9	
10654.5	
10785.5	
10906	
11027.6	
1170.85	
1197.28	
1220.48	
1272.11	
1327.84	
1385.59	
1438.86	
1513.71	
1628.73	
1861.43	
2476.43	
3378.1	
4142.87	
4747.48	
5316.5	
5841.53	
6339.53	
6869.09	
7447.84	
7965.93	
8379.93	
8814.96	
9234.8	
9498.43	
9730.39	
9956.52	
10210.3	
10487.5	
10816.6	
11183.2	
11331.6	
11445.1	
1066.34	
1097.74	
1177.51	
1246.64	
1313.04	
1370.35	
1426.4	
1490.28	
1597.82	
1852.14	
2489.08	
3345.01	
4060.35	
4744.58	
5318.43	
5817.5	
6319.05	
6898.23	
7468.8	
7942.14	
8393.05	
8828.9	
9248.1	
9569.41	
9831.84	
10006.5	
10264.4	
10586.1	
10948.2	
11404.7	
11822.6	
12087.4	
931.225	
1049.89	
1146.62	
1232.04	
1303.9	
1363.42	
1413.12	
1477.97	
1591.64	
1854.94	
2503.79	
3306.24	
4018.33	
4705.56	
5289.7	
5807.08	
6318.99	
6906.18	
7486.56	
7956.34	
8408.29	
8819.71	
9229.82	
9612.78	
9877.39	
10061.4	
10301.4	
10665.3	
11022.4	
11524.9	
12090.4	
12731.1	