
535.33	228.482	480.08	261.416	479.868	269.713	539.243	218.962	
529.382	251.177	466.819	270.112	465.105	245.794	501.422	203.255	
518.071	245.684	457.103	292.573	470.235	219.807	451.37	206.397	
488.493	248.394	472.8	267.715	493.411	203.92	420.661	204.013	
447.004	240.6	488.659	232.958	492.173	213.048	403.649	220.153	
446.351	228.338	490.592	208.912	509.672	250.043	405.742	261.101	
441.559	210.531	469.062	210	496.636	296.873	421.883	278.148	
462.909	194.071	449.649	231.788	450.279	314.049	427.738	283.997	
442.84	197.402	433.503	257.863	415.785	322.121	450.816	263.581	
412.878	215.812	405.964	278.345	386.122	326.315	445.76	261.203	
398.653	232.945	389.291	307.96	379.865	331.373	462.532	279.51	
391.083	251.567	385.255	339.968	384.184	323.654	471.394	316.966	
406.755	245.275	402.161	368.078	423.983	322.83	466.41	338.705	
414.41	263.982	449.231	384.511	472.812	350.942	476.794	342.473	
489.854	357.296	516.827	466.51	527.228	438.097	533.393	427.026	
795.714	732.236	810.139	786.123	792.185	771.519	810.223	762.222	
1196.85	1195.51	1196.13	1173.13	1137.69	1184.11	1161.19	1177.1	
1362.03	1355.73	1346.07	1303.3	1270.88	1322.33	1301.36	1317.14	
1410.08	1391.99	1381.35	1317.86	1304.18	1335.21	1332.4	1346.74	
1419.58	1403.17	1350.24	1320.17	1331.3	1352.57	1360.21	1340.17	
1393.22	1396.68	1339.72	1312.84	1372.38	1345.79	1362.95	1351.45	
1374.47	1363.89	1360.44	1318.82	1395.75	1348.54	1362.24	1373.86	
1353.02	1334.46	1385.48	1310.59	1420.69	1337.04	1376.58	1382.84	
1354.99	1303.04	1414.83	1325.77	1402.52	1318.42	1402.15	1367.03	
1377.95	1283.42	1429.97	1327.14	1398.55	1296.57	1422.22	1326.74	
1403.85	1279.53	1420.76	1337.16	1428.89	1268.22	1447.1	1308.68	
1422.69	1264.86	1441.79	1322.09	1466.92	1246.83	1444.39	1302.46	
1465.78	1278.72	1439.32	1295.54	1499.04	1231.77	1442.55	1295.4	
1484.85	1286.81	1446.29	1251.38	1501.96	1248.9	1432.15	1276.35	
1491.41	1243.9	1474.15	1242.03	1497.03	1250.93	1437.78	1264.18	
1485.35	1207.37	1488.61	1234.65	1497.21	1258.1	1448.17	1221.86	
1488.1	1189.32	1527.25	1236.64	1512.7	1256.25	1460.56	1203.37	
503.547	241.046	471.983	263.851	479.851	231.184	531.162	219.4	
504.908	241.345	467.906	277.039	478.666	232.301	506.813	219.681	
496.185	251.656	464.604	276.561	477.864	222.452	468.288	212.126	
476.417	254.19	467.409	265.557	483.089	216.603	433.19	218.589	
454.64	255.027	472.704	234.483	499.712	225.731	415.392	233.399	
438.09	241.648	470.922	219.876	495.448	256.794	412.359	253.028	
448.672	229.541	464.252	215.971	475.09	294.203	410.121	271.149	
444.332	216.383	447.542	232.288	450.345	319.978	424.564	278.365	
435.246	212.489	424.171	253.574	423.973	333.322	424.942	279.997	
416.609	226.019	415.934	282.816	404.487	341.395	438.362	272.597	
402.543	245.868	405.085	317.899	385.026	341.91	441.389	284.383	
405.368	254.336	395.983	351.205	395.093	339.933	452.731	296.061	
412.91	264.969	414.043	371.035	416.642	345	460.977	319.28	
434.139	279.811	440.784	402.974	449.792	369.809	466.922	357.411	
504.977	380.046	523.58	487.041	539.966	458.204	544.504	444.248	
854.781	809.197	865.661	861.674	847.709	847.582	868.688	844.519	
1228.26	1257.62	1235.31	1241.12	1171.14	1245.41	1207.97	1242.65	
1350.25	1382.45	1346.74	1330.62	1271.11	1350.13	1299.83	1344.86	
1376.43	1396.51	1356.07	1341.29	1297.33	1368.33	1337.47	1352.77	
1384.38	1396.02	1348.67	1339.23	1330.27	1362.11	1343.19	1360.35	
1381.61	1389.63	1342.06	1344.79	1360.91	1369.93	1346.88	1362.76	
1366	1366.64	1361.78	1340.95	1392.96	1358.65	1352.03	1371.76	
1358.9	1336.25	1386.8	1347.42	1403.7	1349.19	1367.56	1369.19	
1368.73	1314.32	1399.67	1338.9	1413.96	1335.8	1389.85	1351.29	
1389.74	1291.98	1412.97	1338.69	1422.44	1318.33	1408.71	1329.19	
1410.35	1274.63	1431.47	1325.62	1432.46	1295.4	1429.29	1305.22	
1435.6	1282.89	1439.09	1311.81	1457	1270.73	1441.18	1295.66	
1452.31	1284.71	1450.55	1288.11	1475.75	1261.97	1442.67	1288.89	
1472.58	1274.08	1460.08	1265.83	1490.96	1253.97	1447.58	1279.21	
1474.7	1251.44	1466.54	1240.47	1492.13	1259.47	1455.77	1256.4	
1485.26	1217.12	1490.56	1234.88	1497.09	1251.77	1470.08	1231.35	
1484.44	1199.86	1483.7	1227.32	1501.43	1252.07	1482.68	1217.96	
462.708	241.932	465.199	281.764	487.56	197.715	524.959	236.812	
473.474	251.493	468.593	270.482	476.309	213.314	508.787	240.373	
465.442	264.845	469.588	259.681	479.531	230.722	489.315	239.807	
452.104	271.237	461.415	250.839	486.041	237.125	462.064	236.253	
444.499	274.019	453.751	237.67	488.975	247.787	442.101	243.996	
447.06	270.183	456.774	226.644	478.681	270.963	417.053	249.917	
439.514	257.753	457.758	229.991	458.584	299.661	414.161	263.969	
436.478	249.141	440.746	233.297	440.45	331.272	408.11	284.663	
426.829	245.403	428.362	252.12	432.72	349.217	419.15	288.59	
422.258	246.966	421.426	287.718	421.303	357.094	412.715	295.608	
418.843	259.482	417.101	330.072	404.196	360.234	417.659	292.76	
418.762	275.441	418.774	361.295	398.997	363.796	422.378	289.987	
422.593	288.404	417.971	387.402	410.199	378.104	438.693	306.62	
452.847	331.434	442.239	429.972	455.684	406.211	480.143	366.97	
577.169	473.752	576.62	573.837	587.169	542.285	602.19	529.751	
905.995	881.146	914.196	936.693	899.483	916.001	920.602	914.963	
1244.34	1288.96	1245.49	1285.21	1191.54	1286.32	1231.55	1292.81	
1319.39	1389.22	1325.85	1365.29	1258.39	1372.39	1311.2	1367.24	
1338.83	1401.05	1333	1372.01	1289.82	1386.37	1323.86	1383.34	
1341.94	1403.96	1343.35	1377.55	1320.43	1389.94	1335.3	1382.06	
1358.91	1390.76	1351.43	1376.56	1356.17	1389.96	1330.87	1380.88	
1367.38	1368.43	1354.27	1387.21	1381.9	1382.24	1345.94	1366.62	
1374.92	1350.72	1361.94	1383.04	1403.41	1366.21	1362.18	1349.77	
1389.12	1327.17	1372.84	1372.03	1426.29	1361.75	1371.77	1332.24	
1398.52	1306.17	1413.45	1343.21	1433.75	1345.31	1403.65	1326.83	
1423.03	1299.04	1439.76	1318.52	1431.3	1325.29	1417.85	1309.44	
1443.87	1292.78	1452.02	1303.16	1431.99	1317.79	1431.45	1290.98	
1453.99	1290.52	1470.87	1287.72	1449.87	1294.19	1447.46	1285.99	
1461.71	1277.61	1477.93	1269.06	1472.07	1270.86	1469.22	1278.24	
1472.88	1259.87	1481.86	1252.81	1491.56	1255.54	1485.8	1255.55	
1473.48	1238.24	1472.65	1227.36	1491.36	1252.14	1497.3	1248.34	
1502.4	1216.49	1472.48	1225.37	1481.85	1233.82	1506.88	1232.03	
471.293	265.348	466.352	264.459	453.193	194.504	510.937	276.65	
454.26	270.841	469.265	264.407	462.843	204.033	503.422	274.93	
438.794	278.09	458.763	254.837	472.358	229.428	489.514	265.95	
423.824	293.447	450.607	239.121	489.559	253.953	489.011	255.718	
425.277	297.458	460.128	236.831	468.674	267.302	464.859	249.789	
430.062	301.886	461.496	241.543	455.852	286.178	443.349	254.273	
439.074	293.965	451.514	239.943	444.403	315.533	416.32	271.389	
434.599	285.834	438.592	240.794	430.122	344.083	407.464	287.256	
431.874	279.597	436.444	258.813	422.093	365.174	399.511	310.15	
430.97	278.441	430.525	290.764	420.699	373.711	405.994	313.262	
436.789	279.545	425.971	336.458	419.951	378.034	395.981	311.853	
427.957	296.322	427.221	378.181	410.064	388.056	393.116	307.338	
436.664	327.069	415.735	403.411	429.162	400.991	424.445	321.195	
490.869	395.041	475.471	479.13	487.109	464.224	501.698	402.091	
701.698	658.888	692.946	739.118	701.841	704.075	724.158	680.794	
1026.49	1054.58	1024.64	1104.91	1013.05	1073.74	1037.76	1074.47	
1231.74	1302.77	1230.21	1327.1	1198.29	1308.18	1238.62	1317.56	
1302.55	1378.71	1296.49	1394.15	1256.35	1389.37	1305.66	1403.33	
1308.72	1402.65	1331.75	1414.2	1276.86	1404.41	1323.97	1400.76	
1325.15	1413.29	1338.57	1407.05	1313.04	1417.49	1323.03	1401.55	
1337.96	1401.99	1350.2	1415.49	1347.2	1409.65	1335.37	1394.61	
1370.98	1382.54	1345.83	1416.9	1377.98	1397.77	1342.07	1374.91	
1391.14	1362.45	1332.44	1422	1407.09	1391.25	1350.28	1346.57	
1394.68	1354.13	1373.36	1393.35	1421.86	1374.68	1378.18	1335.71	
1407.19	1343.28	1416.97	1357.45	1429.83	1362.61	1400.99	1319.31	
1424.7	1320.47	1452.89	1328.51	1420.46	1352.69	1420.33	1312.6	
1451.14	1307.01	1478.76	1295.41	1419.56	1334.04	1421.64	1306.91	
1469.66	1301.16	1482.38	1290.21	1433.64	1308.65	1456.3	1290.34	
1473.2	1292.3	1493.2	1276.43	1459.63	1283.19	1488.9	1271.66	
1481.61	1274.29	1488.02	1249.1	1482.01	1262.55	1510.94	1274.04	
1497.67	1252.18	1477.6	1236.88	1490.04	1242.86	1528.59	1251.43	
1495.96	1242.62	1470.04	1230.04	1496.65	1234.68	1537.23	1236.46	
479.021	301.974	469.901	242.213	429.97	195.736	490.296	312.419	
453.476	292.236	450.972	257.641	446.533	209.032	477.215	300.692	
427.098	292.574	441.684	261.067	469.29	229.192	473.841	290.94	
410.634	304.306	457.236	248.483	459.222	254.798	477.124	273.494	
401.586	321.988	472.927	242.563	458.152	280.207	487.712	253.468	
412.562	328.756	458.747	242.978	436.95	305.486	454.425	266.71	
431.125	328.98	448.947	252.587	426.253	330.13	424.203	281.092	
441.531	321.997	439.972	256.618	424.42	357.624	409.466	299.201	
445.126	316.48	432.152	266.682	417.633	375.757	408.589	321.691	
450.652	308.59	439.16	299.165	421.24	384.968	403.039	339.676	
447.456	317.637	435.432	346.779	428.428	399.012	400.738	346.129	
453.445	336.019	435.316	392.669	441.201	413.549	406.751	362.635	
476.956	378.644	461.367	446.778	468.113	451.939	444.63	388.235	
573.861	512.738	551.314	580.111	566.955	569.23	562.845	507.288	
841.865	866.123	824.717	931.134	833.975	885.987	850.63	858.226	
1128.03	1223.32	1118.04	1282.59	1123.41	1221.6	1146.99	1225.23	
1239.67	1349.71	1233.54	1398.53	1229.69	1353.86	1257.3	1366.21	
1277.8	1387.32	1278.95	1439.2	1260.2	1396.4	1296.21	1408.93	
1303.02	1417.32	1308.8	1444.29	1278.96	1428.97	1318.17	1420.34	
1315.34	1431.64	1342.37	1446.73	1299.19	1434.44	1321.85	1415.52	
1341.8	1425.44	1335.18	1444.11	1340.91	1426.36	1332.98	1405.36	
1367.35	1407.93	1327.64	1442.73	1381.55	1414.15	1347.52	1389.35	
1380.55	1400.44	1349.67	1431.71	1400.54	1401	1366.99	1371.66	
1398.14	1380.05	1375.24	1411.93	1419.46	1389.28	1386.8	1354.53	
1419.16	1367.22	1421.99	1377.97	1421.47	1379.47	1416.5	1335.58	
1438.99	1349.41	1463.16	1343.5	1426.81	1364	1422.36	1321.77	
1459.58	1325.97	1488.15	1326.08	1424.97	1334.49	1444.44	1314.71	
1482.74	1318.62	1500.62	1285.34	1441.04	1307.91	1467.02	1296.56	
1502.95	1304.71	1491.37	1272.61	1452.16	1298.38	1496.84	1291	
1505.29	1274.41	1503.87	1265.66	1473.09	1271.3	1529.54	1276.45	
1508.69	1252.06	1493.24	1247.46	1498.97	1248.1	1557.49	1267.12	
1522.36	1255.31	1471.97	1238.51	1517.92	1236.99	1568.63	1242.27	
464.398	307.811	432.988	262.067	424.503	210.754	434.365	323.103	
458.501	312.688	431.187	260.964	443.92	217.147	439.126	319.571	
420.628	316.708	433.781	270.642	443.082	234.106	444.082	303.52	
399.214	328.27	449.263	265.647	435.675	259.103	461.283	287.187	
392.787	343.617	454.761	251.869	427.98	285.031	461.623	276.062	
402.519	350.555	459.705	254.554	426.81	312.622	460.367	276.582	
415.825	355.267	442.532	261.135	420.491	345.267	429.884	294.022	
449.671	358.798	437.053	272.417	414.203	364.763	422.599	311.998	
462.038	353.973	425.2	288.445	420.334	381.623	419.203	343.842	
461.577	350.207	441.72	314.581	432.772	400.5	417.747	365.344	
477.458	373.02	469.887	370.183	459.507	430.239	433.108	405.53	
531.924	447.824	517.259	470.425	521.892	512.836	491.997	479.793	
622.128	570.058	600.899	611.629	613.159	631.186	584.783	596.221	
773.157	780.397	749.803	827.901	762.19	823.117	749.702	788.192	
1002.37	1094.46	974.181	1141.44	990.453	1100.02	997.386	1083.7	
1188.33	1345.76	1164.71	1405.45	1182.49	1317.67	1199.27	1328.66	
1246.23	1403.1	1234.17	1483.34	1255.67	1385.32	1268.98	1402.39	
1266.52	1429.58	1260.31	1495.85	1266.83	1424.88	1286.16	1424.58	
1294.79	1447.34	1294.51	1499.37	1280.51	1442.72	1305.57	1430.87	
1322.81	1463.31	1315.02	1489.65	1305.05	1447.38	1316.89	1424.88	
1343.1	1463.44	1330.77	1474.35	1338.88	1442.62	1337.37	1419.11	
1359.5	1457.24	1335.03	1472.56	1371.88	1427.65	1364.95	1411.06	
1376.73	1428.32	1355.97	1446.74	1399.28	1409.56	1390.44	1402.92	
1400.04	1406.84	1394.62	1415.15	1412.46	1410.24	1413.96	1384.62	
1436.16	1391.77	1435.55	1401.32	1435.18	1398.78	1424.15	1362.14	
1468.95	1377.14	1480.94	1385.73	1440.24	1373.45	1455.67	1350.82	
1483.24	1365.82	1494.85	1349.45	1467.12	1361.07	1472.72	1320.73	
1505.85	1345.06	1518.41	1313.24	1467.85	1334.29	1496.78	1324.39	
1533.55	1317.45	1530.86	1287.96	1479.71	1309.8	1516.27	1315.09	
1539.97	1294.27	1520.1	1287.25	1497.65	1293.26	1550.04	1299.96	
1530.89	1266.51	1508.89	1277.8	1518.33	1278.12	1581.34	1276.06	
1525.87	1254.2	1505.99	1244.78	1545.83	1258.17	1593.06	1286.14	
466.135	312.321	404.856	281.504	423.449	224.937	383.927	339.384	
431.675	320.537	413.599	290.884	419.426	232.5	396.219	323.309	
416.952	338.901	417.708	286.555	417.698	245.472	420.671	313.362	
392.644	357.074	421.694	282.427	415.794	266.97	431.153	302.277	
385.16	368.594	430.888	282.373	415.65	293.625	441.919	303.527	
389.312	375.71	439.283	282.705	416.463	324.703	441.071	297.082	
418.134	382.359	445.916	286.472	422.023	349.371	442.22	311.965	
446.784	392.688	429.878	294.3	418.148	378.674	433.47	348.085	
476.254	396.266	442.191	325.889	429.097	395.374	445.589	366.176	
494.121	416.551	471.464	367.049	460.307	428.465	459.042	417.36	
555.482	498.096	546.786	467.507	538.391	537.847	524.281	520.744	
699.238	689.805	696.86	678.217	693.047	738.046	677.122	726.205	
912.654	967.074	892.498	967.768	910.26	1013.08	894.589	1001.85	
1061.19	1168.07	1029.92	1177.95	1052.9	1193.36	1041.02	1188.54	
1165.12	1316.02	1130.99	1340.49	1152.98	1319.55	1153.72	1322.37	
1231.33	1418.62	1197.42	1464.87	1220.21	1391.84	1228.23	1404.61	
1257.08	1491.47	1220.26	1560.23	1248.46	1423.85	1262.02	1446.98	
1266.92	1509.96	1250.34	1582.56	1270.83	1442.48	1281.16	1449.8	
1293.62	1522.81	1275.09	1589.98	1294.1	1473.36	1298.37	1443.42	
1333.32	1538.3	1308	1575.59	1318.16	1470.75	1322.66	1436.9	
1349.78	1545.81	1332.09	1555.2	1340.04	1454.79	1350.99	1431.33	
1351.94	1495.44	1353.09	1490.24	1370.15	1444.49	1380.59	1450.4	
1390.27	1451.43	1373.92	1469.69	1401.38	1445.96	1410.81	1432.99	
1434.35	1447.49	1423.38	1459.22	1441.17	1442.17	1440.96	1424.16	
1490.5	1455.27	1491.62	1463.09	1482.56	1452.43	1489.51	1430.98	
1557.82	1474.57	1559.08	1473.76	1545.09	1470.56	1546.96	1437.51	
1629.73	1505.1	1634.07	1489.7	1601.41	1495.4	1618.42	1473.4	
1652.08	1487.98	1655.88	1465.9	1620.76	1481.56	1640.79	1464.98	
1669.12	1459.52	1666.92	1443.34	1629.51	1454.05	1665.25	1457.17	
1656.86	1410.26	1639.81	1404.88	1625.58	1413.52	1672.39	1416.1	
1643.87	1380.94	1624.21	1379.81	1636.37	1389.91	1685.15	1402.66	
1662.07	1393.39	1646.34	1398.03	1668.2	1406.06	1720.38	1419.45	
423.794	319.665	392.758	323.847	399.893	251.037	358.735	336.152	
416.964	334.696	396.942	313.329	396.083	253.039	370.76	336.828	
395.386	359.862	391.43	309.533	402.214	264.895	386.506	324.226	
389.205	380.813	391.711	313.855	402.599	280.416	418.302	320.556	
380.964	395.382	411.4	327.966	413.033	305.37	425.905	313.375	
392.483	406.695	426.593	324.455	415.474	333.455	433.362	328.115	
419.145	421.506	444.002	327.627	418.335	370.101	447.7	349.116	
468.346	448.373	469.116	363.337	450.724	416.135	472.885	389.892	
517.707	498.968	502.128	423.062	487.91	477.815	501.494	459.744	
601.994	598.631	586.167	541.179	570.647	596.899	580.905	579.111	
729.633	777.032	727.559	733.011	714.649	795.203	716.618	784.298	
931.984	1050.53	944.714	1017.41	936.428	1085.26	936.633	1082.37	
1105.25	1264.39	1107.84	1237.7	1114.12	1296.47	1117.63	1304.08	
1212.65	1376.49	1187.66	1359.99	1215.96	1408.87	1212.54	1412.54	
1251.7	1422.85	1211.32	1422.34	1242.74	1429.51	1235.79	1441.39	
1264.6	1456.02	1214.17	1488.22	1243.38	1447.31	1247.86	1463.61	
1270.09	1530.83	1223.81	1580.66	1242.74	1461.25	1257.4	1474.46	
1289.38	1720.21	1244.71	1782.47	1276.71	1481.43	1287.59	1476.06	
1325.39	1796.8	1286.45	1856.21	1321.94	1503.7	1325.97	1478.02	
1375.23	1855.72	1342.82	1903.51	1372.73	1528.34	1378.6	1493.81	
1405.03	1662.43	1390.84	1679.74	1405.5	1527.9	1417.05	1513.72	
1427.55	1586.65	1419.15	1594	1429.82	1527.38	1445.43	1516.88	
1466.69	1570.95	1465.58	1574.14	1476.8	1542.74	1488.14	1538.45	
1573.97	1608.94	1564.02	1625.46	1573.88	1602.73	1583.28	1589.4	
1751.42	1736	1745.37	1741.88	1749.51	1727.82	1755.01	1708.74	
2009.75	1941.62	2007.66	1936.36	1996.38	1935.2	2006.03	1916.86	
2317.84	2195.03	2315.21	2191.74	2296.14	2190.88	2305.71	2176.1	
2597.68	2431.54	2596.73	2429.32	2573.99	2426.4	2593.19	2420.77	
2520.98	2319.57	2514.95	2317.84	2503.33	2320.64	2530.73	2313.56	
2471.1	2237.87	2465.16	2235.7	2460.12	2241.21	2492.88	2251.7	
2558.06	2306.37	2548.41	2305.95	2548.77	2310.93	2583.35	2325.13	
2678.26	2414.47	2664.11	2419.75	2674.82	2421.54	2711.46	2436.05	
380.008	334.214	389.999	339.936	362.161	282.537	347.333	352.473	
383.504	361.604	373.941	343.089	377.998	284.132	352.655	350.504	
391.843	381.377	369.72	348.364	384.568	289.922	374.452	343.249	
383.421	407.135	380.574	358.826	396.694	303.424	389.835	329.972	
383.761	424.96	395.628	371.962	407.077	315.164	421.052	339.397	
400.375	449.138	434.135	394.658	417.782	357.13	438.741	354.997	
451.598	502.216	470.593	432.082	452.977	424.185	478.028	413.031	
539.263	618.886	551.281	545.877	528.281	546.549	553.757	529.341	
693.412	804.189	700.21	741.964	680.07	769.43	690.995	752.445	
836.084	992.768	844.244	943.913	825.968	984.624	829.003	967.423	
976.125	1183.21	996.734	1147.26	980.042	1197.21	981.42	1180.59	
1091.08	1328.04	1120.52	1293.38	1103.57	1352.66	1111.88	1346.12	
1179.54	1409.92	1206.87	1374.23	1198.08	1440.86	1208.57	1447.81	
1232.67	1433.05	1232.13	1401.65	1246.58	1458.4	1255.3	1474.73	
1277.88	1438.18	1233.27	1434.13	1272.82	1475.15	1268.62	1484.28	
1282.2	1478.55	1235.8	1495.9	1256.8	1478.27	1259.01	1487.57	
1285.19	1562.87	1234.91	1585.05	1254.45	1500.1	1268.47	1492.23	
1318.26	1823.01	1256.52	1850.36	1290.52	1530.33	1305.35	1508.84	
1443.56	2785.41	1364.68	2858.53	1438.45	1632.24	1448.4	1601.36	
1612.5	2364.43	1575.71	2416.4	1620.22	1793.78	1627.91	1774.46	
1828.63	2241.28	1810.3	2280.76	1835.24	2009.76	1845.02	1990.68	
1962.87	2220.24	1953.86	2243	1963.79	2123.86	1975.43	2110.4	
2059.74	2248.14	2057.98	2261.35	2061.03	2200.85	2074.62	2194.14	
2262.21	2405.04	2266.17	2413.03	2270.82	2382.01	2281.88	2379.69	
2762.46	2839.27	2757.5	2852.03	2761.89	2832.05	2771.65	2826.15	
3547.82	3560.15	3543.24	3570.38	3543.89	3550.13	3552.69	3551.02	
4358.12	4297.93	4351.29	4315.2	4353.72	4293.46	4358.6	4300.18	
4896.96	4753.86	4889.58	4778.78	4892.91	4757.6	4896.05	4760.65	
5319.45	5125.06	5323.32	5148.59	5325.99	5127.53	5330.96	5138.07	
5454.52	5230.48	5457.94	5250.55	5461.19	5232.47	5467.11	5241.95	
5603.63	5356.76	5606.28	5377.1	5609.38	5358.49	5616.68	5371.3	
5772.77	5509.6	5774.59	5531.83	5780.66	5511.94	5786.83	5526.36	
336.912	365.244	355.86	346.517	362.029	317.17	332.931	375.16	
354.117	373.943	355.284	366.719	350.674	319.965	346.272	362.9	
379.307	423.262	350.1	400.475	365.284	322.096	353.919	355.414	
388.499	454.256	367.438	429.168	382.102	329.39	383.019	360.952	
405.497	509.762	408.267	473.351	414.133	361.753	419.694	380.445	
447.2	593.264	458.71	551.169	457.542	422.336	473.676	435.615	
542.745	751.487	558.674	711.453	543.67	575.656	561.011	572.5	
729.651	935.671	731.75	892.758	712.812	864.986	735.718	851.356	
922.395	1178.39	926.899	1144.2	905.118	1154.99	921.625	1138.92	
1064.41	1370.57	1081.28	1340.25	1059.44	1356.94	1055.11	1346.15	
1123.3	1438.6	1152.46	1414.02	1130.14	1442.36	1124.12	1426.9	
1157.84	1462.8	1198.51	1432.55	1180.4	1485.16	1176.49	1468.49	
1193.63	1464.27	1229.51	1428.41	1213.62	1490.4	1225.61	1489.54	
1232.05	1456.36	1250.98	1429.3	1253.72	1493.28	1255.02	1505.89	
1259.66	1469.37	1251.96	1449.7	1260.17	1497.56	1267.76	1506.95	
1277.78	1496.11	1247.46	1478.85	1278.36	1510.02	1278.73	1499.52	
1296.66	1590.55	1241.2	1567.64	1270.69	1533.41	1281.45	1499.85	
1372.46	1970.27	1312.75	1980.3	1348.4	1604.99	1365.11	1577.06	
1664.19	2537.04	1601.13	2575.27	1650.79	1895.7	1664.51	1874.22	
2504.89	3659.91	2453.4	3722.3	2514.58	2792.03	2521.32	2772.46	
3367.47	4100.45	3353.87	4152.86	3389.11	3725.64	3391.8	3715.33	
4077.2	4624.67	4082.69	4673.25	4099.4	4493.19	4104.74	4494.38	
4408.65	4875.3	4420.3	4914.06	4425.8	4824.76	4432.83	4832.11	
4646.72	5068.31	4661.54	5101.34	4663.75	5044.72	4670.89	5057.22	
5124.56	5501.97	5139.84	5534.56	5144.25	5489.75	5150.17	5509.05	
5918.54	6188.77	5922.83	6224.64	5932.26	6181.24	5936.42	6203.36	
6568.46	6649.16	6563.63	6680.85	6575.57	6641.02	6580.92	6665.04	
7040.62	6962.4	7028.81	7003.96	7047.34	6961.4	7041.9	6990.09	
7430.01	7231.89	7421.53	7274.18	7436.84	7237.15	7421.97	7252.96	
7653.9	7409.01	7663.91	7447.25	7674.17	7411.44	7661.05	7426.83	
7704.39	7441.94	7714.47	7476.31	7723.29	7443.39	7712.8	7456.27	
7711.43	7436.65	7725.94	7477.17	7729.93	7439.71	7721.54	7452.24	
315.029	376.453	327.032	378.213	322.698	362.184	328.84	378.138	
333.592	402.213	329.13	387.434	344.056	362.012	330.56	380.67	
357.525	442.241	342.134	437.342	348.907	357.45	349.981	383.794	
397.793	621.492	370.094	610.055	381	375.974	379.458	402.698	
466.958	823.286	442.87	810.047	452.017	454.421	451.11	480.212	
602.128	1130.39	589.51	1123.37	593.47	667.26	589.569	685.188	
750.53	1129.21	751.462	1118.13	745.369	930.881	751.123	937.118	
935.774	1276.73	931.28	1265.99	912.749	1225.03	924.63	1215.93	
1085.93	1430.1	1070.07	1419.01	1049.17	1438.27	1069.92	1419.64	
1141.7	1498.07	1141.2	1486.36	1120.96	1503.27	1132.19	1488.93	
1167.18	1522.64	1190.64	1491.32	1166.47	1513.33	1155.99	1502.58	
1181.42	1512.84	1218.54	1487.96	1194.79	1519.33	1186.9	1504.59	
1201.74	1497.76	1228.95	1471.54	1229.51	1520.97	1212.66	1520.65	
1224.18	1491.42	1250.78	1462.59	1250.86	1520.14	1244.42	1528.89	
1242.13	1488.37	1268.42	1459.02	1277.04	1526.24	1276.45	1530.14	
1261.71	1531.72	1250.79	1478.96	1277.77	1537.97	1285.13	1511.57	
1290.36	1623.03	1265.12	1588.91	1297.95	1549.7	1305.6	1521.08	
1436.48	1849.63	1387.27	1833.58	1418.4	1687.47	1430.28	1656.79	
2123.39	2731.44	2072.16	2746.68	2104.95	2425.12	2121.22	2401.58	
3701.86	4562.09	3668.45	4601.17	3709.96	4139.83	3717.38	4123.3	
5606.48	6602.3	5607.54	6653.87	5648.88	6224.95	5641.55	6224.55	
6453.21	7256.8	6475.84	7308.89	6501.96	7143.21	6494.2	7153	
6839.05	7590.13	6870.98	7653.26	6882.04	7559.76	6880.75	7586.62	
6983.65	7707.27	7015.92	7767.74	7019.9	7697.2	7020.59	7729.76	
7083.81	7759.6	7114.5	7817.02	7119.02	7753.35	7119.42	7786.78	
7203.5	7731.9	7226.48	7789.11	7228.48	7736.33	7233.95	7770.2	
7478.57	7740.51	7481.11	7791.02	7487.17	7739.01	7493.48	7776.76	
7784.12	7745.89	7766.48	7775.81	7783.19	7728.61	7784.89	7763.8	
7944.01	7749.31	7923.19	7790.02	7949.94	7741.92	7935.69	7774.16	
8013.57	7753.99	8004.22	7796.62	8024.34	7757.72	8001.77	7775.52	
8030.63	7755.15	8048.4	7804.37	8055.88	7761.88	8040.64	7776.34	
8031.07	7750.59	8056.32	7793.6	8047.07	7751.47	8049.34	7750.13	
323.083	409.177	302.424	402.898	318.739	417.795	315.892	384.051	
318.837	418.74	323.579	426.974	325.644	406.049	333.679	401.707	
345.53	493.134	341.548	487.685	352.787	417.546	353.022	430.533	
420.461	766.94	399.391	766.9	405.93	465.812	404.774	488.21	
598.867	1723.28	547.4	1741.76	556.082	652.078	538.049	678.398	
788.453	1505.63	771.591	1521.34	771.426	1015	759.471	1030.62	
973.236	1483.68	972.464	1512.6	967.571	1340	956.478	1346.96	
1066.54	1506.53	1063.23	1523.15	1051.55	1479.92	1049.37	1475.74	
1130.18	1532.51	1112.95	1534.94	1094.19	1544.42	1102.82	1533.2	
1171.79	1537.02	1152.42	1517.34	1127.13	1563.13	1154.84	1540.08	
1174.08	1546.03	1185.21	1520.24	1163.51	1545.22	1173.26	1535.15	
1191.87	1541.48	1207.96	1519.6	1194.99	1533.23	1178.58	1539.34	
1207.52	1528.59	1232.34	1509.56	1228.41	1540.76	1201.99	1548.71	
1216.47	1516.49	1245.44	1496.27	1264.32	1555.2	1235.31	1556.46	
1241.4	1529.48	1257.81	1495.57	1277.86	1559.82	1270.18	1553.17	
1253.95	1557.82	1278.28	1513.22	1296.1	1558.33	1299.68	1553.87	
1306.14	1618.97	1303.01	1570.63	1329.17	1594.86	1336.15	1572.59	
1547.83	1899.28	1522.16	1872.74	1553.39	1832.48	1558.99	1805.46	
2618.49	3117.25	2578.12	3111.47	2605.09	2990.66	2616.31	2962.86	
5007.09	5756.36	4988.4	5779.72	5013.57	5612.56	5024.88	5592.74	
6692.54	7560.36	6701.66	7596.91	6732.56	7451.12	6729.82	7443.43	
7279.26	8162.88	7307.65	8207.07	7340.5	8084.74	7321.39	8093.88	
7406.05	8240.85	7438.05	8293.85	7464.24	8217.33	7451.56	8233.08	
7458.21	8265.69	7497.32	8332.03	7508.18	8256.6	7503.12	8291.78	
7482.7	8235.64	7520.08	8309.03	7514.11	8248.89	7522.13	8288.94	
7532.67	8180.84	7563.77	8258.78	7552.79	8192.96	7562.12	8240.68	
7686.66	8063.06	7689.16	8115.11	7689.84	8061.97	7694.75	8099.74	
7909	7920.16	7888.92	7950.84	7905.71	7902.4	7907.25	7935.73	
8028.62	7841.98	8001.54	7861	8023.23	7815.52	8023.97	7851.52	
8063.21	7801.45	8044.04	7856.35	8070.45	7796.78	8052.01	7830.14	
8078.8	7789.69	8082.35	7848.01	8078.74	7796.07	8068.63	7797.96	
8071.5	7785.85	8108.99	7844.72	8097.39	7790.15	8102.91	7788.96	
324.828	444.411	326.943	459.713	329.406	465.337	340.109	433.764	
330.935	480.717	324.324	482.888	328.214	484.427	344.222	451.636	
376.877	600.267	378.818	607.679	380.387	529.536	390.636	521.151	
511.626	1046.25	502.458	1048.78	506.827	696.513	501.78	708.095	
718.833	1445.74	705.133	1455.25	701.82	1003.37	692.996	1012.74	
938.602	1731.75	934.429	1755.97	927.519	1343.83	910.455	1340.72	
1049.28	1618.66	1060.39	1645.54	1048.42	1521.12	1034.92	1520.74	
1103.54	1585	1103.16	1624.31	1096.52	1573.03	1084.77	1576.82	
1134.88	1578.47	1129	1572.98	1110.68	1584.88	1122.52	1574.92	
1157.43	1573.99	1155.21	1552.1	1123.61	1575.02	1150.85	1576.82	
1173.07	1557.36	1172.07	1543.59	1160.05	1564.34	1179.41	1576.64	
1179.98	1546.25	1195.76	1546.72	1198.91	1549.77	1184.25	1578.87	
1206.13	1541.3	1223.91	1542.48	1229.33	1560.74	1197.78	1579.75	
1232.76	1555.25	1246.56	1549.82	1270.2	1584.71	1236.7	1591.36	
1272.39	1601.43	1297.48	1579.52	1321.54	1628.25	1293.06	1625.73	
1335.34	1667.28	1359.55	1632.29	1378.06	1683.15	1370.73	1677.65	
1433.15	1770.13	1454.79	1730.69	1471.27	1775.02	1472.63	1766.35	
1829.84	2212.84	1825.58	2175.32	1848.02	2195.81	1852.36	2172.67	
3324.74	3869.09	3308.63	3858.12	3330.47	3826.11	3335.78	3800.18	
5828.1	6599.88	5818.64	6609.81	5836.24	6557.84	5845.77	6534.43	
7170.46	8030.46	7176.91	8056.79	7198.13	8011.77	7205.21	7996.42	
7431.48	8298.78	7451.57	8331.43	7480.95	8279.82	7472.72	8273.71	
7483.66	8348.02	7514.96	8387.63	7547.19	8314.08	7522.74	8323.05	
7504.9	8318.48	7536.09	8378.5	7554.75	8329.79	7552.93	8338.67	
7527.6	8298.33	7570.56	8382.99	7558.37	8311.53	7568.72	8354.03	
7582.89	8270.76	7600.77	8341.37	7590.05	8278.92	7599.21	8321.12	
7714.69	8164.73	7718.05	8212.96	7717.65	8155.94	7717.9	8185.71	
7930.04	7966.5	7913.62	7988.37	7928.51	7949.7	7924.56	7978.7	
8046.49	7860.33	8018.02	7892.97	8039.93	7842.01	8037.34	7871.65	
8078.48	7838.31	8060.75	7874.99	8062.87	7809.75	8070.96	7832.11	
8093.14	7810.14	8092.3	7861.12	8081.4	7808.31	8086.35	7817.05	
8113.82	7796.47	8113.24	7863.75	8084.86	7812.52	8089.07	7800.56	
392.031	617.776	393.936	631.282	392.734	635.158	410.728	603.309	
430.568	705.41	432.028	717.625	430.696	701.858	447.625	671.433	
509.755	900.708	502.543	906.07	502.795	824.755	517.689	800.706	
673.828	1208.17	679.126	1213.87	674.977	1097.32	681.866	1089.15	
866.93	1508.72	881.601	1505.74	865.694	1387.79	862.473	1384.29	
996.271	1646.73	1011.98	1650.14	995.857	1548.77	986.196	1538.91	
1067.47	1662.98	1083.5	1686.13	1069.34	1600.1	1056.27	1588.45	
1100.17	1629.91	1110.72	1629.28	1090.35	1613.87	1096.12	1607.76	
1122.2	1609.4	1137.44	1608.07	1112.26	1606.52	1125.84	1615.1	
1131.6	1590.86	1150	1587.98	1142.66	1592.69	1157.67	1606.3	
1158.97	1567.85	1166.81	1580.85	1167.5	1586.94	1173.19	1610.28	
1181.48	1545.05	1184.38	1568.83	1198.51	1582.53	1198.11	1609.92	
1203.36	1559.4	1204.46	1574.4	1236.44	1577.19	1200.03	1617.16	
1265.3	1620.64	1279.56	1627.26	1299.98	1642.2	1263.48	1662.39	
1431.94	1816.79	1453.7	1811.58	1474.75	1843.76	1445.06	1847.24	
1741.67	2193.23	1769.17	2173.4	1788.51	2222.4	1765.05	2217.14	
2116.79	2640.32	2141.87	2610.48	2152.67	2660.24	2147.79	2649.24	
2743.33	3346.24	2763.57	3318.99	2769.82	3357.45	2770.27	3341.68	
4374.04	5148.13	4379.2	5133.94	4388.04	5145.92	4392.23	5121.66	
6445.61	7359.21	6450.93	7365.08	6459.74	7354	6467.57	7329.99	
7297.57	8212.35	7304.46	8230.14	7319.45	8210.41	7328.15	8189.21	
7468.91	8349	7477.24	8373.67	7499.18	8350.25	7506.51	8335.61	
7500.16	8351.81	7517.95	8382.91	7539.22	8365.77	7539.59	8341.07	
7521.17	8347.65	7549.21	8395.35	7557.05	8353.02	7554.1	8346.62	
7554.18	8334.25	7569.15	8381.24	7573.42	8336.1	7575.09	8339.8	
7588.35	8308.25	7605.03	8365.63	7599.31	8299.23	7603.39	8318.41	
7707.99	8207	7707.23	8236.99	7709.43	8197.88	7704.77	8219.81	
7934.55	7994.67	7918.47	8009.18	7929.37	7980.62	7916.42	8005.97	
8046.32	7886.84	8034.03	7907.94	8036.85	7870.5	8036.42	7892.94	
8087.94	7845.44	8068.97	7871.04	8060.92	7843.94	8081	7856.77	
8110.14	7836.14	8096.45	7858.3	8072.28	7829.67	8086.22	7833	
8111.45	7828.68	8113.57	7835.71	8082.94	7830.28	8085.66	7822.58	
619.484	1157.42	622.127	1180.99	618.937	1178.83	642.562	1151.7	
693.21	1301.11	694.792	1320.62	687.638	1293.36	709.073	1269.29	
762.193	1397.39	764.843	1409.98	757.959	1389.63	775.905	1368.34	
845.034	1502.46	852.604	1504.2	842.078	1486.8	857.633	1474.9	
942.564	1627.11	960.751	1620.6	950.896	1605.81	954.767	1594.7	
1016.82	1670.11	1039.35	1659.72	1016.58	1639.14	1012.21	1639.43	
1063.92	1673.01	1073.96	1654.72	1056.68	1649.52	1050.87	1635.07	
1094.47	1652.25	1118.01	1651.35	1083.64	1650.4	1088.85	1632.36	
1099.5	1625.86	1140.42	1628.74	1120.11	1639.87	1126.02	1646.73	
1125.4	1608.76	1157.23	1635.89	1151.38	1627.82	1157.36	1646.4	
1150.24	1589.43	1169.98	1616.06	1182.06	1621.45	1181.43	1638.84	
1183.83	1586.98	1177.1	1606.22	1209.63	1617.45	1198.34	1650.63	
1214.21	1591.7	1219.23	1622.47	1246.62	1631.84	1230.28	1661.3	
1336.39	1734.77	1346.51	1753.16	1371.65	1757.6	1340.09	1791.13	
1866.49	2393.07	1885.69	2395.47	1900.24	2413.42	1872.8	2428.44	
2870.14	3654.43	2900.89	3647.17	2907.06	3677.45	2891.76	3673.44	
3923.51	4960.44	3957.53	4946.92	3953.3	4985.87	3944.17	4970.84	
4835.97	6042.61	4868.3	6027.76	4854.91	6062.19	4855.14	6040.79	
5840.28	7108.55	5868.19	7101.98	5854.36	7122.04	5858.58	7097.81	
6840.93	8059.08	6860.88	8062.15	6854.87	8066.58	6862.29	8040.98	
7318.53	8378.93	7332.62	8390.24	7337.94	8382.75	7346.35	8359.97	
7452.7	8390.96	7459.39	8405.86	7470.1	8410.11	7481.73	8369.89	
7509.07	8373.43	7512.46	8391.1	7516.8	8403	7529.65	8353.02	
7545.71	8372.05	7546.88	8380.54	7545.53	8381.25	7546.54	8343.39	
7576.19	8367.9	7569.78	8371.13	7572.74	8343.25	7560.35	8331.42	
7609.34	8331.45	7603.35	8334.96	7612.24	8318.69	7600.96	8313.73	
7696.47	8239.81	7688.05	8255.22	7691.37	8229.94	7685.19	8245.22	
7905.63	8044.61	7896.15	8048.55	7895.35	8032.29	7886.25	8052.69	
8050.67	7911.99	8040.28	7903.46	8036.66	7903.55	8022.92	7919.17	
8092.42	7870.68	8085.62	7856.83	8073.62	7869.17	8070.83	7873.5	
8102.27	7854.1	8094.3	7820.37	8079.47	7857.43	8093.71	7861.57	
8107.4	7849.63	8100.97	7821.62	8080.97	7850.76	8105.96	7847.43	
814.651	1651.59	812.135	1688.9	808.051	1692.08	833.824	1677.28	
852.834	1687.34	855.69	1719.49	848.723	1725.18	877.661	1704.43	
891.507	1698.84	903.427	1715.25	887.474	1727.15	906.549	1698.11	
928.353	1701.39	941.297	1700.68	931.886	1708.27	946.475	1684.3	
974.697	1695.09	985.345	1688.6	973.936	1681.73	988.202	1690.23	
1018.96	1704.64	1021.87	1681.01	1027.57	1684.38	1020.21	1677.41	
1061.26	1689.35	1074.14	1659.33	1047.44	1683.02	1043.22	1681.69	
1078.06	1664.05	1109.8	1659.34	1090.42	1677.65	1085.89	1666.84	
1099.41	1646.17	1145.56	1670.17	1123.4	1676.58	1127	1649.92	
1132.82	1649.03	1173.48	1674.42	1167.62	1681.19	1173.41	1684.03	
1186.49	1678.69	1209.9	1695.09	1225.82	1702.78	1225.09	1716.86	
1232.86	1700.33	1247.62	1723.02	1270.14	1731.66	1262.7	1752.6	
1322.41	1783.14	1323.83	1804.55	1350.32	1815.59	1339.48	1846.92	
1599.09	2114.65	1607.26	2137.27	1628.66	2148.46	1613.96	2176.31	
2563.63	3336.51	2581.9	3347.14	2592.07	3354.94	2573.72	3378.34	
4455.69	5732.71	4488.48	5728.55	4477.9	5746.29	4475.38	5746.26	
5834.11	7450.52	5881.29	7444.13	5854.48	7461.59	5861.99	7443.98	
6484.3	8224.42	6528.62	8217.56	6495.8	8238	6500.82	8211.97	
6794.79	8523.74	6835.19	8519.97	6802.51	8539.58	6808.52	8508.65	
7019.48	8595.21	7054.35	8594.83	7029.45	8607.68	7036.89	8577.75	
7225.85	8560.93	7249.65	8565.21	7239.57	8580.11	7247.17	8540.19	
7402.88	8470	7415.29	8475.81	7412.02	8494	7417.6	8446.74	
7504.55	8416.3	7499.19	8409.58	7496.81	8428.95	7505.12	8378.4	
7559.99	8400.43	7535	8364.07	7529.37	8391.29	7538	8351.87	
7591.17	8380.41	7574.69	8344.01	7560.35	8365.46	7555.56	8348.15	
7623.34	8347.84	7593.68	8317.21	7594.39	8332.35	7584.28	8333.35	
7696.55	8273.77	7682.71	8252.72	7679.5	8264.64	7679.11	8270.55	
7873.95	8102.86	7867.49	8093.11	7861.37	8096.89	7856.76	8111.54	
8046.99	7947.69	8043.25	7917.38	8039.19	7939.09	8010.65	7949.09	
8096.7	7894.3	8100.63	7834.04	8095	7887.66	8056.05	7893.69	
8105.23	7873.28	8108.06	7824.02	8100.05	7875.61	8105.17	7877.13	
8104.28	7853.72	8096.68	7798.99	8084.22	7867.46	8142.31	7867.87	
856.774	1791.62	846.006	1829	843.788	1848.21	879.706	1853.43	
869.679	1796.72	882.396	1830.51	870.833	1849.01	886.56	1815.87	
894.384	1788.64	918.019	1799.97	909.938	1817.76	932.744	1778.81	
944.485	1763.74	956.849	1763.25	943.671	1773.76	957.983	1754.91	
988.896	1754.62	984.009	1734.41	991.15	1735.07	990.815	1716.99	
1023.65	1732.64	1017.23	1700.02	1025.56	1709.26	1021.41	1717.5	
1046.84	1706.48	1058.71	1686.61	1073.56	1706.13	1057.75	1708.5	
1074.73	1693.54	1108.84	1681.9	1087.97	1700.5	1091.66	1697.58	
1113.47	1698.03	1148.94	1701.48	1133.59	1716.67	1139.54	1702.14	
1195.23	1764.89	1231.31	1782.25	1225.21	1793.56	1228.84	1776.85	
1370.86	1981.99	1402.74	2001.07	1407.38	2011.58	1409.63	2014.63	
1623.53	2313.01	1649.53	2330.74	1660.81	2339.14	1659.04	2351.98	
1901.86	2671.33	1921.09	2688.65	1933.99	2700.3	1927.17	2717.77	
2475.69	3404.01	2484.67	3416.79	2498	3429.55	2489.09	3453.14	
3805.28	5090.48	3823.15	5100.02	3824.12	5109.46	3817.96	5125.67	
5544.36	7253.9	5576.44	7254.26	5557.12	7260.54	5563.17	7265.3	
6571	8483.8	6615.93	8475.62	6582.81	8487.71	6601.23	8476.14	
6851.24	8778.42	6906.32	8773.66	6867.54	8780.95	6886.47	8758.38	
6958.55	8833.27	7009.36	8823.41	6967.93	8839.2	6977.97	8810.35	
7019.72	8810.63	7062.44	8810.16	7032.19	8831.05	7035.25	8789.68	
7128.86	8723.38	7162.16	8726.67	7147.37	8745.19	7139.93	8706.25	
7316.73	8578.5	7332.56	8576.37	7325.28	8590.76	7322.08	8556.03	
7480.72	8466.36	7476.46	8431.25	7462.91	8459.78	7466.98	8430.79	
7551.44	8418.15	7538.52	8373.47	7519.55	8402.32	7520.94	8391.13	
7588.29	8394.52	7555.79	8329.99	7544.01	8378.78	7552.17	8378.17	
7619.85	8364.02	7602.86	8305.11	7577.41	8356.93	7596.18	8360.48	
7693.87	8302.11	7684.74	8262	7668.46	8301.03	7680.55	8310.91	
7870.81	8168	7871.02	8131.65	7865.27	8163.25	7854.48	8170.28	
8065.28	7996.32	8066.23	7948.25	8064.39	7986.83	8030.31	7993.49	
8121.81	7929.03	8122.62	7876.31	8123.24	7912.45	8085.9	7918.98	
8125.95	7899.56	8130.8	7838.55	8119.95	7892.98	8123.41	7897.48	
8134.11	7880.26	8127.78	7840.48	8124.77	7887.09	8160.95	7898.24	
829.536	1873.52	841.623	1899.66	825.518	1927.93	844.797	1908.59	
849.389	1865.77	866.866	1880.25	860.659	1894.48	877.396	1870.07	
886.657	1847.88	907.466	1844.65	898.672	1853.3	907.137	1831.48	
943.608	1817.51	954.95	1803.14	954.788	1813.6	949.376	1786.43	
992.292	1794.54	989.836	1763.94	1002.84	1779.63	986.853	1766.74	
1029.79	1779.17	1030.33	1738.53	1052.64	1749.16	1030.08	1752.42	
1063.3	1760.45	1067.34	1734.65	1071.94	1734.12	1070.29	1742.97	
1091.59	1755.89	1106.74	1749.16	1112.24	1758.66	1112.91	1749.86	
1168.61	1821.1	1197.55	1813.9	1184.86	1832.12	1190.68	1825.35	
1406.1	2122.25	1437.12	2125.8	1426.79	2142.21	1430.51	2129.02	
2026.96	2987.24	2057.66	3003	2051.32	3014.6	2054.08	3002.15	
2944.22	4289.88	2972.14	4305.04	2967.9	4317.18	2967	4317.6	
3708.04	5361.83	3734.86	5374.42	3730.33	5386.73	3724.01	5389.83	
4410.17	6299.83	4434.12	6309.29	4426.33	6322.99	4417.99	6325.95	
5347.92	7444.66	5369.3	7448.78	5356.97	7459.88	5351.93	7464.48	
6230.23	8414.47	6258.35	8413.88	6236.45	8420.83	6241.75	8422.86	
6705.47	8830.3	6744.65	8824.95	6713.53	8830.28	6729.87	8825.22	
6903.65	8895.9	6953.62	8886.7	6916.54	8893.42	6940.86	8880.25	
6955.76	8886.77	7013.94	8887.66	6982.72	8888.47	7003.21	8862.81	
6999.27	8864.27	7049.81	8861.91	7029.58	8876.92	7019.38	8850.42	
7066.3	8809.58	7106.15	8822.78	7093.68	8822.01	7076.34	8804.76	
7224.55	8686.06	7244.47	8678.05	7228.67	8683.14	7225.36	8679.94	
7417.71	8531.61	7417.92	8500.4	7396.94	8521.7	7404.6	8527.68	
7527.75	8444.53	7512.68	8384.57	7486.87	8435	7507.4	8446.02	
7565.28	8397.65	7567.97	8337.98	7538.83	8399.9	7560.74	8408.76	
7597.37	8370.99	7599.57	8313.38	7569.48	8379.21	7601.55	8394.62	
7688.75	8336.34	7698.88	8279.67	7678.95	8334.35	7690.07	8348.97	
7929.93	8208.59	7936.25	8159.86	7927.93	8207.47	7922.13	8214.71	
8134.93	8090.12	8137.14	8044.33	8137.26	8085.96	8116.29	8082.84	
8210.84	8024.69	8209.63	7974.74	8208.9	8016.3	8199.41	8011.75	
8215.73	7987.25	8212.16	7941.8	8212.77	7981.24	8211.64	7981.73	
8230.29	7991.67	8228.07	7945.15	8226.23	7989.73	8233.97	7987.64	
789.093	1950.84	808.115	1977.93	803.033	1988.89	799.789	1970.07	
815.799	1950.87	842.413	1951.96	829.542	1954.44	835.47	1944.56	
893.062	1915.91	895.927	1904.52	894.909	1902.65	888.886	1883.92	
954.558	1881.04	970.695	1855.56	968.956	1862.82	949.505	1850.51	
1018.22	1877.97	1030.72	1840.45	1042.07	1858.4	1012.1	1851.46	
1091.94	1911.63	1095.22	1876.88	1107.12	1886.96	1089.85	1885.08	
1166.22	1972.69	1168.26	1944.14	1180.81	1946.2	1171.52	1946.68	
1241.69	2047.04	1245.37	2029.51	1251.36	2030.75	1252.08	2031.31	
1433.51	2303.86	1447.05	2299.43	1450.56	2311	1450.67	2303.67	
2016.85	3128.89	2040.78	3126.97	2025.18	3145.59	2030.5	3139.75	
3262.1	4905.85	3284.56	4911.66	3271.04	4925.93	3272.22	4918.09	
4722.29	6979.99	4744.18	6991.2	4729.34	7004.06	4729.41	6996.91	
5617.97	8218.6	5644	8226.55	5621.55	8241.11	5617.07	8236.09	
6016.35	8744.03	6046.4	8750.89	6023.09	8766.97	6012.92	8758.9	
6256.02	8987.72	6285.77	8992.5	6261.62	9007.87	6252.91	8999.91	
6479.63	9087.53	6511.29	9088.43	6486.56	9099.59	6482.91	9093.34	
6721.96	9033.06	6756.66	9028.2	6729.82	9031.57	6739.54	9032.51	
6881.58	8958.75	6921.04	8952.89	6896.6	8951.9	6917.44	8949.15	
6959.4	8912.48	6998.46	8905.88	6982.02	8909.41	6996.3	8905.03	
6984.27	8878.85	7036.59	8898.55	7024.44	8876.04	7022.83	8885.4	
7036.31	8852.37	7073.72	8860.7	7056.79	8842.8	7052.36	8866.1	
7140.91	8775.99	7157.86	8776.83	7135.2	8769.69	7138.13	8803.13	
7323.56	8628.53	7316.6	8600.67	7294.8	8622	7311.04	8654.96	
7489.97	8467.32	7494.06	8426.68	7465.27	8474.56	7497.58	8494.65	
7545.04	8405.29	7561.74	8356.7	7528.18	8418.83	7576.29	8442.03	
7576.36	8394.45	7608.43	8334.5	7593.6	8392.55	7600.95	8415.89	
7699.16	8348.4	7717.22	8297.02	7700.91	8347.11	7714.8	8368.8	
7991.34	8263.24	8006.26	8220.66	7994.11	8264.93	7998.08	8276.23	
8261.85	8188.43	8273.93	8147.7	8267.54	8199.95	8272.72	8190.6	
8373.22	8173	8376.36	8130.06	8377.71	8180.18	8374.34	8159.9	
8420.59	8185.14	8412.15	8144.26	8420.62	8183.71	8414.94	8160.68	
8419.93	8172.48	8410.25	8132.32	8420.15	8168.56	8408.85	8148.43	
720.38	2054.99	754.782	2080.52	750.181	2073.9	734.519	2085.93	
824.892	2063.7	839.376	2074.31	832.548	2074.81	822.209	2064.68	
945.432	2090.82	959.755	2078.94	952.559	2080.94	942.948	2070.9	
1039.89	2101.51	1048.48	2076.64	1051.57	2080.82	1030.21	2072.94	
1163.7	2199.65	1179.09	2169.19	1179.47	2176.5	1157.06	2171.82	
1405.01	2520.8	1413.6	2490.2	1420.25	2501.24	1400.21	2496.06	
1772.95	3078.46	1771.09	3050.95	1781.52	3058.08	1769.22	3056.86	
2121.69	3607.49	2117.76	3585.8	2126.54	3587.2	2120.39	3590.34	
2507.22	4177.07	2504.32	4165.23	2506.93	4169.78	2506.98	4170.51	
3383.08	5443.05	3383.48	5444.05	3377.62	5460.45	3377.11	5460.73	
4699.29	7283.36	4703.2	7288.16	4687.31	7303.41	4688.98	7304.78	
5731.37	8622.16	5743.42	8628.75	5726	8639.02	5725.6	8641.01	
6204.18	9169.07	6224.78	9180.14	6202.84	9193.33	6205.12	9186.81	
6370.98	9322.18	6397.56	9326.59	6370.02	9342.17	6366.5	9336.9	
6438.71	9343.46	6474.82	9349.59	6448.27	9364.82	6434.68	9353.52	
6511.92	9304.14	6548.78	9305.41	6522.72	9316.15	6514.86	9313.05	
6665.22	9180.73	6699.1	9176.73	6682.39	9178.49	6682.87	9182.43	
6860.04	9022.14	6878.34	9010.12	6871.14	9004.31	6881.21	9024.12	
6954.1	8933.83	6975.97	8936.05	6970.09	8917.99	6982.3	8949.16	
6992.36	8901.88	7019.62	8906.75	7011.15	8881.85	7023.43	8926.6	
7025.3	8871.27	7051.4	8889.61	7037.14	8856.37	7049.53	8910.01	
7098.55	8833.5	7096.99	8832.01	7087.15	8816.82	7097.34	8874.83	
7256.7	8697.71	7252.43	8676.44	7214.97	8710.27	7236.39	8746.77	
7442.04	8514	7450.91	8485.49	7424.34	8526.92	7461.83	8549.92	
7531.33	8431.32	7552.95	8404.17	7544.04	8434.98	7570.45	8457.03	
7584.61	8400.32	7611.41	8367.67	7597.55	8399.65	7629.3	8430.35	
7726.49	8363.46	7745.22	8330.7	7742.39	8367.42	7753.52	8388.96	
8061.05	8296.34	8078.15	8260.29	8068.86	8299.13	8074.43	8312.67	
8366.24	8254.73	8391.87	8215.88	8377.3	8260.15	8381.51	8266.41	
8456.15	8249.49	8471.33	8212.49	8466.69	8267.6	8476.26	8249.67	
8495.64	8257.62	8497.85	8212.74	8502.23	8263.72	8488.11	8234.97	
8517.93	8255.76	8486.4	8221.33	8516.77	8241.97	8498.88	8215.58	
785.872	2295.16	809.699	2324.04	773.88	2325.11	774.56	2334	
936.224	2425.18	961.652	2442.71	950.023	2439.24	935.283	2445.98	
1255.23	2808.9	1269.96	2808.52	1265.73	2810.58	1247.58	2805.14	
1588.25	3271.88	1598.45	3257.86	1593.99	3259.04	1579.11	3252.71	
1880.35	3679.73	1885.05	3661.52	1886.13	3661.5	1867.52	3654.51	
2458.11	4588.75	2464.13	4567.7	2463.58	4569.81	2445.08	4566.92	
3355.59	5975.37	3347	5954.18	3351.18	5957.14	3337.82	5960.56	
4153.48	7188.04	4134.04	7170.79	4139.41	7171.74	4134.68	7176.9	
4641.27	7904.13	4619.81	7894.27	4623.46	7895.84	4624.28	7903.52	
5053.25	8445.56	5031.38	8441.74	5029.08	8449.26	5030.82	8456.67	
5601.43	8997.85	5583.48	9001.19	5570.84	9021.1	5570.43	9032.5	
6070.76	9368.74	6062.67	9374.8	6049.09	9389.16	6050.35	9396.89	
6307.84	9446.39	6317.79	9451.95	6299.79	9463.5	6301.34	9468.08	
6415.64	9415.75	6443.83	9427.98	6421.5	9437.2	6424.34	9426.13	
6463.24	9405.73	6491.69	9400.73	6466.39	9411.76	6465.16	9413.07	
6494.37	9372.74	6535.19	9371.75	6518.03	9379.33	6508.26	9382.41	
6614.52	9284.65	6634.16	9268.41	6628.99	9269.16	6628.02	9284.73	
6823.92	9087.83	6826.47	9076.28	6833.21	9066.15	6832.63	9092.39	
6954.16	8964.95	6949.67	8957.78	6955.5	8932.03	6963.2	8984.91	
7004.96	8911.89	7002.35	8920.45	7003.53	8899.67	7019.76	8950.78	
7038.01	8882.98	7026.45	8892.14	7037.04	8880.44	7058.62	8931.27	
7082.21	8856.37	7074.92	8858.11	7070.41	8854.8	7087.83	8890.91	
7193.55	8768.5	7188.81	8758.13	7174.79	8778.12	7192.69	8800.65	
7381.74	8601.46	7385.79	8577.75	7365.59	8609.8	7388.79	8626.28	
7526.99	8469.52	7535.12	8454.79	7526.15	8471.78	7561.5	8494.32	
7607.56	8401.27	7610.11	8403.13	7619.47	8421.6	7646.81	8437.76	
7776.24	8374.57	7787.64	8358.89	7788.15	8383.1	7809.25	8403.66	
8164.92	8321.71	8177.83	8292.22	8179.4	8319.01	8180.75	8335.42	
8411.09	8284.2	8432.92	8251.6	8424.77	8284.83	8419.37	8293.72	
8482.89	8275.32	8512.91	8235.94	8496	8273.87	8491.12	8288	
8517.95	8272.31	8511.28	8234.27	8523.34	8275.96	8518.86	8266.09	
8545.54	8283.77	8512.28	8230.88	8549.01	8269.16	8525.78	8249.2	
1450.26	3647.06	1473.36	3668.94	1442.65	3667.81	1438.2	3674.31	
1631.71	3935.01	1654.24	3953.71	1626.36	3952.13	1618.8	3959.04	
2217.33	4897.13	2239.65	4907.21	2230.61	4900.54	2211.05	4904.71	
3086.62	6366.41	3095.07	6365.33	3091.1	6357.18	3068.35	6355.5	
3744.1	7476.44	3743.94	7470.84	3739.09	7461.65	3718.68	7457.76	
4212.28	8138.8	4205.92	8131.71	4203.55	8123.45	4183.71	8119	
4816.45	8884.5	4803.34	8875.96	4801.64	8869.09	4786.73	8870.07	
5358.01	9478.15	5330.3	9465.89	5331.96	9460.23	5325.26	9470.27	
5642.88	9742.01	5609.4	9730.8	5611.41	9728.19	5612.21	9734.45	
5794.34	9772.96	5761	9767.04	5764.14	9771.14	5770.61	9782.32	
5919.71	9748.79	5888.57	9746.37	5886.32	9758.85	5894.51	9770.98	
6103.89	9681.06	6079.26	9684.11	6067.77	9713.93	6068.97	9728.83	
6315.82	9545.49	6316.11	9548.82	6310.84	9555.51	6306.25	9556.22	
6422.68	9467.33	6440.54	9464.69	6427.09	9465.12	6428.18	9471.03	
6459.7	9432.84	6481.17	9435.13	6472.04	9437.87	6486.32	9434.16	
6503.61	9418.41	6511.99	9393.39	6510.24	9392.84	6516.36	9413.44	
6579.76	9344.11	6578.29	9329.65	6588.16	9334.73	6583.07	9339.52	
6778.22	9157.35	6768.5	9149.78	6781.57	9138.56	6776.88	9161.89	
6945.08	8998.19	6928.14	8992.7	6945.36	8981.26	6939.82	9014.95	
7020.02	8929.59	6987.09	8927.34	7011.61	8925.99	7014.55	8957.47	
7054.34	8907.06	7019.65	8906	7035.39	8906.75	7042.97	8920.6	
7077.95	8876.59	7060.27	8877.97	7065.03	8897.98	7078.5	8898.98	
7167.33	8831.15	7153.81	8815.68	7140.28	8842.07	7156.05	8839.82	
7338.08	8713.95	7331.07	8694.96	7321.37	8715.94	7342.72	8725.28	
7541.17	8531.48	7535.43	8526.66	7538.3	8545.9	7562.03	8557.76	
7666.04	8458.1	7660.63	8458.52	7672.17	8473.8	7694.37	8486.3	
7837.78	8411.7	7838.13	8404.81	7850.67	8422.91	7864.74	8435.34	
8219.39	8353.66	8226.69	8330.62	8232.25	8349.35	8233.53	8363.3	
8433.59	8308.42	8439.54	8283.4	8445.7	8295.89	8435.49	8318.1	
8498.05	8292.81	8497.57	8269.86	8501.93	8281.27	8491.68	8299.53	
8530.51	8283.73	8521.62	8256.48	8532.11	8273.83	8530.2	8288.19	
8548.21	8273.88	8527.73	8245.96	8548.09	8291.86	8557.67	8285.84	
3350.51	7710.44	3369.77	7725.02	3349.84	7712.39	3333.7	7716.04	
3517.56	7955.91	3536.62	7968.97	3518.24	7955.85	3500.84	7959.01	
3851.42	8440.96	3869.72	8452.39	3854.74	8438.25	3834.48	8440.7	
4455.16	9322.76	4472.62	9327.83	4466.75	9312.19	4439.48	9312.52	
4940.54	9966.18	4942.3	9963.77	4938.34	9947.52	4910.85	9947.94	
5193.12	10167.8	5180.61	10164.6	5174.75	10149.8	5154.07	10144.9	
5355.72	10198	5339.85	10194.1	5335.22	10180.9	5316.47	10177.8	
5565.29	10173.4	5542.74	10170.9	5537.98	10159.6	5523.41	10159.1	
5791.97	10048.7	5759.06	10035.4	5761.06	10029.1	5755.83	10045.6	
5921.15	9961.54	5883.47	9947.55	5888.34	9950.94	5897.24	9958.54	
5979.8	9909.12	5938.58	9901.58	5949.13	9914.75	5956.75	9927.94	
6072.81	9820.23	6049.29	9808.7	6059.16	9823.82	6053.73	9823.48	
6266.15	9635.12	6268.87	9632.63	6269.75	9636.89	6259	9638.41	
6409.06	9510.15	6407.26	9516.2	6417.81	9504.46	6416.07	9507.84	
6478.63	9460.71	6465.22	9453.99	6474.46	9438.05	6488.61	9457.14	
6517.51	9425.23	6490.63	9419.02	6511.5	9426.24	6517.87	9416.06	
6574.53	9375.45	6552.04	9369.06	6570.3	9366.25	6566.23	9369.7	
6715.59	9235.87	6700.45	9243.28	6715.2	9236.22	6709	9248.61	
6933.96	9037.56	6906.71	9039.81	6933.35	9033.88	6921.33	9048.78	
7030.33	8956.8	6989.51	8948.9	7027.82	8942.11	7003.92	8952.75	
7066.85	8917.12	7020.54	8921.03	7046.34	8944.01	7037.21	8926.48	
7101.52	8910.59	7062.86	8890.65	7048.7	8928.63	7057.48	8899.55	
7149.18	8882.43	7130.66	8864.47	7117.44	8896.66	7137.85	8884.51	
7368.43	8792.37	7354.36	8772.07	7356.43	8795.05	7367.87	8795.34	
7615.53	8722.6	7599.06	8697.67	7620.93	8715.03	7619.97	8717.62	
7787.7	8650.08	7773.36	8623.24	7800.12	8639.53	7795.26	8644.5	
7981.81	8548.72	7972.1	8521.58	7998.52	8536.98	7992.07	8544.07	
8212	8427.9	8209.58	8400.6	8227.75	8415.83	8217.93	8430.05	
8412.88	8355.26	8396.8	8334.78	8413.93	8340.33	8408.49	8357.08	
8501.79	8312.39	8474.55	8295.85	8500.53	8296.62	8504.42	8318.42	
8533.82	8281.59	8520.17	8291.29	8536	8284.93	8530.14	8301.02	
8546.06	8275.12	8538.58	8291.03	8548.44	8265.09	8553.89	8285.68	
4533.15	10376.8	4549.52	10385.9	4538.83	10357.7	4513.86	10373.5	
4683.44	10605.9	4701.06	10617.4	4688.33	10596	4665.28	10595.7	
4753.41	10624.6	4771.93	10634.4	4760.48	10613.4	4736.2	10612.5	
4895.03	10578.5	4907.82	10585.5	4898.55	10571.4	4877.02	10562.5	
5162.28	10527.3	5173.44	10526	5172.29	10511.8	5147.76	10510.1	
5343.64	10508.8	5344.54	10501.4	5341.71	10483.3	5315.15	10488.6	
5448.11	10460.6	5427.3	10459.1	5420.51	10441.4	5396.78	10433.2	
5556.38	10352.9	5540.72	10344.9	5539.35	10330	5515	10338.7	
5799.7	10111.9	5780.38	10106.6	5779.95	10106	5773.92	10112.8	
5945.23	9988.28	5906.42	9972.62	5914.52	9974.67	5911.37	9995.9	
5978.93	9957.01	5946.38	9932.37	5969.61	9943.33	5958.17	9936.53	
6031.64	9889.68	6025.6	9876.07	6042.13	9885.19	6026.64	9876.63	
6183.44	9741.85	6185.79	9741.51	6202.36	9740.25	6192.56	9738.02	
6392.78	9555.87	6383	9560.58	6397.26	9544.59	6392.71	9558.27	
6497.94	9463.4	6460.01	9482.58	6482.99	9467.19	6478.35	9467.72	
6533.35	9434.09	6503.77	9450.65	6509.43	9437.99	6518.16	9434.37	
6567.61	9389.18	6543.08	9416.68	6554.31	9407.63	6559.31	9407.16	
6694.59	9293.06	6672.39	9308.45	6683.6	9294.94	6680.91	9303.24	
6928.21	9090.79	6899.67	9096.83	6927.4	9088.9	6909.14	9090.47	
7039.84	8982.41	7009.85	8994.59	7038.99	9005.36	7015.46	8984.95	
7081.23	8957.95	7047.34	8953.11	7055.91	8973.24	7035.52	8948.17	
7110.4	8946.93	7074.8	8933.39	7071.76	8961.92	7081.92	8936.61	
7178.17	8932.17	7147.37	8913.01	7132.62	8942.32	7148.9	8921.3	
7384.94	8910.19	7366.2	8885.94	7369.21	8908.21	7373.18	8904.61	
7707.12	8870.61	7687.69	8824.93	7722.69	8842.77	7699.75	8847.13	
7878.12	8815.19	7854.08	8761.46	7905.12	8778.25	7874.26	8777.19	
8009.39	8717.4	7989.73	8659.68	8038.26	8683.51	8005.45	8687.9	
8161.79	8589.62	8136.19	8543.22	8175.21	8565.8	8154.06	8575.34	
8365.36	8419.48	8337.38	8398.09	8363.73	8406.15	8359.9	8424.76	
8487.93	8324.62	8466.76	8336.96	8478.63	8324.26	8479.95	8342.05	
8522.4	8295.41	8511.41	8330.5	8524.99	8284.67	8523.93	8309.45	
8532.69	8273.4	8543.49	8338.1	8550.86	8282.26	8525.38	8290.45	
4700.86	10998.7	4713.16	11006.2	4703.36	10979.8	4685.09	10994.4	
4807.07	11025	4826.23	11033.8	4818.67	11000.8	4789.84	11019.5	
4864.91	11009	4874.54	11018.2	4861.56	11005	4847.12	10990.9	
4950.2	10929.6	4958.88	10928.5	4951.1	10915.5	4939.57	10910.7	
5153.66	10732.7	5163.91	10728.4	5162.18	10716.8	5146.96	10715	
5362.99	10552.5	5371.27	10551.3	5374.95	10535.7	5343.6	10535.9	
5441.09	10502.5	5441.48	10489.1	5443.34	10467.4	5406.53	10488.1	
5534.83	10410.1	5529.1	10400	5531.21	10398.9	5510.83	10398.9	
5781.13	10160.4	5765.02	10155.1	5767.62	10160	5756.85	10164.4	
5922.27	10012.6	5917.63	10017.9	5919.03	10020.7	5904.65	10011.3	
5967.92	9966.5	5974.32	9963.64	5984.33	9957.69	5958.89	9949.18	
6002.47	9924.81	6008.3	9919.88	6034.89	9922.46	6018.56	9912.17	
6133.26	9820.08	6135.04	9821.67	6155.67	9817.74	6138.27	9818.36	
6381.4	9609.08	6365.89	9621.18	6382.63	9607.58	6373.25	9612.82	
6496.62	9496.01	6490.09	9516.37	6492.55	9494.64	6485.24	9505.02	
6534.07	9441.73	6518.13	9494.96	6522.64	9465.59	6518.39	9469.82	
6583.76	9419.36	6562.57	9460.64	6552.36	9429.67	6563.01	9435.33	
6709.57	9338.69	6687.71	9362.49	6695.53	9346.04	6697.08	9346.99	
6925.42	9197.48	6905.12	9215.36	6919.16	9211.84	6907.95	9201.03	
7074.25	9110.6	7052.93	9121.97	7057.94	9129.07	7044.47	9106.69	
7136.01	9067.6	7111.55	9071.33	7115.79	9082.66	7110.39	9060.56	
7172.04	9052.71	7145.75	9051.88	7146.82	9062.13	7143.21	9043.45	
7242.04	9052.87	7213.81	9048.28	7212.99	9060.89	7218.82	9044.14	
7425.44	9041.68	7400.62	9024.24	7402.53	9034.06	7398.51	9029.74	
7720.24	8952.91	7699.88	8905	7726.85	8920.29	7700.51	8933.23	
7903.72	8861.56	7881.57	8789.14	7939.29	8814.58	7893.99	8824.95	
7978.68	8810.88	7943.24	8736.49	8004.53	8775.59	7963.34	8779	
8094.58	8706.51	8062.37	8649.22	8104.58	8681.33	8078.49	8701.32	
8276.16	8523.33	8258.92	8508.02	8274.58	8513.91	8260.73	8537.16	
8421.9	8384.2	8416.61	8411.11	8419.6	8377.73	8414.66	8401.14	
8487.63	8312.01	8503.4	8377.2	8493.76	8321.37	8488.82	8332.48	
8504.1	8291.54	8515.2	8367.93	8516.82	8298.66	8528.61	8302.2	
4627.91	11303.1	4634.81	11309.6	4624.01	11289.8	4620.48	11300.8	
4730.66	11211.6	4733.49	11218	4722.92	11201.1	4715.88	11203.7	
4854.3	11107.6	4850.54	11107.3	4844.6	11090.8	4833.54	11097.9	
4946.52	11013	4951.18	11006.3	4945.09	10998.9	4947.94	10994.9	
5139.75	10829.6	5145.79	10824.7	5142.81	10814.5	5129.47	10812.6	
5344.78	10619.3	5353.83	10610.5	5358.42	10602.7	5330.84	10608.2	
5421.91	10531.4	5435.63	10518.8	5449.76	10532.5	5429.35	10525.8	
5525.63	10447	5530.26	10433.9	5532.53	10445	5512.6	10443.8	
5724.1	10265.4	5719.77	10264.4	5723.27	10272.8	5705.25	10264.5	
5902.13	10060.4	5912.33	10069.5	5922.47	10069.1	5896.44	10058.7	
5964.54	9975.63	5984.94	9998.22	5996.25	9994.84	5975.33	9989.25	
6010.52	9949.19	6026.63	9963.65	6044.54	9953.21	6008.25	9953.98	
6124.93	9875.11	6128.02	9879.94	6149.11	9873.66	6127.99	9873.27	
6363.71	9711.52	6362.68	9723.03	6369.04	9709.76	6359.63	9716.08	
6515.67	9597.09	6512.81	9630.29	6512.05	9605.95	6513.33	9614.38	
6564.49	9538.74	6561.58	9571.37	6553.02	9541.03	6563.6	9549.71	
6620.53	9499.39	6609.67	9539.88	6606.11	9512.43	6616.38	9512.41	
6741.25	9461.67	6726.37	9492.26	6719.3	9471.7	6732.83	9469.76	
6935.08	9409.26	6925.26	9425.4	6918.67	9414.62	6926.03	9411.58	
7131.93	9323.17	7126.34	9337.21	7114.46	9323.87	7115.15	9319.42	
7253.66	9281.66	7245.58	9302.9	7237.46	9286.79	7234.92	9278.21	
7313.72	9264.43	7295.33	9283.61	7296.48	9269.96	7295.98	9262.21	
7356.47	9240.45	7334.03	9255.5	7335.28	9239.31	7327.53	9239.19	
7467.95	9170.26	7443.32	9164.6	7450.56	9154.31	7437.59	9164.54	
7718.12	9002.49	7704.17	8956.4	7725.04	8965.34	7696.74	8982.38	
7902.16	8886.58	7879.02	8816.23	7910.31	8849	7875.36	8874.41	
7972.7	8838.89	7936.75	8764.35	7982.28	8808.76	7946.05	8838.58	
8026.3	8777.28	8014.24	8721.75	8033.31	8755.81	7999.17	8786.43	
8144.45	8665.77	8141.24	8645.6	8139.41	8651.39	8118.05	8681.92	
8289.09	8512.96	8300.94	8543.8	8286.66	8511.65	8275.06	8532	
8388.58	8404.75	8401.19	8469.45	8391.28	8413.82	8399.8	8420.88	
8426.52	8367.3	8436.88	8441.15	8430.54	8379.28	8443.81	8382.81	
4470.96	11506.9	4468.5	11510.4	4454.04	11502.6	4471.9	11506	
4620.57	11419.1	4616.47	11418.7	4605.12	11411.6	4613.05	11416.5	
4821.34	11243.5	4820.14	11238.3	4811.23	11232.1	4813.65	11234.6	
4951.42	11120.2	4945.41	11112.5	4940.62	11102.1	4939.19	11104.2	
5098.76	10988.1	5102.24	10980.3	5096.82	10977.5	5089.85	10977.3	
5285.53	10807.1	5296.35	10797.5	5294.06	10813.8	5280.87	10808.5	
5422.98	10649.2	5431.84	10641	5433.57	10661.6	5419.42	10655.2	
5516.82	10535.6	5516.25	10530.2	5526.12	10551.6	5510.91	10542.3	
5701.6	10370.5	5707.35	10368.1	5715.46	10376.7	5691.9	10369.5	
5903.51	10180.4	5916.98	10194.3	5928.65	10197.3	5903.77	10191.4	
5989.73	10083.9	6007.05	10103.3	6022.03	10099.4	5989.8	10098.6	
6047.2	10024.2	6064.42	10046.2	6077.89	10034.1	6047.05	10040	
6157.75	9971.54	6169.49	9983.57	6181.12	9974.8	6152.86	9978.88	
6354.83	9900.18	6360.02	9909.45	6362.86	9902.75	6354.26	9906.61	
6563.91	9822.69	6561.75	9829.27	6550.5	9816.11	6564.98	9820.81	
6679.62	9776.97	6678.82	9795.32	6664.52	9778.86	6698.26	9780.93	
6728.29	9730.47	6726.59	9750.27	6711.91	9734.35	6747.81	9734.8	
6799.81	9697.63	6795.12	9719.87	6779.99	9706.27	6814.93	9705.21	
6956.58	9607.18	6952.51	9613.3	6930.85	9600.53	6956.17	9605.76	
7182.31	9480.24	7193.22	9485.21	7171.02	9459.89	7177.2	9472.72	
7325.34	9389.98	7333.13	9416.16	7312.78	9379.68	7306.32	9386.94	
7377.4	9353.67	7370.67	9389.95	7357.21	9349.41	7349.66	9358.3	
7418.02	9333.74	7389.8	9350.43	7393.11	9319.42	7382.1	9338.17	
7486.61	9256.77	7475.54	9251.64	7483.61	9224.58	7465.51	9245.97	
7687.12	9068.9	7679.43	9044.99	7691.01	9040.04	7669.07	9058.99	
7877.16	8918.24	7866.39	8869.04	7875.45	8892.75	7847.5	8924.07	
7955.7	8851.65	7955.17	8791.44	7948.93	8833.24	7911.22	8869.74	
7999.97	8815.01	8000.2	8763.84	7990.93	8798.37	7952.87	8833.9	
8052.57	8762.59	8065.48	8736.97	8033.97	8745.67	8008.82	8779.59	
8125.26	8684.25	8125.29	8705.43	8105.98	8683.55	8104.81	8701.57	
8163.62	8634.7	8156.33	8686.64	8151.08	8645.34	8166.98	8653.37	
8203.1	8593.35	8190.54	8657.31	8195.35	8607.78	8220.48	8612.41	
4399.54	11651.8	4395.81	11648.8	4379.86	11651.7	4395.67	11654.6	
4507.64	11621.7	4510.23	11620	4490.79	11627.6	4500.88	11631.2	
4728.59	11561.9	4732.24	11555.8	4717.57	11560.3	4718.72	11562.2	
4919.55	11451.6	4920.5	11445.2	4907.61	11448.3	4906.73	11446.4	
5061.32	11321.1	5062.75	11315.3	5049.44	11324.1	5048.52	11321.7	
5248.69	11139.4	5252.69	11135.8	5237.87	11155	5235.19	11151.5	
5411.93	10950.4	5412.99	10951.6	5389.84	10986.5	5381.02	10987	
5578.27	10703.2	5584.15	10706	5584.17	10723	5568.67	10718.2	
5724.7	10532	5732.62	10534.7	5743.34	10546.2	5724.96	10539.5	
5919.86	10445	5927.85	10444.5	5940.63	10453.3	5914.06	10448.3	
6073.68	10359	6082.18	10365.3	6095.06	10370.6	6063.5	10370.1	
6152.08	10278.6	6162.59	10285.2	6175.2	10290.4	6143.04	10290.4	
6236.18	10201.4	6246.05	10209	6255.38	10212.5	6227.45	10214.1	
6393.75	10110.9	6396.36	10104.2	6395.56	10110.6	6386.46	10109.1	
6614.97	9999.26	6618.87	9989.28	6596.76	9993.62	6620.96	9995.84	
6762.24	9934.77	6758.83	9926.98	6730.93	9920.7	6770.8	9926.47	
6803.61	9896.36	6803.81	9908.2	6780.52	9898.24	6837.03	9902.46	
6851.28	9853.57	6851.59	9845.43	6822.07	9847.93	6872.47	9851.25	
6975.65	9732.85	6988.28	9724.59	6955.48	9723.53	6993.03	9725.02	
7215.04	9536.51	7221.22	9541.04	7198.54	9514.1	7203.47	9528.09	
7351.4	9429.91	7364.63	9441.32	7341.1	9392.56	7331.43	9425.4	
7402.1	9388.74	7407.49	9419.62	7375.91	9355.26	7364.82	9397.28	
7414.68	9376.42	7420.38	9386.55	7411.78	9334.77	7398.43	9367.34	
7472.77	9310.11	7465.35	9326.8	7474.95	9282.84	7467.45	9306.63	
7635.18	9149.57	7633.52	9152.86	7639.11	9131.75	7624.97	9154.24	
7827.34	8961.52	7850.67	8938.95	7830.81	8949.79	7799.61	8965.15	
7932.99	8868.95	7966.13	8836.03	7930.02	8856.06	7887.66	8878.89	
7983.99	8837.08	8012.94	8797.72	7959.2	8822.64	7917.08	8848.68	
8011.97	8805.16	8021.67	8796.24	7981.81	8797.68	7958.19	8827.67	
8029.46	8784.07	8016.85	8801.16	7992.08	8790.74	7997.4	8806.25	
8040.67	8774.58	8002.28	8814.31	8007.59	8788.93	8039.5	8796.02	
8040.93	8760.01	8002.24	8821.63	8037.26	8776.59	8069.15	8772.37	
4214.69	11914.5	4228.99	11904.7	4191.67	11941.1	4191.72	11951.2	
4356.34	11948	4369.39	11940.2	4342.48	11959.7	4340.39	11965.4	
4578.34	11916.4	4587.89	11915.6	4562.41	11931.7	4560.55	11929.8	
4867.25	11804.3	4875.27	11804.3	4856.04	11813	4856.44	11808.5	
5090.73	11598.9	5091.43	11593.7	5075.82	11602.2	5081.03	11595	
5264.59	11402.5	5264.25	11403.1	5238.23	11424.5	5241.92	11426.9	
5473.63	11143.9	5478.47	11149.4	5466.21	11168.2	5459.46	11165.6	
5637.44	10950.1	5647.58	10957.5	5642.23	10969.9	5629.56	10967.4	
5788.77	10809.3	5794.32	10818.1	5800.72	10822.5	5785.71	10820.5	
5954.27	10660.7	5953.02	10660.3	5964.74	10665.1	5948.93	10665.1	
6133.38	10549.8	6136.34	10533	6150.06	10550.6	6123.64	10542.8	
6233.12	10466	6238.72	10461.9	6249.09	10480.9	6213.87	10474.9	
6299.46	10408.6	6297.3	10386.6	6309.64	10408.2	6283.27	10397.9	
6443.7	10253.3	6442.07	10237.8	6437.37	10258.1	6435.62	10253	
6664.88	10065.8	6663.72	10059.1	6638.33	10066.9	6662.16	10073.1	
6785.24	9974.8	6791.88	9960.76	6753.05	9965.98	6795.28	9978.1	
6838.97	9951.6	6831.55	9923.78	6793.33	9928.92	6835.36	9943.81	
6855.85	9912.09	6875.93	9890.99	6833.83	9899.38	6891.26	9903.58	
6997.68	9786.43	7006.71	9770.96	6976.43	9772.43	7005.84	9771.71	
7231.56	9562.77	7236.25	9563.57	7214.56	9546.46	7219.14	9551.88	
7368.32	9446.72	7370.06	9454.76	7347.42	9412.22	7338.68	9442.55	
7401.17	9431.32	7417.04	9413.46	7402.1	9366.33	7383.29	9411.69	
7415.09	9390.16	7431.76	9411.19	7419.99	9352.52	7421.84	9385.56	
7458.08	9337.71	7464.22	9370.57	7463.72	9320.12	7466.1	9345.68	
7572.89	9219.48	7584.21	9233.42	7575.87	9218.39	7571.51	9227.82	
7778.95	9014.28	7810.44	9012.91	7788.17	9012.45	7752.61	9018.67	
7912.06	8886.65	7971.3	8882.68	7919.87	8877.22	7867.07	8872.78	
7956.95	8845.67	8010.08	8851.42	7951.2	8833.23	7906.04	8843.95	
7983.99	8826.1	8007.57	8835.69	7958.93	8828.22	7938.54	8842.12	
8007.65	8811.35	7986.53	8831.86	7961.68	8821.79	7978.18	8848.47	
8014.07	8812.74	7967.88	8839.68	7983.06	8832.83	8008.89	8825.73	
8021.57	8811.57	7942.61	8855.2	7995.82	8829.82	8039.37	8822.29	
3894.32	12241.2	3921.66	12216.8	3893.46	12248.8	3878.05	12275.9	
4166.15	12247.8	4181.34	12243	4142.36	12281.2	4132.42	12286.9	
4498.24	12175.6	4512.77	12177.7	4483.07	12192.1	4477.58	12188	
4826.95	11901.2	4836.24	11902.9	4815.77	11911.1	4815.52	11906.1	
5128.11	11659.5	5135.61	11661.8	5118.93	11669.6	5123.3	11666.5	
5281.77	11482.1	5287.96	11482.8	5274.9	11491.4	5275.95	11484.6	
5544.8	11205.4	5539.14	11211.2	5536.67	11211.1	5533.96	11212.2	
5684.74	11060.6	5684.43	11068.2	5688.98	11075.1	5677.86	11072.3	
5782.03	10969.5	5775.81	10977.5	5784.01	10972.6	5777.59	10976.9	
5973.15	10777.5	5980.53	10785.4	5987.02	10783	5977.13	10782.5	
6180.17	10579.9	6181.76	10570.8	6190.97	10584.1	6172.36	10580.2	
6258.73	10529.3	6254.12	10489.1	6271.4	10515.9	6246.59	10501	
6315.07	10467.6	6306.46	10443.7	6304.92	10478.8	6296.96	10462.1	
6465.27	10314.9	6460.15	10310.8	6449.78	10322.9	6451.93	10323.9	
6689.01	10091.6	6690.66	10083.6	6668.89	10097.6	6682.05	10107.5	
6815.85	9982.54	6809.05	9970.63	6778.5	9985.38	6806.9	9998.41	
6837.59	9961.73	6851.32	9938.29	6812.33	9954.57	6854.72	9961.17	
6882.33	9940.19	6878.68	9913.22	6850.57	9912.17	6874.53	9923.27	
6984.04	9821.48	6987.86	9810.7	6972.52	9810.53	6991.47	9810.98	
7238.92	9575.17	7247.43	9570.56	7224.1	9570.65	7229.15	9562.68	
7373.77	9459.59	7381.31	9446.46	7360.99	9442.78	7358.12	9436.89	
7404.82	9418.93	7410.75	9421.7	7408.67	9405.58	7403.96	9409.02	
7418.12	9398.08	7431.19	9406.15	7430.45	9379.95	7431.04	9399.76	
7441.76	9358.59	7467.02	9373.17	7440.19	9363.03	7459.86	9366.05	
7533.76	9272.27	7547.03	9278.24	7536.36	9277.92	7529.61	9287.59	
7747.02	9049.86	7769.15	9063.53	7765.53	9055.81	7720.51	9056.25	
7891.21	8895.09	7936.55	8931.68	7915.53	8900.08	7857.81	8891.86	
7939.96	8849.15	7987.87	8893.52	7959.17	8857.08	7907.63	8838	
7972.26	8840.56	7990.79	8868.87	7958.06	8834.16	7941.77	8844.78	
7987.16	8836.99	7976.08	8850.77	7971.26	8843.31	7975.35	8841.92	
7998.16	8825.05	7953.74	8843.07	7970.87	8842.86	8008	8846.1	
7999.53	8826.59	7949.01	8835.76	7975.49	8854.27	8028.81	8843.57	
3651.33	12676.5	3658.92	12679.1	3627.79	12703.5	3622.19	12723.1	
3943.68	12566.3	3956.64	12564.1	3928.39	12580.8	3918.8	12594.9	
4368.15	12298.6	4381.82	12299.3	4354	12312	4348.3	12316.3	
4811.08	11938.8	4822.26	11941	4800.34	11951.1	4799.28	11946.4	
5070.86	11708	5082.33	11713.3	5068.31	11721.3	5065.83	11707.5	
5273.6	11512.5	5291.49	11518.6	5283.23	11521.7	5282.78	11509.7	
5581.62	11216.2	5582.71	11213.7	5584.32	11214.1	5579.44	11209.8	
5716.44	11100.7	5687.5	11105.3	5701.35	11083.9	5701.67	11096	
5756.61	11024.4	5764.74	11029.5	5770.21	11037	5764.95	11033.4	
5975.37	10808.5	5983.36	10815.8	5986.21	10814.9	5978.03	10813.4	
6208.59	10584.3	6213.77	10591.5	6219.73	10579	6210.33	10579.4	
6280.33	10523.7	6275.7	10517.5	6272.61	10530.8	6276.54	10530.8	
6321.37	10483.2	6314.1	10483.3	6304.53	10488.2	6311.28	10487.6	
6458.05	10346.4	6452.03	10346	6426.13	10372.9	6422.59	10371.9	
6709.34	10093.2	6707.04	10089.3	6699.08	10096.2	6696.54	10115	
6807.45	9999.08	6819.04	9985.98	6813.9	9992.21	6818.6	10008.7	
6849.56	9968.9	6849.75	9970.39	6849.23	9956.66	6847.84	9976.21	
6880.38	9938.18	6873.91	9934.86	6883.23	9932.07	6884.02	9936.25	
6983.95	9835.99	6981.38	9829.77	6979.2	9824.17	6977.49	9831.52	
7224.27	9595.24	7234.86	9584.35	7218.57	9597.9	7223.51	9582.03	
7371.4	9451.1	7390.32	9441.89	7365	9479.22	7373.52	9431.48	
7408.23	9407.13	7416.66	9412.69	7410.55	9442.21	7414.88	9411.63	
7420.4	9387.8	7431.59	9384.13	7430.67	9420.01	7431.74	9405.16	
7448.62	9374.98	7454.53	9353.57	7452.6	9387.34	7445.67	9398.44	
7512.24	9298.38	7523.83	9290.7	7523.17	9313.87	7505.12	9317.56	
7700.69	9095.06	7715.9	9121.18	7724.98	9108.34	7680.16	9108.02	
7889.15	8898.37	7887.66	8960.27	7929.46	8914.75	7861.74	8908.6	
7946.7	8851.6	7937.47	8911.63	7964.12	8851.58	7920.12	8847.99	
7967.97	8845.17	7951.95	8892.2	7968.01	8841.39	7945.75	8830.9	
7971.62	8843.95	7962.64	8871.12	7960.52	8840.81	7981.27	8834.52	
7961.4	8847.09	7977.66	8848.07	7966.83	8854.91	8012.02	8849.7	
7965.68	8845.49	7982.02	8831.97	7959.87	8866.92	8026.1	8858.79	
3374.54	13142	3380.53	13150	3340.45	13166	3320.35	13192.3	
3833.02	12783.3	3842.94	12790.6	3819.81	12786.5	3811.98	12815.3	
4271.06	12374	4283.21	12374.2	4261.6	12380.2	4256.67	12392.4	
4694.38	12040.2	4706.79	12038.8	4685.99	12053	4682.73	12042.5	
5001.98	11764.3	5018.32	11768.9	5003.59	11776.2	5000.41	11762.6	
5345.59	11448.1	5355.61	11451.3	5350.93	11454	5346.25	11442.9	
5575.12	11240.5	5573.91	11237.3	5577.27	11232.5	5574.78	11229.8	
5699.01	11120.8	5713.23	11105.8	5713.37	11114	5706.14	11105.2	
5785.54	11037.6	5781.33	11037.4	5783.76	11032.4	5780.91	11029.7	
5969.84	10826.8	5976.71	10833.1	5979.31	10831.1	5973.69	10828.6	
6198.69	10599.2	6208.65	10614.8	6200.88	10605.4	6208.81	10609.9	
6281.8	10521.6	6288.18	10561.6	6277.38	10518.6	6296.44	10533.2	
6341.07	10474.6	6337.83	10497.9	6318.8	10495.9	6314.64	10506.9	
6457.67	10354.5	6451.9	10359.5	6437	10368.9	6433.84	10376.5	
6684.91	10121.6	6688.51	10120	6686.64	10124	6676.3	10143	
6808.32	10003	6809.93	10009.8	6840.86	9984.51	6805.54	10023.8	
6838.53	9979.3	6842.67	9968.4	6886.96	9956.86	6841.88	9982.89	
6876.06	9933.2	6878.39	9946.86	6910.81	9925.88	6876.56	9950.95	
6987.14	9829.89	6987.92	9832.23	6997.63	9829.18	6988.39	9832.16	
7213.06	9605.69	7221.41	9600.06	7210.88	9624.05	7214.15	9597.99	
7354.21	9450.45	7371.48	9451.8	7366.3	9499.54	7373.31	9459.84	
7391.15	9404.41	7425.02	9392.67	7408	9467.57	7418.51	9413.22	
7442.59	9381.25	7439.47	9360.89	7429.11	9444.09	7415.82	9417.86	
7450.87	9367.55	7441.77	9338.28	7469.52	9408.36	7434.5	9403.71	
7502.68	9312.57	7507.23	9295.26	7523.72	9334.87	7487.25	9337.44	
7673.52	9126.08	7676.62	9152.67	7699.54	9145.29	7656.6	9143.18	
7872.98	8928.79	7845.16	8986.19	7901.72	8931.56	7847.98	8934.42	
7955.31	8857.73	7896.78	8924	7981.6	8847.87	7931.32	8848.16	
7960.9	8847.58	7915.6	8902.92	7961.26	8832.08	7961.97	8817.09	
7962.37	8854.22	7957.97	8880.43	7957.65	8834.29	7984.73	8831.7	
7946.06	8854.54	7998.11	8859.22	7951.2	8851.94	8015.33	8845.62	
7917.62	8866.87	8006.67	8841.7	7977.34	8872.8	8029.93	8858.96	