
1491.04	1192.55	1519.84	1233.87	1506.33	1268.34	1479.07	1181.95	
1498.48	1202.47	1495.82	1243.79	1505.86	1214.66	1488.4	1192.3	
1501.48	1253.82	1474.71	1243.96	1521.54	1198.98	1503.21	1205.66	
1494.11	1263.98	1455.91	1218.36	1492.2	1204	1502.82	1248.53	
1471.53	1274.88	1453	1219.02	1504.45	1201.12	1484.24	1296.16	
1457.45	1270.36	1448.59	1279.95	1502.3	1207.17	1464.33	1303.74	
1430.64	1266.57	1447.76	1325.69	1469.74	1230.26	1453.69	1311.45	
1399.23	1268.28	1426.63	1338.88	1432.67	1264.38	1460.99	1311.4	
1385.44	1256.24	1431.05	1320.12	1405.81	1295.06	1437.76	1321.65	
1391.79	1273.43	1440.59	1304.63	1413.33	1335.07	1409.26	1336.83	
1394.16	1293.21	1412.02	1290.75	1418.57	1344.04	1371.5	1339.58	
1404.31	1317.7	1399.7	1290.19	1391.1	1354.11	1372.84	1316.57	
1409.38	1356.22	1370.62	1297.31	1374.04	1349.8	1367.77	1340.74	
1414.37	1397.62	1344.89	1304.46	1354.1	1351.88	1375.97	1339.86	
1423.17	1417.01	1367.31	1327.28	1325.81	1342.14	1356.21	1346.85	
1395.14	1440.35	1347.01	1369.99	1293.83	1360.35	1342.46	1345.03	
1380.17	1473.85	1331.52	1425.38	1263.03	1363.63	1298.56	1338.75	
1288.92	1503.36	1264.44	1463.93	1204.32	1278.47	1241.8	1268.94	
1007.2	1596.73	983.607	1604.93	952.548	936.893	973.038	934.094	
692.588	1802.3	630.112	1867.19	628.948	504.069	632.938	498.861	
530.781	628.196	467.607	688.041	472.044	331	503.806	300.342	
505.697	343.456	425.068	400.766	433.291	282.216	485.345	248.485	
522.405	280.139	436.033	344.29	439.276	281.418	482.573	226.844	
503.43	235.194	461.27	328.231	429.293	279.703	474.394	239.19	
488.877	205.99	492.494	299.908	441.604	286.327	486.543	231.419	
497.757	202.241	513.497	247.714	448.883	288.741	467.471	256.417	
465.578	223.854	523.733	214.94	486.09	283.061	450.915	263.36	
439.921	236.733	527.662	215.281	489.611	234.92	444.919	254.595	
430.211	266.34	515.261	232.693	502.738	206.673	473.694	229.829	
456.563	273.392	485.845	258.173	524.738	191.011	470.952	236.334	
487.798	236.041	452.538	251.261	522.173	187.133	464.198	236.137	
521.927	209.871	424.005	241.978	522.326	194.868	473.237	239.137	
1502.6	1212.03	1496.63	1233.97	1502.42	1260.95	1486.16	1203.35	
1499.6	1222.08	1485.92	1244.48	1509.44	1244.01	1490.44	1206.83	
1500.13	1232.78	1469.11	1243.06	1496.79	1223.09	1492.65	1225.99	
1490.03	1261.22	1467.42	1234.78	1500.86	1212.67	1496.21	1256.89	
1475.83	1273.58	1461.65	1245.34	1488.61	1214.87	1484.61	1287.3	
1452.65	1282.42	1459.29	1269.81	1474.18	1224.31	1465.1	1307.42	
1429.47	1288.62	1450.85	1308.88	1457.35	1245.3	1459.35	1314.56	
1408.4	1283.85	1445.1	1323.32	1430.09	1270.63	1447.17	1317.56	
1396.75	1284.36	1435.05	1331.74	1414.07	1303.11	1429.45	1323.22	
1391.29	1284.42	1421.05	1321.82	1418.27	1331.26	1403.16	1332.28	
1390.6	1304.68	1407.14	1315.06	1414.57	1358.13	1378.91	1335.87	
1390.7	1321.7	1378.97	1309.71	1400.25	1367.86	1357.9	1352.79	
1399.81	1354.64	1361.24	1315.8	1376.41	1366.12	1356.78	1343.51	
1393.99	1390.57	1361.03	1322.91	1356.4	1353.19	1349.05	1348.16	
1386.94	1405.96	1351.97	1337.42	1331.46	1360.34	1346.05	1351.4	
1373.32	1435.23	1354.4	1367.93	1301.73	1358.76	1330.31	1359.39	
1336.31	1459.2	1335.33	1401.84	1274.24	1359.12	1320.96	1360.93	
1278.8	1489.51	1277.27	1453.9	1221.44	1298.7	1260.41	1300.11	
1028.26	1522.05	1020.9	1538.55	993.545	995.505	1009.8	1000.46	
660.92	966.27	645.95	1016.71	645.641	544.749	650.301	531.057	
506.528	571.206	477.011	627.417	482.972	337.597	501.048	310.466	
491.904	338.1	444.177	400.702	444.7	300.437	472.184	257.803	
488.499	279.272	445.867	356.018	428.793	287.757	473.908	254.909	
492.107	251.094	472.763	323.151	430.196	293.798	480.496	238.447	
488.253	226.38	496.246	287.677	431.555	292.442	477.039	248.64	
478.145	225.063	511.367	252.007	450.4	287.784	473.414	251.501	
467.093	233.437	518.533	223.683	460.098	264.068	460.484	258.984	
443.027	253.75	513.786	219.07	477.223	241.717	466.06	259.354	
441.308	264.124	495.457	230.778	494.223	215.658	465.212	252.125	
449.481	261.73	467.069	234.223	509.838	206.031	465.104	245.819	
475.259	242.864	437.643	244.161	517.697	206.678	464.906	244.669	
479.276	223.296	417.854	244.417	510.364	205.949	465.769	245.041	
1511.02	1242.1	1467.13	1247.11	1502.24	1299.08	1499.18	1230.71	
1506.8	1235.26	1468.74	1248.05	1495.69	1285.23	1495.66	1241.33	
1496.16	1232.34	1483.34	1247.96	1497.41	1256.07	1491.79	1256.43	
1493.28	1243.24	1484.12	1254.27	1491.82	1234.03	1494.33	1271.68	
1482.38	1273.37	1488.39	1257.82	1474.82	1231.92	1490.36	1293.52	
1458.76	1302.72	1478.82	1276.39	1452.97	1247.5	1475.51	1311.75	
1430.87	1319.27	1466.34	1286.4	1437.94	1265.1	1459.71	1321.34	
1417.23	1321.57	1463.57	1323.17	1425.94	1291.55	1442.05	1316.01	
1402.92	1318.79	1435.72	1339.85	1428.39	1318.7	1420.94	1326	
1395.03	1315.9	1400.18	1357.25	1418.78	1347.53	1395.13	1325.2	
1389.91	1316.39	1379.63	1356.99	1407.28	1371.01	1375.22	1341.82	
1389.73	1333.14	1364.83	1355.77	1395.05	1381.82	1354.33	1350.25	
1382.77	1356.88	1357.64	1345.89	1377.27	1385.87	1336.63	1362.47	
1376.23	1379.24	1346.51	1348.26	1355.49	1389.65	1327.86	1362.67	
1358.56	1399.52	1356.78	1351.43	1334.2	1376.39	1321.32	1372.99	
1329.28	1421.33	1343.99	1365.74	1311.57	1368.71	1327.58	1386.86	
1294.35	1447.16	1331.94	1394.92	1285.32	1353.58	1324.8	1381.65	
1244.96	1466.14	1271.72	1455.41	1232.75	1308.99	1263.99	1329.14	
1062.38	1254.02	1071.05	1266.97	1048.66	1075.82	1062.9	1087.09	
675.547	721.417	675.69	762.886	675.836	592.784	679.988	583.276	
493.674	424.608	497.058	482.024	501.749	364.335	501.039	334.608	
448.182	346.938	464.942	410.023	457.079	310.591	467.138	280.617	
455.246	292.094	471.445	358.81	432.8	314.353	464.835	261.98	
468.833	273.374	484.806	314.842	428.443	301.24	471.692	259.802	
482.084	266.775	501.169	272.566	429.628	298.495	476.074	253.544	
467.888	262.256	504.702	248.764	430.221	274.898	469.176	257.933	
457.647	266.526	502.8	232.531	436.213	253.413	472.753	261.738	
457.243	275.787	490.419	224.403	449.569	234.698	465.045	264.685	
445.937	265.144	465.798	219.713	468.001	231.703	462.889	265.631	
449.367	257.325	441.165	228.069	490.978	234.148	457.458	266.092	
442.947	253.497	418.176	232.499	500.939	241.005	456.051	253.184	
438.258	240.41	403.74	248.918	508.886	244.752	465.76	259.08	
1524.04	1251	1442.35	1260.64	1481.88	1343.97	1504.25	1243.88	
1503.65	1243.79	1482.18	1252.96	1497.79	1317.28	1507.25	1266.67	
1499.81	1231.86	1501.92	1256.47	1503.4	1279.02	1509.39	1286.24	
1505.75	1236.81	1514.47	1255.8	1492.52	1249.1	1498.82	1298.74	
1494.67	1278.2	1508.07	1268.74	1478.66	1245.99	1493.2	1308.5	
1470.92	1324.64	1498.62	1273.32	1448.61	1258.58	1483.58	1316.7	
1447.59	1341.03	1492.98	1308.65	1427.38	1289.83	1464.63	1319.04	
1419.68	1353.21	1462.76	1322.19	1435.76	1318.16	1448.1	1329.68	
1406.98	1355.88	1437.76	1360.98	1426.03	1340.59	1419.21	1322.26	
1392.71	1345.74	1390.34	1382.66	1417.73	1368.11	1395.71	1330.07	
1387.27	1335.14	1351.66	1403.37	1406.41	1381.94	1366.96	1331.33	
1384.26	1347.8	1348.66	1401.53	1385.52	1396.77	1345.19	1358.16	
1377.48	1364.02	1343.29	1392.11	1372.16	1409.67	1326.48	1370.42	
1360.14	1377.6	1342.4	1378.06	1353.59	1412.3	1316.18	1389.15	
1331.89	1398.07	1338.82	1374.06	1325.76	1404.63	1318.8	1403.39	
1296.1	1410.25	1342.18	1378.52	1312.97	1385.44	1315.69	1413.51	
1267.26	1415.28	1311.75	1408.44	1290.58	1368.64	1301.2	1411.45	
1232.31	1382.73	1266.36	1384.74	1250.22	1326.89	1260.56	1367.7	
1085.35	1194.03	1097.05	1209.03	1088.48	1131.99	1099.06	1153.34	
730.004	716.156	734.811	751.46	732.237	674.61	734.959	671.042	
491.213	399.9	523.29	453.061	520.046	395.534	512.989	378.668	
435.292	320.002	486.098	381.372	473.873	340.313	467.125	304.219	
431.158	315.747	494.706	346.856	454.347	318.169	465.029	276.328	
452.003	302.219	496.446	304.19	437.434	314.985	458.961	271.072	
450.638	303.967	497.577	266.559	418.215	289.467	457.307	270.547	
454.359	305.919	497.904	242.885	409.541	266.809	466.065	271.976	
459.385	304.141	479.696	230.88	411.168	244.262	455.571	275.985	
458.919	290.849	452.89	227.618	422.396	236.223	454.108	278.777	
452.089	278.928	434.603	224.97	442.409	240.234	451.387	284.321	
435.504	256.684	414.79	226.334	455.628	261.765	451.814	280.287	
421.661	250.629	401.039	236.86	477.912	280.472	445.795	268.195	
407.212	261.257	388.986	238.151	490.076	290.696	452.45	250.285	
1527.99	1273.66	1489.19	1279.06	1508.05	1358.41	1534.58	1268.64	
1520.09	1258.58	1501.01	1276.93	1506.25	1338.02	1528.73	1276.08	
1525.39	1243.72	1534.95	1260.02	1518.66	1305.75	1524.25	1305.36	
1522.39	1251.08	1539.9	1272.16	1514.53	1266.49	1528.46	1331.54	
1517.35	1299.34	1536.46	1285.84	1496.46	1262.07	1509.26	1331.06	
1495.29	1341.79	1525.97	1313.43	1470.66	1293.03	1497.6	1318.18	
1456.3	1369.07	1504.56	1321.48	1460.73	1322.02	1483.8	1331.06	
1441.87	1375.54	1472.22	1354.3	1434.69	1340.29	1448.9	1331.01	
1411.25	1374.3	1433.57	1371.99	1423.84	1371.15	1433.1	1328.48	
1393.58	1368.85	1390.36	1404.75	1417.53	1380.68	1398.37	1341.15	
1376.39	1367.51	1344.46	1419.77	1406.79	1395.15	1372.09	1358.26	
1373.09	1368.01	1326.6	1429.61	1388.84	1402.87	1337.26	1363.45	
1366.31	1371.13	1330.36	1432.22	1355.67	1416.67	1326.2	1389.57	
1342.68	1386.99	1327.89	1413.93	1337.88	1432.47	1320.65	1407.95	
1304.29	1397.79	1323	1402.25	1321.59	1431.71	1319.91	1431.19	
1278.66	1397.6	1316.43	1410.24	1298.45	1412.85	1310.03	1444.83	
1263.23	1390.1	1300.71	1405.92	1295.84	1393.73	1285.33	1444.36	
1240.39	1363.22	1254.87	1376.54	1259.32	1354.67	1256.7	1398.81	
1121.34	1207.79	1118.84	1220.5	1121.41	1191.46	1128.39	1224.16	
792.775	791.91	810.632	821.281	802.075	784.106	804.467	789.387	
521.414	430.422	564.395	473.562	549.833	447.836	544.667	433.573	
451.449	331.008	506.74	362.398	488.123	356.834	474.922	342.161	
446.158	317.86	499.971	325.295	466.656	335.588	455.96	305.985	
432.501	329.586	502.929	291.926	437.953	320.608	446.913	285.121	
433.489	331.045	495.984	265.281	409.632	293.14	446.327	286.289	
431.219	335.262	481.384	244.662	394.69	261.624	440.584	288.131	
451.291	330.76	448.456	239.057	404.905	250.337	435.904	294.191	
457.624	318.509	421.224	230.252	414.359	243.975	432.666	301.621	
448.333	288.321	400.239	234.964	417.475	251.361	429.825	303.17	
425.495	268.212	395.208	243.188	430.536	276.7	432.693	291.584	
406.512	251.21	385.834	245.607	441.65	307.775	438.898	275.383	
400.369	237.372	385.172	246.418	455.038	326.625	429.156	264.209	
1681.91	1425.31	1665.92	1439.57	1670.17	1502.13	1695.52	1434.83	
1634.7	1365.22	1630.12	1379.42	1622.39	1435.34	1640.41	1396.6	
1620.5	1348.53	1621.18	1366.4	1607.36	1401.71	1624.49	1398.07	
1624.95	1368.16	1640.93	1372.93	1613.26	1387.45	1624.55	1421.94	
1623.29	1406.09	1648.34	1404.67	1607.52	1390.61	1626.18	1436.12	
1599.86	1447.55	1633.89	1423.56	1594.04	1412.46	1607.79	1436.92	
1525.34	1426.95	1552.36	1400.21	1519.91	1392.13	1531.46	1380.67	
1466.91	1404.39	1480.6	1386.01	1468.67	1390.34	1475.29	1343.95	
1436.12	1391.54	1436.67	1408.35	1429.12	1387.28	1437.65	1354.43	
1392.81	1396	1392.42	1411.62	1411.03	1397.49	1411.25	1368.49	
1369.42	1399.87	1351.58	1434.89	1399.99	1400.46	1372.81	1378.08	
1345.53	1393.61	1322.9	1447.62	1380.29	1409.18	1353.34	1393.91	
1341.55	1404.78	1312.82	1443.55	1358.64	1432.65	1332.22	1407.26	
1318.84	1410.29	1309.43	1445.86	1324.39	1452.74	1327.1	1428.19	
1292.74	1406.71	1303.41	1444.53	1305.95	1455.92	1308.84	1451.05	
1269.38	1396.76	1295.97	1425.51	1297.18	1455.3	1300.56	1471.03	
1277.73	1397.53	1277	1411.56	1281.18	1426.16	1280.7	1459.32	
1264.66	1378.6	1245.78	1387.03	1255.82	1387.61	1258.67	1435.63	
1163.54	1270.46	1160.2	1275.69	1155.69	1276.7	1160.35	1310.01	
875.341	907.713	895.949	927.692	885.582	922.672	892.609	929.196	
592.35	529.604	635.282	548.91	614.187	546.931	612.825	542.344	
492.586	380.168	532.799	376.368	497.195	387.168	493.149	387.536	
467.555	338.884	507.023	309.914	456.941	343.954	450.688	340.607	
448.194	340.097	501.146	292.296	421.081	323.526	442.781	316.298	
424.648	349.953	485.407	274.439	397.005	306.084	429.093	294.676	
428.342	353.556	453.395	259.24	401.844	280.469	421.266	301.413	
431.447	353.703	425.525	244.883	406.595	258.415	415.714	309.539	
447.085	339.342	392.547	244.46	409.005	251.666	412.418	314.499	
427.112	311.697	385.639	255.902	409.184	267.609	410.031	314.277	
413.263	277.933	383.769	269.255	414.502	291.678	410.709	310.029	
399.693	250.717	378.687	269.142	414.185	317.9	425.797	289.189	
391.569	234.754	375.053	266.734	395.413	331.537	445.724	270.91	
2672.53	2398.9	2668.1	2419.54	2663.08	2460.15	2677.84	2428.68	
2509.61	2238.58	2510.44	2258.28	2499.49	2287.82	2516.29	2278.35	
2403.18	2145.01	2406.59	2156.27	2390.29	2179.36	2407.49	2177.81	
2333.66	2091.17	2342.25	2100	2318.63	2114.5	2335.91	2115.85	
2312.71	2099.34	2336.25	2098.26	2308.83	2106.03	2319.61	2120.56	
2051.25	1887.78	2073.99	1881.02	2046.38	1872.46	2055.99	1885.36	
1772.83	1667.94	1785.38	1657.01	1769.55	1653.72	1773.51	1628.04	
1578.02	1512.82	1579.07	1517.09	1573.46	1505.62	1579.09	1468.24	
1457.42	1432.12	1450.03	1440.4	1459.36	1427.77	1466.9	1394.28	
1407.86	1415.42	1390.53	1441.09	1410.08	1402.59	1415.35	1394.82	
1367.44	1418.88	1355.2	1451.96	1395.84	1399.72	1390.51	1409.35	
1341.51	1436.17	1330.56	1456.66	1378.82	1433.69	1362.04	1425.9	
1305.02	1444.57	1316.38	1460.24	1357.68	1456.95	1339.28	1437.63	
1299.94	1440.39	1302.85	1471.31	1332.98	1471.12	1312.89	1458.36	
1284.88	1427.37	1288.47	1466.76	1300.01	1481.51	1311.77	1472.35	
1285.39	1422.06	1275.16	1454.44	1284.69	1472.71	1287.21	1480.97	
1281.86	1414.35	1257.03	1432.75	1264.78	1458.24	1281.68	1480.76	
1263.59	1408.6	1248.49	1401.44	1234.14	1434.78	1245.74	1462.62	
1190.91	1335.18	1184.98	1333.11	1178.99	1356.92	1196.58	1380.87	
995.999	1098.32	1013.23	1096.31	1001.81	1118.63	1016.2	1125.6	
729.713	735.403	762.621	727.951	735.168	747.859	740.884	747.584	
545.033	464.119	578.527	436.176	529.274	459.78	536.211	469.367	
487.867	382.09	516.469	333.925	435.678	356.94	469.671	380.367	
465.002	355.073	491.716	298.099	410.135	334.716	433.237	342.588	
440.332	365.3	458.863	287.891	405.907	321.257	422.305	327.245	
418.419	373.3	429.509	273.601	402.575	300.465	409.388	316.797	
415.591	367.668	396.587	264.965	406.849	281.945	400.357	321.037	
406.37	354.718	382.817	264.347	402.503	271.787	399.601	322.022	
404.408	326.323	377.189	277.36	408.191	278.692	391.953	327.577	
397.174	291.433	373.912	288.491	402.374	306.121	402.66	318.68	
394.804	258.56	374.656	301.134	386.202	316.147	422.292	311.68	
392.05	240.706	374.383	305.044	381.36	315.762	428.48	306.258	
5697.93	5414.63	5698.69	5453.17	5696.76	5445.9	5701.24	5446.23	
5519.3	5245.03	5521.12	5279.95	5515.94	5271.15	5521.78	5274.52	
5315.12	5054.63	5319.41	5085.88	5310.98	5076.51	5317.75	5078.42	
5081.34	4835.36	5088.87	4862.12	5079.8	4855.43	5085.71	4855.91	
4298.85	4082.89	4310.1	4099	4296.98	4095.7	4299.88	4091.54	
3417.73	3252.31	3428.7	3255.64	3418.22	3257.04	3417.31	3246.21	
2578.47	2467.8	2581.62	2477.22	2575.7	2464.19	2579.37	2451.64	
1878.08	1830.53	1872.62	1840.24	1876.67	1824.94	1883.46	1803.04	
1545.2	1540.96	1529.68	1560.02	1547.09	1529.26	1552.18	1514.98	
1436.53	1463.82	1416.12	1493.67	1446.85	1450.43	1451.84	1450.68	
1394.28	1455.63	1371.51	1486.79	1405.79	1448.94	1412.17	1453.51	
1342.91	1478.53	1359.52	1484.25	1389.85	1457.48	1383.3	1466.26	
1318.49	1485.88	1334.43	1489.24	1365	1493.27	1341.51	1481.11	
1283.08	1467.05	1311.32	1482.87	1334.78	1503.06	1312.95	1485.93	
1289.16	1463.11	1279.53	1483.8	1310.73	1493.04	1293.97	1492.61	
1284.76	1456.73	1257.52	1480.61	1270.92	1477.5	1289.91	1494.49	
1273.44	1446.36	1255.73	1466.76	1240.7	1478.51	1261.11	1491.59	
1240.17	1437.66	1233.07	1438.67	1223.39	1475.85	1258.9	1483.5	
1201.28	1406.23	1204.78	1386.67	1192.41	1436.62	1221.39	1438.7	
1102.39	1294.56	1123.08	1278.53	1104.45	1316.11	1126.03	1314.75	
889.228	991.432	913.563	974.828	885.453	991.717	893.303	999.397	
658.424	652.889	684.985	618.905	622.845	632.973	647.72	651.724	
516.191	443.314	535.278	391.609	462.08	419.05	492.554	435.158	
471.39	397.497	472.369	330.204	419.425	359.977	448.497	378.545	
443.16	386.227	440.473	300.307	410.934	336.93	421.599	353.706	
425.048	390.38	402.31	291.748	394	323.667	404.193	341.216	
395.867	388.396	382.733	289.66	399.876	304.151	392.538	337.451	
379.585	367.228	366.179	293.888	415.603	291.587	376.757	336.334	
382.366	341.034	364.95	302.093	407.502	295.18	392.2	332.653	
384.841	308.764	369.182	315.903	387.369	310.244	397.239	328.755	
386.865	273.344	377.27	326.772	376.255	315.411	403.771	331.618	
399.465	247.008	374.645	334.198	379.207	305.794	407.116	341.838	
7710.48	7412.9	7713.32	7466.72	7714.44	7433.65	7711.09	7439.48	
7690.95	7404.05	7692.49	7452.51	7696.78	7422.82	7692.03	7429.84	
7623.05	7344.52	7626.23	7394.47	7629.02	7365.15	7623.29	7373.47	
7313.1	7075.66	7321.23	7112.72	7319.55	7090.28	7310.22	7093.54	
6694.55	6503.48	6698.8	6524.64	6701.85	6510.25	6689.19	6513.22	
5647.87	5509.28	5644.88	5523.79	5653.87	5506.84	5647.46	5511.8	
4090.9	4020.59	4085.28	4033.77	4093.11	4019.6	4093.84	4018.62	
2648.46	2649.99	2637.07	2671.6	2651.48	2642.7	2654.89	2640.88	
1942.01	1990	1925.69	2020.54	1951.14	1979.39	1956.51	1982.17	
1665.12	1741.54	1645.9	1770.93	1676.91	1737.05	1683.89	1737.46	
1532.3	1652.65	1533.67	1667.81	1561	1640.33	1562.8	1644.14	
1457.92	1605.07	1464.83	1615.48	1489.92	1601.41	1482.88	1601.52	
1359.52	1542.36	1378.6	1538.92	1398.17	1550.19	1382.92	1540.61	
1316.94	1514.49	1319.04	1503.59	1341.56	1531.6	1316.23	1511.58	
1277.25	1499.37	1283.12	1493.27	1305.51	1518.19	1289.5	1511.27	
1265.85	1493.46	1250.1	1497.81	1267.82	1502.26	1273.74	1513.62	
1254.43	1483.87	1228.66	1495.51	1236.99	1492.44	1275.61	1509.91	
1232.35	1478.84	1226.32	1469.71	1220.09	1496.42	1250.8	1496.66	
1193.72	1465.13	1218.19	1448.82	1196.73	1493.43	1228.08	1480.42	
1157.17	1414.78	1173.97	1404.34	1159.2	1420.36	1169.14	1421.42	
1044.38	1255.84	1061.44	1248.6	1034.48	1244.07	1039.44	1250.36	
807.588	902.059	822.044	876.565	775.421	883.091	788.269	887.534	
600.223	610.01	607.062	558.153	563.633	578.955	582.722	589.07	
478.95	450.806	476.939	375.337	446.028	414.289	470.269	429.921	
446.201	417.426	422.348	320.785	399.598	364.828	433.761	386.061	
418.168	411.158	402.357	319.003	404.189	339.861	403.337	367.389	
396.661	395.347	373.732	323.052	407.391	319.785	384.237	360.499	
377.353	381.022	357.531	326.993	416.407	309.448	379.582	348.087	
368.935	359.175	352.654	340.402	409.132	309.061	382.74	329.863	
372.725	324.277	364.145	341.995	384.173	316.869	388.773	338.703	
376.117	293.599	378.704	348.044	365.83	325.103	380.143	340.022	
377.725	278.628	393.749	344.295	360.117	334.111	370.342	345.803	
8041.12	7735.6	8043.32	7799.14	8045.11	7752.07	8050.7	7752.83	
8038.15	7738.62	8043.83	7799.62	8046.04	7761.18	8038.95	7771.57	
8000.83	7734.33	8007.38	7776.92	8007.88	7749.84	7994.31	7756.4	
7910.32	7687.9	7912.05	7716.36	7917.29	7694.27	7899.87	7703.47	
7713.73	7571.93	7706.93	7589.91	7725.49	7563.67	7711.31	7582.94	
7145.9	7108.11	7135.45	7127.43	7153.96	7102.38	7145.12	7123.66	
5903.13	5986.71	5895.98	6013.86	5913.76	5985.57	5909.19	6002.46	
4448.57	4624.92	4443.77	4658.76	4462.32	4624.66	4463.49	4637.45	
3386.75	3607.45	3379.97	3643.98	3403.06	3609.56	3408.5	3618.77	
2795.03	3037.37	2801.6	3062.32	2822.96	3031.46	2826.54	3041.2	
2423.19	2663.9	2432.3	2682.15	2453.96	2663.42	2451.07	2666.33	
1877.68	2092.16	1891.59	2100.04	1910.24	2101.98	1900.53	2096.03	
1512.59	1716.51	1514.3	1710.99	1535.34	1725.96	1517.89	1712.91	
1355.95	1592.63	1357.5	1575.64	1377.81	1596.55	1362.77	1582.3	
1285.91	1545.28	1279.71	1518.39	1298.06	1554.29	1287.6	1533.07	
1251.22	1528.42	1241.93	1498.63	1270.99	1533.48	1271.47	1520.31	
1234.24	1526.34	1218.41	1497.15	1248.75	1516.83	1258.15	1527.13	
1221.21	1516.01	1218.56	1506.72	1220.79	1505.01	1235.07	1519.3	
1206.23	1506.35	1210.41	1505.99	1204.61	1493.95	1209.9	1503.86	
1181.58	1485.29	1196.46	1490.72	1181.7	1475.75	1178.71	1473.63	
1127.46	1412.47	1136.2	1414.74	1117.37	1398.86	1111.77	1388.04	
982.559	1220.6	992.941	1205.15	968.749	1194.32	964.852	1182.77	
732.53	849.767	730.556	799.413	705.895	822.243	720.266	822.157	
544.861	574.467	526.332	493.971	504.833	535.819	535.494	549.372	
469.182	482.435	452.798	401.814	443.994	426.334	459.572	451.834	
425.479	430.105	410.837	367.028	418.493	357.736	411.647	402.901	
400.306	407.948	375.128	359.805	419.929	340.483	392.612	384.204	
392.538	386.744	350.627	366.376	414.154	337.53	389.742	360.796	
375.731	365.18	351.845	366.963	404.563	340.539	380.273	348.778	
363.967	345.901	355.664	366.623	374.116	337.958	368.987	348.122	
352.524	326.54	371.386	361.069	353.011	345.753	352.894	354.467	
344.831	318.386	397.446	371.533	349.306	349.073	335.862	342.099	
8088.54	7764.65	8087.46	7854.74	8088.15	7794.9	8101.63	7797.64	
8074.1	7781.71	8084.91	7845.6	8073.66	7797.5	8072.09	7797.27	
8056.06	7795.64	8058.62	7835.17	8054.28	7803.68	8037.32	7808.71	
8017.82	7817.21	8007.26	7833.09	8026.99	7806.33	8009.78	7828.01	
7921	7817.86	7905.64	7838.55	7924.03	7810.89	7912.64	7837.83	
7636.11	7780.03	7630.78	7812.87	7650.65	7783.19	7643.21	7808.82	
7176.53	7549.82	7183.66	7590.12	7198.39	7556.31	7194.79	7581.59	
6563.89	7067.52	6575.92	7114.29	6589.13	7078.65	6590.3	7100.83	
5968.17	6532.49	5986.96	6578.51	5999.24	6542.55	6002.4	6563.33	
5459.86	6016.08	5478.86	6058.99	5492.79	6025.27	5495.38	6044.61	
4389.48	4860.06	4411.62	4891.84	4425.51	4868.64	4420.17	4880.43	
2991.49	3344.68	2997.69	3352.7	3018.02	3352.4	3004.38	3346.45	
2011	2302.73	2011.75	2294.63	2032.94	2307.23	2018.35	2295.13	
1464.56	1744.32	1458.77	1723.4	1479.1	1744.39	1469.95	1724.84	
1295.21	1600.93	1280.11	1568.43	1312.4	1585.95	1312.71	1562.28	
1256.33	1571.98	1228.8	1520.02	1269.27	1557.12	1269.16	1529.65	
1226.41	1559.85	1222.73	1518.54	1254.23	1540.36	1231.42	1532.43	
1223.47	1551.08	1211.01	1540.86	1228.82	1506.94	1219.16	1548.31	
1210.92	1545.92	1211.76	1557.24	1196.82	1498.07	1198.5	1526.75	
1199.91	1532.63	1190.86	1546.08	1179.41	1508.71	1177.32	1497.82	
1160.62	1513.7	1174.49	1514.48	1159.33	1487.29	1142.49	1464.98	
1086.64	1409.6	1085.27	1394.72	1068.23	1394.42	1068.75	1372.07	
915.568	1155.48	903.644	1121.17	882.183	1147.63	903.306	1138.33	
745.911	909.797	731.583	861.73	715.06	890.791	735.532	897.86	
559.108	642.831	548.922	594.859	550.339	592.409	548.663	628.285	
468.203	510.436	449.929	469.394	474.544	452.221	458.761	494.087	
429.388	440.423	398.216	421.434	439.636	396.958	418.319	425.135	
401.104	397.13	366.341	402.992	421.684	383.365	398.846	392.372	
385.072	374.326	346.84	397.195	394.42	382.18	380.851	374.612	
352.218	370.236	346.436	389.253	366.996	374.456	347.378	372.733	
331.746	369.03	352.937	386.998	338.974	363.472	327.946	362.56	
324.147	364.312	349.521	381.003	321.502	368.702	329.242	361.188	
8100.34	7790.6	8105.64	7877.2	8087.5	7817.04	8099.57	7802.42	
8090.43	7803.54	8087.7	7865.93	8072.4	7812.2	8087.05	7814.46	
8069.6	7831.68	8062.7	7866.34	8061.77	7809.75	8060.16	7830.63	
8046.13	7846.41	8023.22	7868.22	8034.9	7834.75	8025.72	7861.11	
7948.64	7901.91	7931.46	7926.93	7952.47	7894.98	7938.22	7929.1	
7741.41	8018.39	7744.33	8061.92	7752.41	8026.42	7745.17	8057.86	
7520.78	8116.18	7536.11	8171.23	7546.16	8138.1	7551.14	8157.14	
7393.5	8116.95	7418.06	8173.4	7429.26	8136.12	7431.27	8158.35	
7294.91	8050.45	7319.64	8108.67	7332.15	8067.01	7336.09	8093.38	
6998.55	7749.89	7030.04	7803.33	7040.85	7756.37	7035.45	7785.86	
6219.7	6904.39	6235.42	6940.92	6257.41	6906.56	6248.12	6917.08	
4805.3	5383.03	4813.75	5398.69	4836.18	5383.44	4823	5380.3	
2881.65	3300.69	2877.36	3289.75	2898.36	3302.44	2889.89	3282.4	
1731.72	2076.9	1715.11	2048.67	1745.97	2063.65	1745.82	2040.24	
1346.62	1700.31	1320.41	1654.26	1361.54	1659.19	1361.99	1633.4	
1269.29	1686.1	1254.38	1644.61	1292.53	1587.72	1278.75	1566.4	
1243.48	1641.34	1235.12	1611.22	1263.23	1556.76	1249.04	1555.42	
1224.99	1626.13	1218.94	1612.78	1233.95	1537.61	1217.4	1556.39	
1217.85	1609.43	1200.28	1622.47	1206.58	1528.66	1190.07	1558.08	
1192.32	1604.86	1186.2	1613.08	1182.66	1530.59	1171.57	1526.5	
1177.57	1558.48	1161.98	1547.3	1149.11	1539.98	1156.31	1510.88	
1139.79	1505.15	1131.6	1498.51	1110.43	1515.68	1124.79	1492.09	
1084.67	1432.47	1073.27	1423.8	1046.9	1458.4	1072.71	1441.64	
940.987	1249.81	941.207	1240.92	925.465	1253.99	935.315	1264.95	
776.853	1019.74	778.181	1006.93	776.341	1000.94	769.964	1029.11	
625.984	780.804	614.179	776.538	633.23	758.118	617.073	781.776	
500.211	571.19	477.891	574.876	513.521	559.622	493.973	570.265	
433.272	464.603	403.98	478.115	442.092	467.312	426.432	465.514	
381.451	418.468	366.044	435.186	398.656	429.108	375.551	420.671	
343.33	399.409	345.516	417.298	367.564	408.104	337.784	399.919	
317.605	402.821	319.416	408.399	332.2	399.227	320.644	387.744	
325.731	412.212	318.242	400.129	292.224	379.696	322.56	365.637	
8110.59	7825.16	8108.31	7858.02	8073.1	7825.6	8090.27	7812.82	
8102.79	7838.57	8089.05	7869.92	8066.23	7817.09	8092.12	7826.64	
8084.17	7844.5	8061.09	7873.67	8056.98	7833.92	8080.86	7853.02	
8044.28	7872.43	8025	7898.94	8040.56	7855.99	8032.84	7891.31	
7943.74	7959.17	7930.58	7983.89	7940.54	7948.97	7925.69	7980.27	
7734.44	8124.04	7733.23	8169.49	7738.91	8127.53	7730.91	8162.41	
7571.19	8240.99	7592.64	8309.46	7590.36	8266.36	7591.88	8295.38	
7515.34	8274.98	7535.65	8344.09	7545.78	8305.72	7559.9	8324.7	
7471.93	8275.77	7506.1	8332.75	7518.83	8280.91	7509.41	8314.68	
7379.16	8200.47	7398.63	8250.58	7418.49	8198.03	7410.05	8217.48	
7117.87	7944.29	7133.45	7979.62	7157.1	7939	7144.74	7944.18	
6128.49	6883.19	6131.86	6893.48	6153.09	6887.93	6149.94	6868.98	
4154.9	4760.42	4144.98	4749.46	4167.73	4757.95	4169.96	4730.29	
2232.74	2700.76	2211.01	2663.61	2245.78	2668.8	2247.05	2642.62	
1628.79	2104.9	1615.8	2066.52	1649.69	2016.26	1638.59	1994.23	
1422.96	1980.5	1413.13	1955.61	1443.91	1779.98	1432.19	1774.24	
1347.86	2098.41	1329.8	2092.18	1361.87	1690.77	1350.11	1689.75	
1291.33	1948.02	1270.43	1951.42	1295.83	1634.5	1280.11	1635.98	
1226.59	1830.72	1202.99	1836.49	1226.17	1582.4	1206.49	1581.71	
1197.24	1644.55	1165.82	1639.47	1183.26	1565.65	1166.75	1569.16	
1173.68	1578.36	1159.51	1577.07	1156.75	1569.26	1163.48	1556.91	
1168.78	1545.65	1147.72	1537.58	1119.35	1583.43	1156.51	1557.85	
1122.59	1524.15	1121.45	1531.9	1100.26	1556.71	1116.18	1554.33	
1064.51	1486.71	1082.06	1499.03	1057.1	1505.12	1057.91	1517.15	
980	1387.25	1001.17	1409.85	981.6	1402.64	971.664	1416.4	
840.39	1187.99	855.89	1198.84	849.902	1198.37	835.465	1201.54	
686.933	944.825	684.745	953.804	692.767	956.769	683.963	950.106	
522.656	691.51	517.83	701.199	535.644	699.034	521.286	692.245	
407.698	526.293	409.471	540.701	434.149	533.905	408.606	527.228	
346.862	460.877	345.836	473.711	378.296	465.763	357.698	455.418	
337.288	443.938	322.994	442.272	325.85	437.487	336.663	413.858	
315.864	429.161	306.071	435.559	290.916	433.887	336.66	406.73	
8101.51	7858.64	8106.02	7822.46	8076.64	7836.4	8095.26	7831.82	
8095.62	7861.64	8093.82	7834.28	8074.78	7843.39	8089.89	7845.56	
8085.73	7866.41	8070.14	7865.44	8064.87	7851.73	8077.26	7874.51	
8049.43	7899.54	8030.92	7910.69	8032.93	7886.18	8031.82	7915.46	
7920.2	8015.42	7908.26	8030.75	7914.35	7998.86	7900.39	8024.44	
7696.46	8203.7	7701.87	8246.52	7700.61	8199.54	7689.87	8223.82	
7585.36	8280.58	7593.35	8348.19	7593.41	8291.68	7594.45	8331.44	
7537.26	8302.16	7569.73	8374.67	7561.13	8317.27	7559.73	8355.88	
7509.11	8319.54	7525.4	8374.57	7538.2	8327.48	7537.91	8338.63	
7468.28	8329.6	7485.1	8368.73	7508.37	8319.78	7494.26	8326.78	
7342.9	8245.82	7350.94	8265.46	7369.78	8250.61	7367.17	8229.99	
6858.6	7788.95	6859.78	7795.28	6871.36	7798.16	6876.01	7764.82	
5303.65	6182.31	5298.33	6168.44	5311.69	6177.81	5314.29	6146.06	
3723.46	4544.02	3720.73	4517.84	3735.49	4495.63	3730.06	4468.4	
2709.6	3518.39	2708.66	3495.22	2724.75	3369.17	2716.66	3353.38	
2267.45	3192.04	2257.47	3182.82	2277.94	2852.21	2268.08	2842.97	
1927.28	3137.58	1896.43	3153.92	1934.28	2432.56	1919.95	2422.03	
1507.51	3242.63	1443.01	3286.23	1515.58	1915.33	1501.95	1890.49	
1282.24	2021.42	1246.77	2024.08	1277.31	1683.55	1267.22	1668.54	
1198.13	1675.4	1175.19	1678.72	1191.1	1614.6	1188.04	1597.82	
1179.98	1585.97	1159.91	1588.89	1166.07	1604.27	1171.06	1591.05	
1146.77	1563.64	1149.52	1575.15	1152.73	1590.63	1158.75	1599.2	
1130.05	1567.42	1142.47	1571.22	1119.39	1591.45	1130.58	1604.3	
1097.45	1559.7	1118.61	1591.9	1092.39	1590.47	1084.15	1602.42	
1050.37	1549.71	1089.26	1563.83	1057.74	1571.44	1042.7	1570.73	
988.914	1506.64	1020.1	1508.49	990.473	1527.06	990.457	1515.43	
868.792	1365.08	893.459	1362.84	877.287	1370.96	882.943	1360.68	
700.129	1107.05	712.222	1110.44	717.698	1112.32	711.09	1102.5	
532.724	832.339	533.415	839.24	556.73	836.898	547.456	828.243	
441.625	663.128	432.462	665.906	443.005	662.438	451.463	645.918	
381.841	563.17	373.479	572.35	375.487	572.132	400.306	549.608	
371.971	548.329	362.297	555.373	355.05	557.014	387.978	530.957	
8082.37	7875.63	8116.23	7790.55	8096.8	7851.28	8111.5	7838.21	
8099.83	7869.87	8097.85	7812.23	8092.76	7863.41	8095.37	7870.37	
8089.06	7893.26	8082.37	7852.85	8075.25	7879.93	8060.32	7898.21	
8042.6	7944.6	8029.07	7920.7	8025.2	7924.31	8008.47	7942.46	
7883.76	8074.94	7872.62	8080.38	7871.43	8062.38	7865.29	8079.04	
7672.89	8258.17	7671.42	8286.46	7671.56	8245.9	7666.74	8260.59	
7587.39	8321.63	7607.31	8363.87	7596.67	8309.88	7585.96	8322.74	
7558.95	8340.3	7567.78	8374.75	7566.37	8333.71	7563.07	8340.5	
7524.23	8352.13	7540.04	8388.25	7545.03	8352.64	7535.82	8349.88	
7488.45	8363.71	7493.55	8382.28	7509	8378.05	7510.87	8344.12	
7401.82	8377.26	7404.7	8388.2	7414.9	8387.8	7417.6	8351.8	
7097.23	8270.05	7104.1	8267.85	7101.91	8280.48	7102.58	8244.86	
6559.91	7894.53	6571.24	7880.97	6561.28	7897.73	6557.79	7864.24	
5781.67	7190.9	5796.31	7172.07	5782.67	7156.45	5774.81	7127.23	
5120.66	6580.87	5131.47	6564.61	5120.35	6446.9	5110.19	6421.63	
4456.61	6017.65	4456.15	6012.73	4456.29	5646.66	4445.35	5624.81	
3255.91	5087.95	3221.43	5107.82	3258.52	4140.87	3249.26	4112.12	
2053.51	3401.46	2007.83	3417.91	2052.23	2650.48	2043.16	2628.61	
1398.16	2341.18	1361.42	2356.67	1395.06	1862.46	1395.5	1835.68	
1208.36	1712.88	1193.08	1720.35	1203.78	1660.92	1215.33	1636.14	
1164.89	1601.11	1165.57	1622.61	1183.59	1628.44	1185.9	1628.7	
1139.29	1591.71	1153.05	1607.62	1165.48	1618.75	1162.63	1637.95	
1110.1	1585.33	1145.67	1616.79	1137.59	1618.62	1130.67	1637.58	
1095.99	1599.95	1130.02	1613.95	1106.98	1632.49	1094.52	1634.09	
1073.25	1613.42	1106.33	1612.05	1069.34	1644.62	1064.03	1630.45	
1023.35	1628.73	1063.37	1617.31	1031.06	1627.4	1039.93	1617.68	
962.695	1599.29	984.821	1587.29	970.887	1596.53	980.594	1584.97	
866.433	1484.45	873.974	1478.7	880.5	1483.51	887.884	1472.1	
766.667	1331.76	766.159	1334.42	766.589	1337.68	785.859	1328.57	
666.204	1176.06	663.56	1188.82	662.724	1193.42	686.711	1180.74	
611.526	1091.69	610.6	1109.48	609.274	1114.12	634.985	1097.08	
551.756	986.745	548.449	1003.04	550.88	1011.17	575.904	989.32	
8111.1	7864.14	8115.18	7805.71	8111.01	7866.41	8141.35	7880.06	
8107.8	7887.03	8119.79	7825.94	8110.08	7874.66	8107.51	7882.22	
8111.69	7917.46	8102.41	7853.99	8100.55	7893.5	8061.28	7901.66	
8024	8002.35	8015.4	7958.93	8013.25	7986.23	7987.04	7997.48	
7826.21	8171.22	7819.05	8156.51	7818.33	8161.96	7814.1	8168.73	
7668.63	8293.27	7669.64	8294.91	7663.01	8279.71	7663.38	8279.35	
7601.72	8361.22	7594.71	8354.73	7596.1	8330.61	7592.26	8315.71	
7560.71	8383.79	7573.28	8381.6	7571.95	8348.76	7548.87	8332.45	
7540.79	8384.62	7537.57	8375	7533.57	8378.76	7540.26	8343.27	
7500.8	8396.05	7496.83	8400.67	7494.26	8408.86	7509.74	8361.27	
7384.27	8460.58	7388.48	8459.77	7389.85	8477.15	7392.17	8434.37	
7176.3	8595.3	7188.65	8583.49	7177.56	8613.75	7168	8572.43	
6974.28	8668.73	6996.19	8649.68	6967.39	8681.27	6957.25	8645.99	
6839.78	8633.13	6863.4	8610.4	6830.79	8633.55	6819.9	8598.14	
6666.9	8515.19	6693.47	8488.54	6657.79	8459.84	6649.93	8432.7	
6139.58	8081.11	6154.56	8059.93	6132.03	7813.81	6128.17	7784.42	
4846.09	6570.09	4842.88	6559.54	4846.74	6213.51	4839.49	6195.72	
2873.68	4106.2	2854.03	4109.29	2872.19	3746.66	2870.24	3728.26	
1579.87	2341.55	1559.93	2352.2	1576.63	2135.62	1584.91	2113.65	
1258.54	1861.66	1260.52	1880.48	1280.13	1759.41	1285.58	1753.56	
1172.35	1672.86	1204.19	1686.11	1213.75	1686.82	1217.45	1694.52	
1133.92	1625.8	1175.54	1650.17	1179.67	1662.53	1174.64	1685.88	
1115.38	1633.01	1148.97	1650.51	1150.05	1668.23	1134.74	1672.44	
1088.21	1623.17	1134.02	1654.41	1117.17	1669.87	1098.56	1646.1	
1064.86	1653.09	1101.42	1648.89	1080.86	1669.91	1075.94	1663.22	
1036.67	1675.92	1060	1654.84	1047.33	1672.12	1044.88	1658.51	
996.065	1684.01	1002.72	1662.19	1010.06	1667.36	1007.14	1655.93	
953.031	1668.75	955.811	1661.77	947.625	1664.67	974.51	1667.04	
898.848	1646.23	905.671	1658.84	900.136	1659.51	919.691	1649.69	
858.562	1640.39	868.96	1669.17	861.226	1673.18	883.427	1655.73	
818.83	1624.04	820.286	1650.48	822.933	1668.45	849.444	1650.02	
776.87	1572.21	773.113	1596.37	776.173	1617.36	803.47	1607.86	
8151.77	7900.07	8155.94	7872.51	8153.14	7912.54	8173.8	7922.43	
8156.95	7921.29	8150.48	7872.68	8151.37	7903.4	8143.48	7918.45	
8146.3	7965.29	8140.84	7910.63	8143.67	7948.18	8117.45	7953.53	
8064.83	8063.54	8058.07	8013.04	8059.89	8050.61	8032.24	8052.62	
7812.59	8236.56	7815.64	8199.47	7813.6	8229.81	7808.97	8232.42	
7663.49	8334.26	7655.93	8299.02	7658.28	8324.56	7666.5	8312.34	
7598.16	8377.05	7597.12	8340.15	7586.25	8356.11	7590.65	8337.77	
7574.11	8399.57	7561.04	8363.06	7551.52	8380.87	7561.98	8347.31	
7542.46	8416.54	7534.19	8383.16	7524.28	8396.27	7532.62	8359.09	
7484.93	8446.1	7481.62	8425.96	7471.85	8442.28	7482.1	8404.83	
7341.18	8548.76	7351.58	8540.89	7341.78	8563.56	7345.2	8526.13	
7134.18	8734.05	7155.91	8711.08	7140.47	8755.52	7122.84	8718.14	
7032.67	8831.29	7052.97	8804.8	7025.63	8857.57	7003.75	8809.9	
6983.99	8863.89	7017.38	8830.37	6971.96	8864.21	6963.02	8837.5	
6920.65	8849.88	6950.11	8811.34	6908.04	8822.16	6907.7	8792.46	
6699.29	8642.18	6724.56	8610.35	6699.61	8587.79	6695.57	8575.79	
5853.23	7679.16	5868.7	7658.97	5854.99	7570.1	5850.33	7566.03	
3736.34	5076.14	3734.17	5072.18	3735.2	4948.94	3736.84	4939.7	
2169.79	3079.9	2174.44	3090.59	2186.89	2991.39	2188.95	2992.04	
1541.49	2246.57	1569.64	2258.01	1579.43	2205.53	1581.98	2214.57	
1328.49	1952.36	1372.02	1971.42	1374.71	1944.59	1373.2	1961.98	
1235.37	1810.61	1278.65	1825.44	1278.52	1840.72	1270.48	1846.73	
1133.26	1689	1179.05	1708.82	1170.43	1731.71	1158.43	1721.45	
1089.49	1677.82	1134.77	1684.17	1113.42	1703.53	1110.52	1693.93	
1067.51	1684.43	1094.93	1688.41	1081.25	1694.98	1076.32	1679.72	
1037.95	1710.83	1043.69	1685.3	1063.72	1696.71	1053.35	1688.82	
1009.01	1723.14	1009.72	1695.3	1016.54	1704.34	1021.68	1706.43	
978.234	1733.04	976.888	1725.57	976.362	1724.73	973.694	1724.8	
933.633	1748.51	948.561	1766.92	930.984	1762.57	952.561	1755.81	
889.568	1775.16	905.235	1800.95	903.166	1809.3	921.759	1775.49	
860.964	1787.82	868.998	1820.25	866.144	1837.85	883.039	1816.16	
841.268	1791.6	833.709	1807.87	838.068	1843.26	873.303	1846.08	
8301.13	8054.5	8294.22	8016.94	8299.47	8053.55	8294.17	8049.48	
8293.16	8056.79	8284.64	8020.39	8291.86	8057.48	8284.74	8052.97	
8275.14	8090.61	8267.74	8046.14	8275.21	8086.16	8262.67	8081.35	
8138.64	8154.66	8143.06	8108.4	8140.8	8151.74	8131.36	8148.96	
7881.57	8262.55	7887.43	8216.93	7882.06	8259.91	7881.21	8260.33	
7647.09	8354.62	7655.59	8300.43	7651.17	8349.58	7659.35	8352.1	
7593.47	8385.66	7590.17	8328.68	7576.3	8373.66	7600.46	8372.13	
7562.38	8407.26	7560.18	8351.77	7537.94	8394.42	7559.34	8384.39	
7537.16	8436.01	7517.53	8397.14	7500.9	8422.82	7522.57	8406.69	
7438.36	8506.42	7437.08	8482.02	7425.19	8494.02	7437.77	8479.19	
7248.69	8661.04	7268.05	8648.82	7255.95	8659.66	7255.3	8644.88	
7087.22	8805.96	7118.66	8787.24	7099.54	8821.58	7083.2	8795.14	
7020.6	8877.61	7056.36	8836.27	7028.95	8886.04	7006.61	8865.2	
7000.99	8907.07	7028.33	8859.4	6989.01	8909.1	6980.29	8874.51	
6946.88	8906.71	6977.95	8870.05	6945.61	8901.95	6941.16	8893.4	
6827.07	8848.59	6855	8817.4	6831.06	8834.39	6823.87	8837.8	
6279.38	8324.81	6296.31	8302.73	6279.68	8295.98	6274.47	8298.58	
5038.52	6924.21	5050.22	6914.45	5043.8	6890.94	5037.82	6894.65	
3602.57	5139.47	3624.23	5138.29	3623.5	5116.25	3618.1	5125.72	
2724.67	3970.81	2759.26	3979.36	2756.97	3966.1	2750.63	3982.38	
2259.87	3325.73	2296.3	3334.04	2293.17	3331.72	2284.38	3339.27	
1571.23	2348.7	1613.99	2363.53	1605.67	2370.94	1595.74	2362.12	
1249.98	1911.6	1297.65	1917.4	1278.34	1938	1277.42	1931.07	
1120.21	1763.32	1155.61	1768.5	1142.06	1782.31	1141.62	1766.86	
1079.23	1746.16	1084.79	1732.46	1097.07	1740.49	1083.79	1717.41	
1059.18	1753.01	1056.07	1725.48	1056.59	1716.26	1057.66	1731.37	
1019.19	1769.23	1017.94	1730.13	1036.83	1734.19	1020.84	1751.43	
980.038	1779.33	986.937	1765.32	992.977	1768.73	973.88	1759.08	
943.898	1806.05	951.814	1802.89	940.232	1810.47	938.086	1787.07	
885.5	1842.38	903.18	1847.96	890.985	1852.34	904.453	1832.71	
846.289	1866.33	863.717	1880.39	859.542	1895.05	871.433	1872.37	
823.383	1875.75	838.99	1898.18	821.892	1925.17	842.071	1907.62	
8471.25	8220.64	8451.31	8164.4	8465.41	8210.08	8452.99	8186.22	
8464.69	8224.68	8459.75	8179.52	8469.34	8231.9	8455.34	8204.58	
8404.06	8212.04	8411.99	8167.71	8408.24	8224.24	8406.69	8208.84	
8260.54	8223.91	8275.7	8188.64	8261.09	8234.16	8268.26	8235.39	
7921.03	8296.4	7932.82	8255.57	7924.46	8295.03	7933.61	8304.36	
7669.62	8363.78	7678.59	8308.02	7666.28	8354.76	7681.09	8373.13	
7573.52	8395.78	7587.88	8326	7572.97	8372.1	7593.51	8410.51	
7547.9	8411.38	7556.51	8357.97	7539.7	8404.25	7565.48	8423.62	
7494.61	8459.36	7497.26	8416.87	7479.57	8459	7507.53	8468.93	
7364.37	8583.49	7357.68	8565.77	7348.53	8574.57	7368.41	8583.9	
7159.16	8755.93	7177.44	8759.72	7167.39	8742.49	7171.74	8756.93	
7042.07	8856.95	7080.68	8850.29	7066.81	8841.54	7059.45	8856.44	
7005.89	8896.83	7045.6	8872.31	7021.45	8889.87	7021.58	8890.18	
6977.5	8917.93	7012.23	8878.83	6994.38	8919.71	6988.93	8921.11	
6935.94	8946.05	6963.86	8907.88	6945.11	8940.43	6933.01	8947.58	
6801.16	8985.7	6822.96	8957.44	6803.86	8977.02	6795.26	8984.2	
6517.88	8921.15	6533.89	8897.87	6518.37	8915.5	6506.89	8920.67	
6032.37	8566.3	6046.43	8548.03	6033.89	8564.05	6020.35	8569.59	
5489.18	7965.61	5505.8	7953.14	5494.77	7967.99	5480.1	7976.02	
5026.94	7369.74	5045.15	7358.73	5034.26	7374.31	5019.11	7381.6	
3817.7	5677.71	3841.5	5676.01	3831.29	5688.93	3821.86	5689.8	
2581.38	3917.76	2614.64	3917.03	2599	3931.45	2594.43	3930.86	
1704.22	2672.13	1732.32	2674.42	1720.32	2684.32	1718.52	2673.55	
1298.29	2100.05	1307.96	2089.95	1316.63	2099.46	1306.95	2079.96	
1188.4	1959.28	1189.53	1938.27	1192.82	1936.77	1190.87	1937.63	
1131.96	1913.03	1129.25	1881.83	1139.61	1881.36	1126.1	1889.25	
1062.48	1866.58	1066.31	1836.29	1071.45	1835.72	1049.6	1844.71	
1002.58	1852.77	1016.92	1827.58	1018.39	1831.87	999.122	1827.42	
948.255	1866.4	967.468	1846.1	957.889	1853.6	946.017	1836.02	
893.521	1910.66	894.147	1897.62	886.736	1901.05	885.037	1878.15	
814.587	1947.85	837.402	1951.29	824.59	1954.9	833.032	1941.81	
787.019	1950.23	809.63	1979.09	803.802	1987.98	795.628	1971.16	
8533.21	8279.86	8509.04	8209.55	8535.02	8258.74	8514.78	8230.46	
8503.92	8271.54	8503.58	8212.76	8505.23	8271.65	8504.8	8251.76	
8463.27	8255.11	8487.23	8222.95	8464.19	8271.45	8474.52	8269.95	
8338.35	8264.66	8356.42	8236.27	8340.46	8272.79	8355.58	8277.94	
8000.6	8315.27	8007.22	8281.27	7999.94	8314.32	8017.32	8331.08	
7681.23	8374.77	7690.52	8330.06	7682.29	8364.03	7700.13	8401.21	
7582.76	8394.07	7597.04	8350.66	7578.15	8397.69	7594.48	8434.54	
7534.12	8408.55	7554.25	8366.79	7533.25	8419.9	7567.28	8461.33	
7458.74	8489.02	7469.48	8458.78	7452.42	8497.17	7482.65	8523.76	
7267.56	8676.98	7267.89	8663.66	7257.75	8672.52	7277.59	8700.93	
7109.15	8818.86	7109.37	8826.95	7111.88	8797.94	7125.15	8838.56	
7028.24	8870.97	7054.02	8896	7043.96	8845.53	7057.87	8890.8	
6990.33	8906.06	7014.49	8908.28	7016.14	8883.2	7025.84	8917.17	
6959.33	8941.04	6983.68	8928.52	6976.48	8919.47	6984.99	8947.98	
6890.74	9005.53	6905.43	8977.76	6900.1	8987.35	6900.41	9007.25	
6737.83	9122.8	6751.29	9089.52	6742.1	9110.88	6733.91	9119.09	
6539.25	9243.22	6555.27	9218.14	6541.41	9241.97	6524.14	9246.54	
6405.24	9261.31	6417.19	9238.31	6404.25	9262.99	6384.59	9268.59	
6299.01	9221.75	6307.75	9200.46	6294.38	9222.75	6277.17	9233.02	
5985.28	8870.43	5991.19	8851.62	5979.52	8869.53	5972.09	8880.11	
5313.27	8026.82	5321.9	8016.44	5310.08	8034.62	5300.87	8045.77	
4184.66	6526.29	4190.13	6526.51	4178.51	6541.64	4173.82	6546.06	
2861.67	4645.26	2861.32	4638.54	2866.04	4646.82	2858.62	4638.12	
2212.41	3695.09	2207.33	3678.34	2210.7	3676.78	2209.81	3679.06	
1910.8	3254.08	1905.39	3230.7	1913.69	3230.44	1905.9	3237.7	
1564.94	2725.51	1565.6	2701.03	1571.84	2702.49	1554.9	2704.23	
1301.39	2336.4	1309.77	2310.91	1310.49	2314.74	1291.1	2310.96	
1125.11	2125.44	1140.86	2097.86	1134.09	2101.05	1118.07	2097.85	
1021.35	2061.02	1030.5	2036.91	1027.78	2040.95	1015.55	2029	
935.927	2064.28	948.519	2052.93	938.857	2058.57	933.835	2040.84	
825.13	2053.77	836.671	2063.53	828.329	2067.41	819.12	2051.81	
719.95	2053.36	753.56	2079.94	748.83	2073.51	733.429	2084.36	
8535.54	8290.94	8523.39	8230.44	8547.34	8284.63	8535.24	8270.73	
8519.61	8278.55	8514.74	8238.36	8524.02	8277.55	8523.37	8276.58	
8483.04	8278.18	8492.86	8249.21	8484.41	8275.99	8501.75	8285.03	
8397.71	8288.01	8405.98	8262.45	8398.86	8287.91	8415.64	8300.25	
8075.66	8331.1	8080.75	8303.94	8076.75	8330.72	8093.6	8349.52	
7719.19	8376.07	7725.48	8358.99	7719.42	8388.3	7739.45	8416.49	
7588.83	8397.04	7596.87	8384.35	7593.59	8404.52	7623.48	8451.67	
7535.85	8432.34	7549.23	8420.22	7530.48	8448.33	7560.54	8483.91	
7414.52	8542.1	7426.44	8519.84	7399.61	8561.6	7429.75	8594.79	
7211.56	8741.25	7211.88	8732.59	7200.31	8748.9	7220.15	8780.09	
7088.42	8846.67	7084.83	8854.11	7077.71	8837	7098.59	8886.89	
7031.89	8881.14	7021.94	8905.63	7043.97	8867.14	7062.78	8919.05	
6991.37	8909.97	6999.22	8948.97	7009.16	8883.37	7027	8925.63	
6945.45	8969.4	6940.91	8982.1	6953.62	8931.14	6971.03	8969.11	
6825.29	9090.22	6826.8	9076.28	6832.83	9063.06	6838.96	9084.82	
6644.06	9264.83	6646.9	9227.09	6648.93	9241.11	6645.23	9258.09	
6520.41	9363.19	6528.52	9330.35	6524.13	9351.78	6513.31	9356.17	
6466.61	9397.73	6479.67	9371.96	6465.25	9397.13	6445.27	9405.77	
6401.76	9416.25	6406.2	9391.88	6396.35	9410.24	6384.6	9421.32	
6247.54	9398.01	6247.09	9383.67	6237.48	9403.05	6228.33	9419.4	
5943.36	9201.96	5931.34	9201.75	5921.32	9219.8	5916.17	9236.92	
5334.83	8626.22	5316.76	8624.62	5316.97	8632.59	5314.77	8641.53	
4778.49	8020.65	4756.59	8014	4760	8014.78	4761.78	8023.72	
4361.21	7446.7	4339.31	7435.72	4346.7	7434.72	4346.58	7444.79	
3750.68	6524.58	3733.16	6505.35	3739.46	6505.93	3731.68	6511.63	
3017.46	5397.22	3010.86	5377.54	3012.9	5379.2	2999.34	5380.8	
2235.29	4184.98	2243.28	4164.12	2239.33	4165.88	2223.31	4161.52	
1755.35	3435.35	1759.95	3414.65	1757.5	3416.02	1741.95	3406.13	
1515.09	3120.22	1523.25	3105.37	1516.89	3107.54	1505.6	3098.23	
1225.16	2735.92	1238.15	2735.31	1233.35	2738.2	1218.11	2728.07	
930.011	2399.86	953.836	2416.75	941.859	2415.3	927.985	2417.59	
787.361	2287.6	808.832	2315.78	773.235	2318.75	773.857	2324.42	
8544.73	8264.96	8532.27	8267.08	8551.72	8280.79	8545.61	8293.82	
8527.47	8283.01	8519.14	8271.97	8534.51	8280.81	8533.05	8286.17	
8497.01	8300.77	8478.78	8279.49	8499.38	8286.66	8509.35	8303.63	
8404.27	8316.79	8396.09	8297.3	8404.64	8309.38	8419.27	8320.61	
8151.73	8354.34	8152.29	8339.02	8151.48	8357.04	8165.01	8373.41	
7763.12	8401.44	7767.12	8397.54	7767.29	8416.95	7791.01	8444.62	
7622.54	8413.82	7627.04	8431.08	7624.6	8450.59	7653.59	8464.54	
7542.59	8483.1	7547.3	8482.8	7539.66	8500.91	7567.21	8531.37	
7374.45	8640.21	7378.08	8630.49	7354.38	8658.45	7378.95	8685.25	
7195.71	8781.42	7193.64	8776.53	7155.35	8810.68	7182.44	8835.93	
7076.98	8862.82	7066.18	8871.83	7074.05	8882.58	7091.73	8903.71	
7040.7	8898.74	7020.15	8921.1	7037.7	8894.72	7054	8920.21	
7012.01	8935.33	6974.37	8960.34	7006.94	8908.63	7020.53	8944.92	
6928.48	9002.55	6912.08	9029.16	6933.87	8978.68	6943.66	9009.58	
6751.9	9174.63	6744.22	9178.57	6759.8	9153.7	6762.25	9171.11	
6579.2	9348.36	6574.65	9325.83	6585.54	9328.55	6583.91	9334.44	
6510.42	9419.69	6506.35	9375.76	6509.4	9388.81	6507.19	9413.45	
6466.23	9442.36	6467.67	9411.75	6464.87	9423.19	6471.41	9431.79	
6411.8	9470.97	6425.14	9448.81	6416.3	9469.07	6402.42	9479.05	
6284.17	9551.17	6275.72	9546.67	6265.94	9571.15	6250.75	9586.98	
6046.87	9663.89	6021.13	9667.01	6022.12	9674.22	6025.87	9691.59	
5862.56	9689.28	5830.66	9688.5	5836.23	9689.54	5844.7	9705.9	
5728.84	9695.24	5694.66	9693.24	5702.77	9688.72	5708.81	9705.16	
5531.87	9586.27	5497.21	9571.37	5502.65	9570.97	5500.99	9579.48	
5208.65	9238.16	5180.07	9224.21	5183.28	9221.56	5175.97	9230.23	
4629.2	8572.7	4618.8	8562.45	4616.35	8557.47	4601.86	8557.64	
4027.84	7819.37	4023.67	7811.01	4019.94	7803.83	4000.89	7798.56	
3584.84	7174.76	3584.76	7167.54	3579.87	7160.89	3560.74	7154.29	
2981.99	6155.54	2988.79	6153.29	2985.47	6146.64	2962.69	6141.72	
2166.77	4787.2	2187.22	4796.59	2178.35	4790.43	2158.94	4792.77	
1612.18	3882.21	1633.12	3900.2	1606.04	3899.42	1598.66	3904.08	
1443.75	3619.93	1465.1	3641.42	1435.13	3641.33	1430.12	3645.13	
8540.36	8270.19	8537.65	8313.35	8551.05	8272.04	8544.47	8270.78	
8529.66	8276.87	8512.69	8309.31	8533.43	8284	8526.68	8296.07	
8495.25	8305.37	8468.51	8311.5	8490.84	8309.87	8496.23	8313.8	
8386.95	8360.24	8363.2	8352.24	8385.03	8351.97	8390.25	8364.78	
8130.1	8442.44	8122.47	8430.33	8134.58	8436.17	8143.32	8453.89	
7866.91	8498.03	7865.94	8499.42	7872.66	8510.22	7885.58	8522.75	
7719.37	8560.41	7718.42	8565.49	7723.78	8576.27	7736.76	8589.87	
7599.5	8615.6	7598.02	8620.01	7597.41	8634.01	7612.33	8647.48	
7383.05	8735.96	7380.27	8729.52	7360.86	8747.88	7381.24	8769.91	
7163.63	8845.7	7157.39	8845.22	7138.17	8869.61	7163.06	8876.46	
7090.62	8884.75	7076.58	8899.9	7056.62	8917.65	7081.96	8912.56	
7061.63	8917.02	7017.28	8928.35	7045.21	8935.49	7049.89	8928.29	
7020.84	8958	6981.02	8970.33	7015.34	8949.78	7014.75	8961.06	
6901.29	9062.1	6871.89	9084.97	6898.71	9051.41	6903.82	9069.22	
6685.73	9251.48	6674.21	9273.43	6689.02	9249.69	6690.97	9263.98	
6551.69	9379.25	6543.55	9376.04	6556.38	9367.21	6553.55	9377.6	
6502.55	9427.61	6496	9420.11	6505.88	9415.68	6516.05	9414.01	
6474.56	9459.51	6461.74	9444.87	6477.87	9442.9	6477.49	9457.7	
6393.99	9514.24	6390.47	9515.99	6398.54	9512.49	6390.52	9522.95	
6239.39	9647.09	6241.46	9641.64	6241.74	9653.81	6227.1	9655.71	
6049	9833.77	6022.89	9821.59	6034.1	9832.9	6027.67	9839.96	
5963.77	9908.62	5921.06	9910.58	5934.86	9906.06	5948.2	9925.26	
5902.11	9953.59	5860.73	9935.28	5871.8	9938.91	5875.81	9951.4	
5761.14	10032.2	5723.64	10018.3	5729.24	10014.4	5722.53	10030.2	
5529.99	10137.9	5509.22	10133.1	5505.22	10125	5490.02	10125.9	
5311.26	10134.8	5296.34	10129.2	5292.67	10118.6	5272.96	10116.6	
5142.03	10098.6	5130.8	10094.6	5125.2	10081.5	5104.1	10078	
4895.02	9905.99	4897.77	9905.41	4893.6	9887.71	4864.42	9888.56	
4411.63	9242.13	4428.23	9246.75	4422.35	9230.63	4394.9	9230.29	
3816.57	8367.29	3834.16	8378.09	3819.5	8363.98	3799.46	8365.83	
3495.62	7902.2	3513.74	7914.58	3496	7901.59	3478.68	7904.35	
3336.27	7669.42	3354.42	7683.6	3335.39	7671.25	3319.16	7674.34	
8527.02	8279.45	8528.93	8349.26	8541.49	8266.48	8530.54	8301.18	
8514.84	8286.27	8507.33	8345.53	8518.25	8291.79	8517.28	8295.54	
8474.48	8318.01	8448.52	8356.86	8467.05	8320.06	8460.62	8331.37	
8326.25	8419.69	8303.97	8432.12	8323.91	8417.96	8324.9	8428.47	
8096.06	8577.79	8079.56	8574.14	8103.65	8572.01	8101.47	8584.21	
7947.69	8701.21	7940.02	8685.18	7962.2	8681.19	7952.44	8694.85	
7842.36	8768.59	7835.99	8756.07	7855.58	8751.47	7845.47	8765.69	
7678.85	8820.79	7674.08	8812.48	7676.63	8804.68	7675.18	8818.13	
7394.01	8848.25	7386.83	8854.44	7378.46	8860.79	7392.47	8866.37	
7174.9	8904.87	7162.26	8911.24	7146.09	8926.55	7168.42	8920.76	
7106.6	8934.73	7080.11	8932.72	7073.25	8953.84	7090.75	8935.44	
7083.06	8938.33	7047.47	8964.18	7050.99	8973.03	7048.88	8946.2	
7029.47	8987.64	6996.27	9009.45	7023.54	9013.11	7017.72	8991.29	
6880.12	9126.22	6853.97	9147.58	6875.67	9128.29	6876.95	9131.61	
6645.88	9318.52	6628.56	9344.74	6635.59	9319.27	6644.01	9333.15	
6543.71	9385.64	6534.92	9422.72	6540.23	9405.42	6549.55	9411.87	
6511.06	9423.54	6504.11	9451.86	6507.07	9439.34	6508.51	9429.72	
6474.33	9452.03	6466.16	9490.63	6474.73	9467	6470.65	9458.14	
6379.44	9546.68	6381	9559.6	6387.2	9551.52	6380.75	9549.73	
6160.04	9757.49	6161.13	9753.04	6175.12	9758.62	6165.55	9752.67	
6021.63	9894.13	6010.8	9881.69	6026.85	9893.02	6011.63	9888.37	
5975.24	9961.09	5938.52	9933.35	5961.99	9943.94	5951.15	9943.41	
5938.7	9990.12	5892.82	9976.73	5903.05	9979.89	5905.61	9997.24	
5781.02	10121.5	5762.26	10112.6	5764.84	10114	5755.51	10122.6	
5541.5	10354.5	5523.97	10345.6	5525.67	10331.8	5498.5	10341.1	
5439.05	10453.9	5419.66	10451.2	5411.17	10437.8	5388.39	10431.5	
5336.18	10502.2	5334.77	10493.4	5334.73	10474.8	5303.2	10481.8	
5145.46	10524.5	5157.34	10523.3	5153.38	10506.3	5129.11	10505.7	
4886.16	10577	4904.08	10589.2	4890.22	10568.4	4869.02	10564.6	
4750.86	10606.6	4769.22	10616.4	4757.86	10594.4	4733.92	10593.8	
4683.05	10586.5	4700.24	10598.3	4687.8	10576	4664.98	10576.3	
4517.67	10318.3	4525.15	10320.7	4520	10299.2	4495.78	10308.7	
8489.22	8300.23	8515.62	8378.28	8500.69	8312.43	8504.67	8321.94	
8467.08	8321.77	8476.2	8392.92	8481.36	8318.17	8473.97	8342.07	
8394.97	8384.21	8392.89	8439.44	8397.33	8387.44	8394.33	8394.55	
8237.26	8515.66	8227.91	8551.47	8234.78	8516.43	8232.3	8527.85	
8048.72	8689.87	8040.94	8705.06	8056	8679.37	8054.67	8691.7	
7947.96	8782.56	7935.9	8776.52	7966.2	8768.42	7952.65	8778.89	
7877.42	8855.84	7874.37	8830.81	7888.79	8806.83	7871.95	8821.75	
7696.99	8938.13	7687.92	8940.42	7691.7	8917.44	7683.57	8927.85	
7414.82	9020.5	7401.86	9041.25	7397.86	9028.91	7399.99	9026.81	
7235.73	9024.91	7213.75	9039.09	7211.23	9042.03	7220.07	9029.38	
7166.57	9027.79	7139.3	9048.5	7138.05	9050.96	7141.49	9031.4	
7128.81	9047.06	7102.98	9069.17	7104.46	9073.49	7107.03	9049.8	
7060.57	9093.28	7035.36	9125.22	7037.41	9124.18	7036.15	9100.42	
6865.24	9213.33	6845.96	9240.91	6856.14	9230.81	6857.65	9222.98	
6645.75	9359.61	6632.58	9396.89	6632.07	9370.76	6648.12	9375.14	
6559.26	9416.08	6543.11	9463.96	6530.94	9430.63	6550.58	9435.94	
6514.66	9426.01	6515.73	9489.52	6508.95	9465.41	6506.94	9456.7	
6468.54	9467.06	6489.27	9511.31	6471.44	9499.49	6473.08	9475.37	
6357.37	9591.06	6364.76	9620.18	6365.73	9607.47	6360.53	9594.16	
6123.07	9820.36	6125.96	9818.79	6141.99	9822.1	6125.02	9814.26	
5997.94	9931.95	5998.27	9918.88	6021.23	9928.04	6009.03	9911.96	
5969.69	9963.33	5964.84	9964.31	5972.9	9960.98	5949.17	9952.14	
5909.24	10022.2	5908.87	10020.7	5911.81	10023.2	5894.64	10024.4	
5763.91	10173.7	5748.37	10165.8	5753.56	10171.6	5743.08	10176.4	
5526.67	10415.3	5518.07	10402.4	5521.63	10402.2	5499.12	10400.8	
5441.67	10500.6	5435.11	10487.1	5442.33	10465.1	5400.53	10483	
5361.62	10549.9	5369.89	10547.7	5370.62	10532.9	5339.74	10529	
5148	10730.7	5160.97	10725.3	5156.32	10711.9	5140.72	10712.8	
4942.91	10931.3	4955.04	10932.1	4942.58	10913.9	4933.02	10914.9	
4873.86	10990.6	4892.05	11008.9	4872.53	10984.8	4857.5	10979.2	
4824.83	11008.8	4829.09	11007.2	4831.59	10983.9	4803.39	10993	
4711.33	10967.2	4714.86	10968.8	4711.19	10948.1	4691.99	10957.1	
8381.31	8418.07	8398.41	8466.48	8382.97	8418.12	8380.52	8430.52	
8331.03	8456.33	8351.93	8507.45	8336.29	8462.64	8333.19	8470.69	
8232.42	8541.52	8251.05	8591.05	8237.07	8545.13	8236.27	8554.69	
8105.7	8653.36	8125.83	8699.12	8106.76	8661.61	8111.82	8663.47	
7996.46	8747.39	8011.25	8785.63	8005.48	8746.81	8008.56	8756.79	
7934.37	8817.11	7937.4	8842.52	7936.04	8792.73	7940.78	8804.38	
7875.77	8875.34	7866.08	8886.67	7867.01	8855.86	7860.28	8861.24	
7697.49	9005.33	7691.71	9012.8	7690.86	8983.61	7673.14	8988.95	
7447.54	9163.29	7428.23	9192.44	7433.22	9164.38	7422.14	9170.34	
7349.49	9221.96	7326.4	9265.75	7330	9237.83	7322.76	9232.18	
7309.43	9239.11	7288.16	9284.43	7289.74	9259.35	7285.93	9251	
7246.18	9261.2	7231.54	9303.28	7222.49	9281.92	7220.42	9270.98	
7089.01	9301.29	7080.25	9332.07	7066.19	9318.5	7070.68	9312.66	
6877.72	9383.53	6867.27	9414.63	6859.04	9400.89	6869.49	9395.12	
6682.62	9443.17	6671.14	9483.52	6660.51	9458.51	6681.6	9455.5	
6576.46	9471.62	6576.97	9525.76	6563.02	9491.28	6583.52	9486	
6530.25	9495.16	6539.04	9542.6	6524.6	9514.22	6538	9517.01	
6486.97	9549.98	6499.74	9595.92	6487.28	9580.2	6491.28	9571.66	
6345.46	9673.49	6360.39	9699.69	6353.12	9693.53	6349.95	9678.34	
6116.99	9865.2	6125.66	9873.16	6138.34	9869.18	6121.51	9859.73	
6007.97	9949.8	6020.71	9954.05	6034.44	9952.97	5997.32	9944.64	
5957.96	9979.51	5978.96	9993.61	5989.39	9996.09	5968.84	9983.87	
5890.86	10064.1	5898.79	10071.9	5909.81	10073.3	5884.59	10064	
5696.12	10283.8	5695.93	10279.2	5701.53	10287	5683.16	10285.6	
5519.2	10450.8	5521.75	10435.7	5526.94	10446.7	5506.19	10443.5	
5428.33	10525.6	5440.04	10509.9	5447.96	10522.5	5427.25	10509.2	
5349.94	10604.7	5357.84	10597.8	5361.94	10588	5332.71	10590.9	
5139.62	10818.1	5148.61	10813.6	5143.97	10802.7	5129.36	10800.8	
4939.6	11011.7	4950.34	11001.6	4938.52	10992	4941.77	10995.7	
4859.13	11100.3	4850.93	11099.2	4843.01	11079.8	4837.58	11089.9	
4773.56	11163.3	4773.63	11171.4	4764.1	11151.2	4754.61	11155.6	
4657.94	11271.2	4656.73	11272.9	4652.19	11257.8	4645.28	11265.7	
8154.67	8688.11	8148.96	8658.95	8127.22	8660.99	8117.48	8674.03	
8116.27	8708.75	8119	8691.95	8091.14	8694.43	8086.13	8698.51	
8072.04	8713.2	8091.61	8728.8	8068.96	8726.66	8066.31	8718.11	
8007.04	8741.43	8049.32	8789.23	8012.72	8764.14	8026.85	8751.65	
7961.67	8783.34	8002.23	8842.17	7958.78	8799.76	7970.56	8790.33	
7928.8	8829.17	7952.62	8880.77	7919.72	8838.89	7917.86	8827.56	
7835.87	8920.06	7851	8956.2	7831.22	8917.85	7818.08	8914.06	
7652.61	9091.61	7644.89	9112.16	7636.12	9084.85	7620.79	9088.8	
7484.18	9253.36	7465.34	9282.89	7463.37	9245.46	7441.11	9254.47	
7411.62	9318.52	7386.73	9368.16	7393.95	9324.79	7376.38	9338.77	
7381.37	9340.78	7366.23	9399.73	7356.67	9356.62	7345.66	9354.86	
7312.13	9373.79	7315.45	9421.12	7290.3	9387.79	7279.38	9392.61	
7141.16	9473.64	7145.69	9497.18	7122.63	9478.96	7121.91	9480.18	
6911.09	9586.75	6903.25	9605.89	6882.37	9593.72	6909.5	9593.1	
6752.63	9643.02	6752.14	9675.62	6735.39	9659.17	6767.92	9656.15	
6670.77	9658.61	6676.7	9691.42	6660.43	9673.55	6692.87	9673.86	
6627.69	9702.02	6634.34	9733.71	6617.98	9714.89	6648.69	9717.26	
6536.76	9757.52	6541.22	9779.62	6527.42	9764.75	6545.24	9769.18	
6348.23	9851.23	6359.02	9866.54	6355.12	9863.4	6351.33	9858.57	
6150.86	9938.03	6165.92	9954.34	6170.15	9948.02	6146.61	9943.26	
6030.85	9996.46	6055.02	10028.5	6062.11	10012.1	6038.09	10015.6	
5975.74	10072.1	5994.75	10086.8	6007.89	10086.3	5977.99	10081.5	
5880.76	10180	5895.26	10188.2	5907.3	10195.5	5885.37	10185.6	
5677.23	10382	5683.74	10378.8	5692.7	10388.2	5671.24	10382.7	
5500.63	10531.6	5508.09	10527.5	5516.24	10543.4	5504.08	10542.6	
5429.07	10630	5439.11	10621.9	5438.55	10640.4	5425.08	10633.7	
5309.35	10757.5	5319.89	10747.2	5314.64	10761.9	5300.5	10754.1	
5113.12	10942.1	5118.53	10935.6	5112.95	10930.8	5103.61	10931.4	
4954.47	11085.3	4948.76	11079.6	4947.35	11070.3	4942.22	11067.6	
4814.04	11220.9	4812.55	11213	4800.96	11205	4806.61	11211.7	
4624.57	11387	4617.95	11386.2	4606.37	11376.8	4616.98	11383.3	
4500.59	11465.3	4493.5	11472.2	4482.2	11462.2	4494.13	11468.4	
8042.91	8839.77	8016.14	8756.64	7991.97	8785.77	7974.35	8808.93	
8023.04	8825.63	8011.7	8764.78	7990.68	8801.8	7985.59	8804.13	
7994.85	8801.46	8019.01	8790.33	7975.02	8808.7	7989.21	8795.56	
7966.52	8786.46	8006.42	8824.62	7981.58	8830.48	7975.66	8793.35	
7948.02	8804.35	7990.52	8864.72	7952.69	8853.98	7948.35	8810.18	
7905.95	8851.23	7957.74	8913.53	7918.51	8881.39	7890.17	8849.17	
7790.22	8974.83	7820.92	9013.54	7795	8988.57	7772.06	8975.14	
7598.76	9184.66	7603.7	9205.12	7581.93	9183.93	7565.46	9192.94	
7480.92	9313.01	7464.03	9340.21	7447.53	9309.6	7432.66	9321.51	
7437.2	9361.87	7423.16	9394.51	7403.45	9353.15	7374.53	9365.87	
7398.41	9373.54	7400.53	9424.25	7372.45	9375.74	7348.53	9401.31	
7346.11	9422.93	7349.28	9453.43	7329.31	9419.8	7299.76	9425.35	
7190.83	9543.58	7188.13	9555.32	7161.33	9540.56	7162.28	9539.79	
6938.6	9724.68	6950.07	9729.92	6916.25	9728.8	6954.96	9729.29	
6823.57	9829.93	6823.61	9837.3	6797.9	9834.77	6851.41	9840.73	
6784.62	9873.68	6786.33	9888.13	6765.24	9882.37	6816.31	9890.6	
6740.76	9906.38	6738.06	9911.26	6712.78	9901.54	6756.82	9912.88	
6598.41	9966.61	6604.33	9964.27	6584.12	9965.23	6606.49	9967.9	
6384.87	10070.2	6389.32	10070.2	6386.92	10074.2	6380.33	10071.9	
6210.92	10142.5	6226.83	10155.6	6231.14	10157.3	6210.48	10158.4	
6124.35	10221.6	6141.23	10234.4	6148.63	10237.1	6124.64	10236.9	
6044.36	10313.7	6057.13	10323.2	6066.95	10326.4	6042.64	10327	
5897.41	10437	5906.99	10435.4	5918.36	10446	5895.62	10439.4	
5695.57	10538.8	5706.04	10539.2	5716.45	10551.8	5702.1	10545.2	
5556.67	10704.8	5564.43	10706.6	5564.58	10722.7	5552.53	10720.3	
5411.18	10923.5	5415.81	10923.4	5392.4	10956	5386.03	10959.4	
5270.23	11093.4	5275.14	11090.1	5258.51	11108	5256.67	11105.1	
5113.59	11203	5112.38	11197.5	5100.47	11205.3	5098.54	11201.6	
4951.62	11342	4950.33	11337	4940.24	11336.1	4939.23	11334.8	
4731.58	11479.1	4734.59	11470.9	4719.94	11473	4724.08	11476.3	
4485.93	11555.6	4488.09	11547.4	4462.86	11551.1	4482.63	11563	
4374.68	11583	4369.39	11582.2	4359.68	11582.8	4378.82	11581.5	
8023.34	8869.04	7974.09	8771.53	7980.87	8833.49	7965.3	8840.86	
7995.05	8852.86	7992.67	8786.52	7958.06	8821.73	7968.87	8842.78	
7969.57	8832.9	7995.96	8812.57	7969.47	8841.58	7972.01	8822.87	
7956.06	8822.22	7986.51	8839.91	7979.26	8864.4	7950.92	8816.74	
7928.88	8827.36	7969.53	8874.33	7977.26	8890.19	7920.23	8824.97	
7876.48	8891.19	7923.32	8928.78	7915.16	8929.39	7871.85	8887.59	
7745.56	9033.37	7775.61	9066.59	7765.02	9050.02	7737.5	9035.12	
7553.42	9243.69	7568.73	9263.01	7542.84	9251.79	7531.03	9257.53	
7469.75	9347.29	7479.2	9352.43	7439.25	9346.71	7420.37	9364.24	
7445.61	9381.4	7444.75	9388.25	7403.22	9383.08	7380.42	9391.66	
7418.95	9417.16	7422.12	9416.65	7392.28	9396.41	7349.1	9406.87	
7367.86	9452.83	7356.14	9460.97	7330.74	9442.84	7312.25	9446.68	
7201.63	9582.2	7205.62	9584.91	7183.03	9575.52	7180.06	9572.88	
6959.85	9799.89	6972.67	9793.92	6937.21	9794.11	6972.83	9797.28	
6844.79	9903.39	6862.23	9896.28	6819.85	9903.03	6882.76	9914.39	
6830.24	9938.91	6820.13	9933.23	6787.03	9926.49	6845.1	9945.42	
6776.7	9970.52	6782.7	9960.69	6748.62	9963.78	6788.23	9973.12	
6648.57	10061.7	6644.8	10060.2	6627.4	10063.1	6647.72	10067.8	
6419.15	10240	6421.3	10229.3	6417.56	10246.2	6413.64	10241.3	
6287.83	10388	6291.11	10369.1	6297.41	10391.9	6275.8	10381.8	
6219.79	10450.7	6227.71	10441.7	6235.71	10464.8	6208.69	10461.1	
6116.96	10537.3	6122.5	10523.5	6131.49	10542.3	6110.54	10533.4	
5935.79	10645.1	5935.79	10645.6	5945.69	10650.8	5933.96	10650.5	
5770.73	10809.7	5776.16	10815.4	5784.25	10822	5773.75	10817.6	
5610.44	10969.1	5620.11	10972.9	5617.96	10988	5609.43	10982.3	
5446.88	11164.1	5451.75	11166.5	5440.75	11186.7	5438.27	11182.3	
5267.25	11384.1	5267.33	11383	5237.92	11405	5242.93	11407.2	
5119.04	11547.6	5119.18	11544.5	5100.35	11549.7	5106.42	11545.3	
4939.76	11670.9	4945.54	11667.7	4925.16	11674.8	4929.59	11672	
4551.54	11783.9	4557.68	11778.8	4533.82	11790.9	4538.82	11796.4	
4268.46	11819.5	4278.84	11807.9	4256.82	11824.2	4261.32	11834.6	
4189.83	11852.3	4203.15	11841.7	4169	11872.3	4174.67	11883.9	
8007.74	8841.04	7963.56	8785.74	7959.36	8840.7	7974.38	8871.48	
7993.11	8849.37	7968.41	8806.97	7974.7	8839.85	7975.01	8858.45	
7970.25	8851.98	7976.42	8830.44	7981.85	8847.66	7974.74	8844.99	
7942.96	8857.73	7977.52	8850.59	7991.55	8873.03	7957.89	8830.41	
7922.07	8872.6	7952.62	8868.15	7985.05	8889.99	7926.42	8847.51	
7866.19	8919.97	7886.65	8943.27	7922.03	8943.81	7868.85	8914.1	
7693.89	9106.68	7712.77	9117.75	7715.03	9116.73	7696.54	9107.94	
7516.03	9290.64	7531.34	9297.2	7519.47	9299.46	7510.47	9300.1	
7450.38	9360.4	7475.33	9364.1	7439.2	9378.27	7429.11	9384.82	
7443.54	9395.32	7457.75	9368.75	7416.79	9401.22	7389.58	9414.65	
7428.09	9432.06	7418.31	9395.67	7386.07	9427.62	7374.9	9412	
7362.93	9470.3	7370.92	9456.03	7346	9462.89	7330.02	9447.11	
7190.52	9612.79	7200.96	9610.44	7178.33	9611.21	7181.89	9608.88	
6955.43	9845.49	6966.09	9829.32	6941.59	9829.98	6962.38	9841.73	
6865.76	9940.79	6871.81	9924.2	6832.24	9919.72	6871.22	9932.87	
6830.46	9959.87	6849.19	9940.04	6805.88	9953.15	6843.14	9965.86	
6808.16	9983.18	6797.33	9978.83	6776.22	9982.42	6805.97	9994.14	
6670.54	10098.3	6671.73	10093.6	6654.76	10103.8	6665.04	10109.9	
6446.68	10322.8	6443.22	10319.7	6435	10329.6	6433.43	10330.1	
6307.44	10465.1	6303.5	10443	6302.1	10475.6	6290.14	10461.5	
6255.12	10522.8	6252.67	10489	6263.51	10518.2	6242.19	10500.9	
6169.31	10582	6171.56	10573	6178.13	10587.9	6163.06	10583.9	
5961.25	10779.1	5969.87	10787.1	5975.38	10785.9	5966.08	10784.5	
5773.56	10971.9	5765.53	10976.8	5774.73	10975.6	5770.28	10976.7	
5664.71	11079.1	5662.57	11082.8	5670.89	11092.6	5667.19	11085.3	
5498.33	11254.5	5490.4	11257.6	5491.58	11261.9	5489.14	11259.4	
5229.85	11532.3	5237	11532.3	5222.52	11541.1	5223.07	11534.8	
5118.32	11667.3	5126.18	11663.7	5101.6	11672.4	5108.34	11668.1	
4848.75	11847.9	4856.52	11846.8	4830.92	11857.1	4834.01	11855.3	
4362.39	12122.5	4371.72	12121.3	4342.73	12139.9	4340.61	12144	
4045.37	12236.8	4060.08	12229.5	4025.75	12261.5	4019.58	12274.2	
3849.6	12222.8	3877.81	12196.4	3851.12	12226.1	3836.73	12255.9	
7995.65	8813.16	7953.98	8817.71	7973.67	8847.92	7987.49	8895.03	
7992.93	8827.57	7952.01	8831.93	7989.66	8842.68	7985.17	8872.67	
7970.25	8866.36	7960.46	8849.74	7998.35	8842.2	7986.79	8847	
7943.43	8889.65	7965.98	8858.12	7995.6	8851.79	7987.14	8847.97	
7924.43	8906.17	7946.77	8881.34	7976.86	8863.83	7958.19	8852.77	
7857.95	8965.9	7881.06	8943.8	7892.08	8943.84	7876.92	8935.91	
7662.15	9151.81	7670.72	9152.92	7682.42	9157.95	7667.22	9154.33	
7491.14	9328.25	7493.92	9321.59	7503.04	9335.8	7498.51	9340.12	
7436.43	9382.09	7441.63	9366.49	7450.26	9390.62	7449.66	9389.22	
7415.77	9405.58	7428.69	9380.13	7421.27	9415.15	7427.1	9406.57	
7392.93	9420.75	7417.33	9394.46	7402.27	9435.19	7406.55	9423.27	
7345.92	9467.58	7376.29	9441.5	7344.98	9481.37	7354.95	9458.91	
7173.18	9635.69	7191.39	9626.38	7171.75	9634.88	7176.07	9631.89	
6950.57	9866.65	6949.49	9859.11	6940.83	9854.37	6949.07	9867.51	
6871.69	9956.51	6878.8	9926.13	6870.77	9926.77	6864.18	9947.27	
6846.16	9971.24	6845.28	9969.75	6846.57	9958.37	6842.12	9972.81	
6800.11	10001.5	6812.99	9988.7	6808.77	9993.38	6808.43	10006.7	
6692.47	10106.4	6690.85	10103.9	6685.24	10106.5	6681.93	10122.8	
6443.02	10356.7	6439.01	10358.5	6414.78	10383.9	6409.59	10380.9	
6316.63	10484.5	6307.83	10487.3	6302.16	10490.2	6304.01	10488.7	
6277.1	10522.9	6272.67	10516.8	6271.15	10529.9	6271.59	10530.8	
6204.85	10584.7	6209.11	10591.8	6215.28	10580.2	6203.34	10580.4	
5963.7	10818.2	5971.24	10825	5974.78	10825.1	5965.84	10823.4	
5749.96	11028.1	5759.66	11033.2	5763.62	11044.5	5758.81	11038	
5707.09	11114.7	5673.2	11114.9	5687.31	11098.4	5684.76	11108.8	
5531.73	11264.5	5532.66	11264.7	5535.39	11265.5	5529.96	11259.7	
5210.79	11574	5225.66	11581.4	5223.98	11588.5	5219.29	11575	
4967.04	11811.8	4980.19	11813.7	4960.41	11824.3	4959.72	11814	
4785.85	11954.8	4797.69	11953.8	4769.22	11968	4769.36	11963	
4352.54	12305.1	4366.34	12305.6	4330.6	12328.5	4322.12	12332.3	
3791.97	12634.9	3805.72	12631.7	3773.86	12651	3761.39	12672.9	
3584.06	12705.3	3590.88	12707.8	3561.96	12729.3	3558.02	12751.3	
8009.27	8788.06	7936.53	8860.02	7996.59	8849.5	7988.66	8890.81	
7980.34	8821.25	7954.29	8850.88	7997.69	8841.62	7994.11	8880.42	
7966.81	8865.18	7956.38	8857.11	8004.13	8828.41	7996.94	8855.11	
7959.31	8901.18	7946.01	8883.24	7989.86	8814.37	7994.32	8839.57	
7931.11	8926.31	7962.17	8880.22	7950.01	8850.8	7975.66	8871.07	
7841.92	8996.66	7868.36	8963.33	7868.29	8951.98	7873.65	8956.02	
7636.41	9191.39	7642.98	9176	7652.52	9184.51	7649.16	9187.44	
7490.34	9342.85	7476.25	9328.91	7496.05	9345.76	7506.04	9355.58	
7431.88	9399.25	7412.88	9373.37	7455.74	9395.5	7469.33	9400.84	
7383.38	9406.86	7401.41	9385.3	7440.55	9418.92	7457.18	9393.08	
7359.39	9416.06	7423.94	9401.47	7407.33	9444.37	7425.21	9418.04	
7319.29	9467.59	7361.5	9454.96	7346.5	9489.85	7361.31	9486.41	
7154.45	9656.16	7172.71	9640.74	7155.72	9659.57	7165.12	9657.48	
6949.94	9868.59	6956.9	9861.02	6961.96	9855.12	6947.71	9867.29	
6877.29	9940.05	6862.6	9952.81	6903.71	9935.81	6877.58	9951.15	
6836	9982.27	6842.95	9965.08	6882.54	9958.1	6834.59	9977.93	
6803.26	10012.2	6808.23	10011.6	6836.85	9988.31	6797.24	10023.2	
6667.33	10138.8	6673.81	10134.8	6670.18	10138.8	6656.51	10154.9	
6440.4	10368.1	6435.66	10376.7	6421.44	10384.4	6418.06	10389.2	
6335.29	10476.9	6333.91	10502	6315.2	10500.8	6312.49	10508.8	
6281.54	10526.4	6282.19	10561.8	6278.64	10516.2	6288.83	10530.8	
6195.73	10602.6	6203.1	10615.4	6199.35	10605.5	6201.35	10610.5	
5964.35	10830.6	5970.81	10836.5	5974.25	10836.1	5966.3	10833.5	
5780.58	11044.3	5773.88	11043	5778.99	11038.5	5770.5	11039.1	
5683.39	11130.3	5704.36	11124.6	5698.44	11125.9	5689.04	11120.4	
5521.4	11292.1	5520.68	11291.8	5523.74	11288	5518.23	11284.3	
5264.23	11526.7	5274.34	11532.2	5270.25	11537.8	5264.46	11524.8	
4898.22	11873.6	4914.41	11878.1	4898.2	11889.8	4892.63	11876.2	
4621.59	12149.8	4638.32	12150.6	4608.28	12166.8	4602.42	12156.2	
4329.2	12347.1	4343.42	12347.2	4315.46	12358	4309.41	12365.2	
3835.9	12784.4	3844.23	12791.1	3821.9	12789.6	3815.43	12815.6	
3300.14	13197.1	3305.28	13205.3	3264.64	13221.5	3243.88	13250.2	