
8524.3	8264.74	8543.81	8287.46	8543.49	8278.89	8598.13	8304.35	
8554.05	8287.59	8523.15	8267.61	8544.13	8283.63	8584.58	8270.55	
8556.63	8292.42	8522.92	8272.67	8545.76	8278.87	8538.5	8269.49	
8546.63	8282.3	8526.53	8278.3	8565.05	8271.68	8494.05	8271.27	
8524.65	8271.06	8536.87	8289.49	8565.16	8273.12	8463.21	8291.88	
8524.51	8269.63	8531.65	8291.2	8508.13	8286.02	8446.83	8297.99	
8505.01	8289.58	8503.04	8282.55	8456.27	8282.06	8429.58	8287.44	
8389.08	8290.73	8389.91	8284.37	8354.07	8285	8329.68	8292.2	
8002.12	8325.64	7999.7	8291.15	7974.23	8318.69	7970.77	8315.04	
7704.32	8345.19	7703.19	8292.77	7689.53	8365.95	7697.78	8351	
7602.01	8347.31	7615.3	8291.1	7598.55	8397.09	7616.3	8377.61	
7565.02	8359.49	7588.59	8297.04	7568.11	8388.65	7588.24	8407.41	
7557.13	8399.51	7582.92	8320.28	7583.09	8366.95	7583.74	8416.9	
7564.95	8406.59	7593.04	8353.44	7608.24	8401.36	7591.65	8429.08	
7601.75	8425.92	7593.39	8395.59	7635.86	8427.08	7624.76	8441.46	
7672.7	8516.24	7676.56	8486.26	7699.67	8512.13	7688.86	8529.04	
7839.52	8699.24	7837.45	8664.62	7855.81	8683.85	7840.08	8697.41	
7929.58	8787.57	7926.55	8750.84	7947.18	8774.15	7930.18	8784.86	
7966.87	8807.35	7962.05	8766.24	7976.38	8795.28	7946.4	8838.73	
7989.66	8860.4	7967.96	8777.12	7984.47	8816.67	7953.17	8851.1	
7980.34	8861.53	7978.34	8797.17	7963.75	8845.12	7987.87	8847.38	
7965.33	8852.9	7997.07	8830.13	7964.26	8873.66	8000.49	8844.93	
7979.57	8815.84	7977.41	8864.99	7970.61	8856.66	7995.94	8838.68	
7975.72	8822.44	7953.5	8899.47	7981.19	8828.21	7989.48	8838.96	
7952.88	8866.21	7936.16	8918.88	7982.56	8827.73	7970.74	8842.52	
7913.45	8889.85	7909.31	8952.59	7952.1	8878.54	7922.43	8884.04	
7791.17	9011.71	7787.4	9055.01	7822.26	9014.28	7798.44	9017.22	
7579.56	9249.44	7562.66	9248.67	7586.37	9253.58	7581.55	9263.29	
7481.61	9359.23	7446.26	9341.96	7483.35	9370.52	7471.48	9396.53	
7455.88	9390.36	7416.15	9352.15	7455.01	9388.9	7453.7	9444.18	
7457.63	9387.81	7452.9	9353.16	7423.86	9386.49	7415	9459.08	
7471.05	9365.96	7495.28	9340.8	7406.94	9393.63	7381.77	9481.69	
8513.33	8278.89	8508.9	8280.05	8527.64	8282.13	8584.46	8277.45	
8522.06	8271	8520.91	8270.25	8532.14	8276.68	8567.57	8270.38	
8542.67	8274.06	8518	8260.09	8543.32	8261.62	8529.08	8255.59	
8543.16	8279.63	8512.09	8260.81	8549.82	8258.06	8483.8	8259.77	
8527.44	8265.59	8513.91	8266.52	8532.03	8266.64	8458.85	8265.5	
8503.23	8263.29	8508.7	8275.19	8507.87	8269.11	8438.95	8276.21	
8466.69	8264.9	8476.61	8279.64	8453.14	8272.24	8408.73	8285.72	
8347.5	8281.03	8350.08	8274.51	8316.32	8272.47	8291.13	8279.95	
7971.21	8311.29	7969.08	8281.34	7947.88	8300.31	7937.93	8298.83	
7679.47	8354.47	7675.35	8298.61	7656.95	8348.42	7668.26	8336.73	
7609.62	8360.98	7599.77	8298.43	7586.05	8366.68	7595	8369.5	
7583	8379.69	7585.48	8311.13	7566.39	8370.68	7586.19	8391.43	
7565.23	8387.51	7578.25	8331.83	7571.13	8391.63	7580.52	8406.87	
7560.29	8414.03	7581.32	8364.53	7588.07	8402.44	7591.03	8417.26	
7574.19	8428.62	7603.44	8394.81	7603.86	8427.05	7600.37	8449.39	
7652.28	8493.23	7651.33	8469.27	7659.43	8500.2	7669.95	8508.77	
7816.79	8680.19	7811.18	8646.4	7821.37	8670.11	7815.64	8679.92	
7926.94	8799.3	7923.48	8752.18	7938.14	8768.3	7899.11	8797.46	
7961.95	8838.72	7961.19	8769.42	7957.65	8800.38	7923.16	8830.48	
7968.96	8845.86	7961.3	8781.27	7959.14	8823	7947.93	8848.7	
7966.34	8859.11	7974.67	8800.42	7964.93	8851.25	7963.29	8850.38	
7973.99	8843.45	7972.08	8834.51	7954.54	8857.15	7982.38	8848.39	
7966.57	8839.86	7972.09	8869.67	7959.4	8855.79	7979.73	8840.52	
7957	8835.4	7953.25	8900.5	7967.31	8851.94	7962.08	8834.99	
7945.06	8845.92	7933.02	8928.69	7964.24	8858	7936.4	8850.71	
7891.08	8908.05	7881.54	8968.03	7925.12	8903.19	7893.98	8906.52	
7732.11	9065.91	7733.68	9109.21	7760.44	9068.26	7738.33	9065.58	
7537.34	9279.63	7536.7	9286.28	7544.93	9286.73	7545.03	9286.13	
7463.36	9376.39	7450.39	9346.27	7455.98	9368.12	7472.41	9383.74	
7446.19	9394.29	7435.27	9363.75	7443.21	9377.29	7440.58	9414.22	
7444.18	9386.88	7446.34	9362.73	7426.5	9390.5	7419.9	9445.56	
7440.2	9388.06	7458.33	9371.1	7408.51	9394.17	7403.9	9456.8	
8478.58	8260.07	8481.17	8252.77	8499.04	8266.51	8561.16	8239.26	
8497.39	8249.76	8490.37	8249.35	8503.31	8247.05	8535.11	8242.63	
8502.96	8247.36	8495.44	8234.72	8515.57	8239.01	8499.49	8239.26	
8509.11	8247.77	8492.54	8221.68	8507.82	8234.33	8464.6	8226.54	
8497.39	8241.68	8471.07	8225.99	8490.87	8228.48	8435.44	8224.6	
8453.36	8231.82	8447.96	8227.82	8462.12	8233.83	8401.85	8231.18	
8383.47	8220.48	8394.68	8227.12	8392.83	8223.13	8334.83	8231.92	
8217.77	8233.1	8227.29	8232.99	8210.05	8230.3	8176.96	8241.81	
7924.92	8288.33	7927.44	8264.87	7912.03	8270.79	7891.84	8271.72	
7696.05	8341.12	7678.98	8297.23	7667.19	8317.61	7661.06	8323.82	
7622.8	8383.06	7591.76	8314.15	7569.39	8341.27	7583.13	8354.89	
7593.29	8386.74	7571.1	8330.96	7562.41	8371.08	7563.79	8369.54	
7573.91	8392.31	7574.84	8350.75	7553.53	8393.99	7567.08	8384.92	
7566.46	8402.45	7573.14	8368.89	7544.45	8417.3	7578.58	8409.4	
7573.55	8428.61	7584.16	8395.33	7551.84	8440.85	7601.7	8435.13	
7634.8	8493.09	7636.49	8467.29	7610.21	8509.26	7645.09	8509.6	
7770.79	8659.22	7765.62	8623.36	7763.99	8650.15	7757.09	8667.88	
7889.42	8809.88	7889.06	8744.77	7880.96	8767.43	7852.32	8793.17	
7926.96	8848.95	7937.23	8784.91	7914.9	8804.79	7887.67	8823.64	
7936.45	8847.44	7950.22	8782.4	7936.93	8838.75	7907.38	8843.72	
7947.29	8839.71	7937.27	8809.39	7933.34	8843.92	7935.57	8859.54	
7943.53	8857.3	7936.92	8844.5	7932.34	8854.41	7938.13	8854.5	
7943.91	8860.38	7932.07	8882.81	7929.74	8867.93	7931.51	8847.58	
7925.48	8863.26	7940.3	8915.36	7921.59	8878.28	7910.49	8852.64	
7889.3	8887.68	7900.53	8953.67	7902.23	8910.02	7877.08	8893.28	
7814.94	8965.92	7811.5	9035.27	7832.58	8976.23	7804.8	8970.41	
7658.83	9140.73	7656.2	9184.89	7675.29	9135.43	7656.45	9132.3	
7499.13	9305.76	7513.07	9322.58	7507.99	9306.46	7507.75	9295.22	
7438.48	9370.53	7463.34	9374.32	7440.4	9367.44	7457.24	9361.29	
7421.63	9399.76	7445.18	9377.84	7425.38	9387.18	7437.37	9388.48	
7414.25	9405.4	7425.48	9382.5	7430.53	9396.06	7428.52	9409.12	
7409.36	9396.03	7410.74	9389.74	7434.33	9404.47	7430.11	9424.86	
8423.76	8178.11	8415.48	8177.84	8428.29	8182.11	8477.18	8169.71	
8420.33	8175.75	8415.61	8168.3	8428.69	8174.07	8456.01	8164.72	
8413.28	8158.3	8407.46	8144.99	8414	8151.38	8413.28	8151.08	
8396.93	8145.17	8393.13	8124.24	8396.15	8133.22	8375.39	8134.86	
8381.1	8142.1	8378.08	8114.84	8378.98	8126.29	8344.33	8127.04	
8325.27	8119.73	8325.69	8093.46	8325.07	8102.32	8285.94	8107.49	
8221.42	8114.6	8235.45	8092.78	8231.04	8102.38	8191.31	8110.95	
8062.65	8147.72	8078.58	8133.94	8070.42	8137.68	8030.26	8149.39	
7857.05	8238.51	7853.85	8230.41	7852.44	8224.13	7822.45	8237.59	
7683.04	8343.11	7669.98	8321.29	7669.43	8300.56	7643.29	8311.31	
7616.44	8373.46	7591.04	8351.13	7590.72	8339.95	7566.37	8341.28	
7594.3	8392.61	7574.98	8355.13	7553.69	8365.11	7544.07	8351.31	
7576.21	8396.38	7553.1	8356.1	7527.16	8392.11	7547.86	8366.5	
7568.68	8403.38	7556.28	8370.73	7502.74	8419.87	7570.36	8390.56	
7581.34	8417.37	7562.78	8401.77	7502.52	8456.47	7586.7	8432.96	
7598.34	8507.83	7595.4	8481.27	7553.64	8522.78	7604.48	8521.2	
7673.56	8668.14	7671.24	8620.29	7636.35	8662.74	7645.32	8677.08	
7755.54	8792.93	7755.07	8737.7	7723.07	8771.41	7714.08	8786.07	
7805.71	8841.67	7811.94	8782.45	7783.33	8827.6	7763.5	8834.28	
7836.89	8853.18	7837.5	8807.74	7819.76	8839.08	7805.58	8846.94	
7841.63	8856.73	7837.49	8825.19	7828.96	8853.58	7818.29	8857.58	
7842	8870.45	7826.27	8865.82	7825.91	8874.01	7822.88	8870.85	
7827.43	8902.88	7820.09	8919.59	7812.63	8908.39	7804.31	8892.34	
7800.85	8942.73	7795.68	8978.34	7787.32	8956.27	7776.08	8936.42	
7745.54	9001.38	7752.82	9050.46	7739.58	9016.23	7726.2	8998.96	
7648.46	9113.49	7656.53	9174.88	7650.95	9126.08	7632.68	9118.33	
7543.94	9243.12	7550.03	9295.89	7549.65	9239.87	7531.95	9237.05	
7467.7	9333.99	7478.66	9373.8	7469.14	9319.63	7461.77	9309.35	
7419.92	9378.06	7459.59	9399.61	7425.21	9373.47	7435.33	9346.96	
7409.72	9406.62	7438.13	9400.41	7416.13	9400.38	7424.89	9375.61	
7395.99	9423.49	7411.32	9397.38	7431.28	9415	7433.73	9384.32	
7378.86	9424.2	7392.46	9381.56	7446.12	9422.54	7439.15	9392.28	
8268.77	7977.53	8232.52	8003.72	8245.71	7991.57	8273.52	7998.59	
8265.43	7984.17	8241.85	8000.45	8245.53	7991.82	8269.67	7999.83	
8246.12	7988.61	8245.99	7984.26	8234.63	7984.69	8256.9	7990.15	
8221.13	7985.93	8240.33	7959.63	8218.99	7967.74	8226.59	7978.81	
8191.4	7977.1	8219.43	7933.1	8192.45	7950.42	8183.52	7962.53	
8168.38	7978.28	8191.94	7927.55	8171.26	7951.33	8142.68	7967.79	
8109.53	7994.42	8129.9	7947.62	8111.92	7971.21	8077.57	7986.92	
7975.31	8071.44	7987.02	8053.06	7983.4	8056.48	7951.7	8076.99	
7782.4	8217.57	7785.06	8223.49	7791.61	8202.01	7760.65	8219.92	
7649.55	8321.6	7639.43	8341.59	7656.01	8303.03	7618.47	8311.84	
7590.91	8378.71	7599.04	8388.87	7601.42	8332.42	7551.41	8334.49	
7580.39	8379.39	7564.71	8383.78	7550.23	8358.8	7535.32	8348.79	
7574.37	8400	7538.98	8361.89	7502.45	8389.22	7546.98	8357.09	
7568.98	8411.11	7529.62	8380.31	7483.71	8417.86	7551.62	8387.5	
7537.78	8455.03	7524.76	8434.27	7470.84	8463.83	7540.6	8456.32	
7510.89	8547.09	7501.6	8523.93	7449.26	8568.19	7512.95	8564.15	
7489.41	8701.75	7483.27	8661.4	7434.21	8710.71	7468.16	8716.22	
7480.14	8794.22	7463.4	8743.05	7401.41	8816.88	7412.24	8822.37	
7463.72	8853.77	7443.54	8821.88	7415.38	8861.06	7420.15	8860.29	
7469.07	8881.37	7450.92	8855.48	7434.24	8879.83	7435.46	8874.78	
7519.82	8892.06	7499.21	8872.64	7488.69	8889.03	7483.8	8877.43	
7554.29	8909.51	7532.83	8902.39	7528.98	8912.67	7516.66	8894.83	
7555.3	8970.72	7537.63	8980.62	7537.12	8981.93	7529.54	8965.64	
7529.33	9073.99	7513.17	9096.91	7510.5	9086.61	7511.1	9075.53	
7523.62	9176.11	7500.5	9221.96	7500.54	9193.86	7494.79	9184.56	
7496.17	9255.4	7486.75	9314.3	7480.57	9271.37	7471.17	9265.52	
7453.15	9318.97	7461.07	9383.27	7447.3	9321.59	7430.9	9321.77	
7424.43	9363.38	7451.57	9416.69	7430.6	9350.71	7408.72	9347.71	
7421.56	9401.79	7439.99	9423.88	7416.02	9377.76	7391.64	9360	
7408.09	9421.24	7427.93	9418.71	7410.68	9406.58	7399.8	9373.69	
7390.07	9429.44	7412.98	9397.23	7416.91	9440.02	7420.23	9387.91	
7384.28	9440.93	7392.78	9390.73	7428.94	9456.76	7446.51	9376.87	
8170.96	7849.47	8108.59	7902.27	8140.93	7882.36	8154.21	7892.34	
8167.29	7852.55	8123.72	7891.62	8123.78	7868.33	8151.07	7883.88	
8150.54	7868.87	8152.26	7889.82	8122.02	7866.85	8154.64	7882.6	
8117.72	7888.44	8167.53	7864.49	8120.04	7869.47	8144.16	7878.01	
8104.46	7901.5	8156.97	7839.48	8120.58	7869.85	8117.66	7885.43	
8099.3	7913.9	8134.92	7842.74	8104.93	7882.35	8078.61	7894.21	
8074.66	7933.08	8084.52	7883.51	8072.46	7910.41	8038.05	7935.65	
7945.95	8034.64	7950.86	8011.43	7956.31	8016.53	7929.49	8036.68	
7713.97	8217.85	7730.33	8248.41	7739.96	8207.72	7720.82	8228.2	
7606.32	8313.51	7628.44	8360.71	7632.53	8301.26	7598.25	8320.6	
7575.23	8340.06	7590.21	8396.45	7583.34	8332.67	7560.41	8349.23	
7559.5	8377.93	7557.01	8398.43	7541.34	8357	7545.36	8354.08	
7553.6	8394.86	7531.42	8401.53	7500.13	8386.46	7527	8373.54	
7523.24	8431.45	7507.09	8419	7469.04	8428.67	7510.08	8412.29	
7468.23	8503.75	7451.79	8485.46	7416.85	8507.75	7466.57	8498.08	
7352.29	8652.94	7346.27	8629.61	7307.36	8659.57	7360.31	8674.84	
7263.91	8770.28	7256.16	8740.89	7211.85	8789.02	7260.99	8803.33	
7205.67	8851.79	7187.55	8819.25	7154.58	8866.55	7187.72	8870.06	
7180.83	8888.65	7144.76	8860.43	7123.53	8899.88	7140.23	8887.34	
7177.04	8905.88	7134.79	8895.33	7126.45	8916.73	7133.44	8895.7	
7193.51	8923.63	7149.95	8914.96	7153.29	8927.44	7146.07	8899.01	
7226.01	8941.9	7192.25	8945.15	7197.52	8947.46	7184.33	8923.75	
7261.83	9007.25	7240.39	9008.08	7241.66	9007.5	7234.08	8994.11	
7338.08	9151.04	7323.85	9171.1	7322.35	9166.06	7324.25	9153.88	
7399.71	9276.94	7376.21	9317.18	7376.26	9303.37	7390.49	9296.55	
7423.03	9327	7390.71	9382.49	7396.26	9347.25	7384.72	9341.25	
7407.74	9350.7	7411.26	9421.53	7395.37	9366.14	7376.39	9367.83	
7394.38	9379.74	7424.1	9448.14	7396.06	9380.98	7360.49	9390.9	
7401.79	9427.67	7421.43	9447.5	7400.05	9388.95	7355.5	9388.76	
7401.15	9446.82	7416.02	9427.06	7387.61	9431.34	7366.26	9388.84	
7386.93	9448.01	7398.6	9418.69	7390.55	9456.44	7402.46	9398.8	
7365.08	9430.71	7394	9416.45	7399.57	9467.84	7428.49	9435.35	
8137.52	7820.18	8056.78	7865.38	8107.34	7856.96	8121.52	7854.29	
8131.15	7816.09	8094.44	7877.92	8096.51	7835.48	8117.55	7840.9	
8121.01	7825.78	8125.62	7859.64	8084.96	7827.26	8117.14	7834.28	
8088.9	7843.77	8143.63	7840.93	8093.66	7831.65	8109.66	7843.05	
8070.46	7869.92	8141.72	7807.53	8094.29	7854.19	8100.03	7849.59	
8072.59	7887.52	8100.89	7814.02	8086.81	7862.23	8077.13	7873.05	
8049.06	7918.13	8053.73	7860.99	8060.1	7892.24	8033.3	7902.87	
7929.91	8015.87	7932.44	7995.13	7939.19	7998.81	7916.49	8020.13	
7684.86	8214.91	7706.57	8247.66	7716.96	8206.16	7702.99	8231.85	
7565.09	8301.17	7608.88	8374.36	7608.23	8300.19	7611.1	8326.88	
7542.5	8331.41	7573.04	8390.58	7568.1	8335.26	7574.38	8351.7	
7529.55	8355.62	7548.57	8407.13	7533.66	8361.82	7545.83	8371.1	
7498.02	8397.05	7516.59	8431.56	7503.66	8398.67	7514.35	8396.07	
7442.01	8470.6	7449.91	8487.97	7435.76	8468.62	7445.28	8465.37	
7331.53	8601.34	7335.27	8606.33	7311.43	8607.44	7333.34	8615.05	
7204.97	8739.76	7207.37	8737.4	7185.69	8753.77	7217.22	8778.83	
7114.3	8841.97	7112.23	8820.83	7090.96	8847.99	7136.16	8884.67	
7088.77	8877.81	7080.84	8858.01	7056.11	8891.23	7103.32	8907.03	
7088.61	8905.9	7056.23	8878.66	7043.96	8918.12	7071.74	8907.47	
7100.74	8925.71	7035.31	8900.65	7046.03	8928.49	7040.35	8889.13	
7093.7	8924.94	7040.08	8940.67	7060.48	8940.21	7043.42	8909.5	
7097.64	8957.34	7068.23	8956.72	7076.37	8949.93	7066.56	8940.1	
7135.11	9009.43	7120.69	9024.4	7114.52	9004.56	7103.31	9001.04	
7256	9181.94	7243.93	9205.89	7241.22	9200.79	7242.95	9188.9	
7348.55	9319.66	7334.86	9343.35	7337.97	9347.09	7340.34	9328.23	
7366.11	9355.68	7356.51	9401.01	7342.86	9378.69	7346.91	9380.59	
7366.2	9383.98	7359.4	9448.68	7356.43	9403.12	7327.09	9406.71	
7362.12	9426.95	7365.72	9477.45	7345.77	9419.5	7316.45	9427.76	
7353.02	9465.96	7368.57	9482.58	7336.67	9447.63	7307.64	9439.03	
7347.79	9489.37	7363.28	9478.73	7337.56	9465.76	7322.23	9441.53	
7331.32	9485.27	7352.19	9473.4	7333.33	9493.34	7339.71	9466.45	
7304.1	9503.84	7326.08	9493.21	7317.29	9524.2	7335.76	9496.01	
8109.51	7805.37	8046.56	7875.03	8094.63	7812.54	8107.03	7827.2	
8109.04	7809.39	8075.86	7865.03	8082.62	7813.85	8105.61	7817.39	
8096.87	7808.4	8120.7	7857.65	8086.51	7814.64	8092.17	7807.78	
8085.9	7823.53	8134.02	7818.66	8081.83	7816.3	8092.18	7814.21	
8065.71	7841.55	8115.43	7807.42	8074.71	7830.62	8077.24	7831.49	
8050.39	7861.43	8079.79	7804.62	8065.43	7852.36	8071.25	7849.9	
8024.17	7896.24	8027.94	7845.78	8032.39	7875.93	8026.05	7888.37	
7899.73	8007.82	7907	7986.71	7918.82	7990.68	7901.26	8008.03	
7669.57	8202.27	7691.01	8235.9	7699.79	8198.83	7698.86	8226.42	
7556.78	8292.72	7581.11	8342.38	7596.6	8296.28	7611.62	8327.07	
7517.02	8320.8	7550.94	8390.09	7555.55	8332.88	7583.98	8354.46	
7487.42	8345.5	7529.86	8409.06	7534.97	8374.11	7543.27	8371.83	
7447.8	8403.35	7484.04	8449.54	7496.8	8413.43	7494.19	8405.42	
7338.85	8538.16	7366.5	8573.96	7366.22	8539.85	7359.18	8545.42	
7183.59	8713.32	7209.13	8739.64	7198.18	8719.61	7187.35	8749.62	
7091.52	8809.74	7113.69	8833.62	7099.18	8825.03	7106.66	8864.32	
7053.49	8853.7	7065.94	8867.05	7059.6	8871.05	7082.37	8915.16	
7043.11	8886.57	7040.19	8872.76	7030.04	8896.64	7076.09	8933.73	
7049.71	8914.34	7020.9	8888.89	7024.34	8923.61	7055.86	8918.15	
7053.79	8936.53	7003.21	8917.44	7027.64	8937.76	7021.83	8910.62	
7059.76	8953.06	7003.24	8942.72	7030.39	8943.63	7014.67	8925.15	
7051.2	8958.8	7028.09	8986.82	7038.88	8945.13	7019.88	8955.83	
7081.7	9019.94	7072.43	9048.29	7071	9025.08	7057.33	9025.75	
7185.44	9202.47	7175.19	9226.84	7170.42	9219.31	7167.75	9207.09	
7247.57	9350.8	7241.37	9381.29	7230.25	9371.67	7237.1	9366.99	
7263.18	9415.63	7259.35	9452.51	7249.93	9434.62	7249.27	9434.37	
7260.62	9467.72	7256.87	9503.9	7240.6	9472.31	7236.36	9482.07	
7235.85	9539.4	7234.09	9558.56	7215.8	9529.75	7201.82	9534.38	
7211.4	9592.97	7214.17	9601.83	7191.67	9577.25	7185.59	9576	
7180.45	9628.6	7192.56	9632.03	7172.08	9620.22	7169.43	9621.07	
7147.77	9666.73	7163.5	9662.42	7146.73	9655.16	7143.6	9654.78	
7120.85	9694.88	7134.7	9688.54	7122.89	9693.28	7122.57	9686.48	
8074.27	7784.99	8023.13	7852.86	8076.52	7780.33	8079.44	7802.24	
8080.21	7781.95	8061.38	7848.67	8071.93	7787.07	8075.83	7791.6	
8075.85	7787.4	8098.62	7824.99	8071.86	7791.18	8084.5	7782.86	
8061.15	7797.11	8115.21	7808.52	8073.29	7799.54	8059.2	7780.46	
8052.23	7802.88	8087.35	7785.27	8048.3	7808.84	8045.57	7800.36	
8029.91	7819.75	8041.44	7783.36	8022.46	7815.57	8029.56	7827.93	
7969.14	7856.59	7984.58	7816.56	7988.78	7850.13	7990.79	7858.72	
7840.68	7989.31	7853.75	7975.46	7863.5	7978.1	7860.78	7995.68	
7659.41	8168.39	7672.71	8188.3	7687.4	8165.16	7693.45	8190.68	
7548.01	8277.07	7561.3	8317.53	7576.81	8286.76	7595.32	8309.75	
7500.27	8313.58	7523.65	8361.15	7557.42	8335.72	7565.07	8337.21	
7465.27	8350.78	7498.68	8406.54	7534.67	8352.56	7542.56	8358.16	
7394.91	8429.9	7434.35	8480.08	7451.84	8441.17	7448.3	8437.85	
7241.12	8614.68	7278.15	8656.47	7282.8	8621.51	7267.84	8624.81	
7091.12	8781.22	7127.96	8819.96	7124.67	8785.09	7101.68	8812.8	
7035.97	8842.6	7072.58	8875.38	7068.06	8848.51	7046.45	8902.83	
7015.41	8864.63	7045.79	8889.58	7039.56	8874.67	7045.42	8929.42	
7013.8	8890.42	7022.92	8893.9	7026.98	8910.09	7042.42	8931.82	
7011.47	8923.82	6996.37	8904.99	7010.45	8929.68	7032.17	8940.61	
7011.56	8961.87	6981.52	8925.36	7002.56	8952.63	7012.2	8948	
7006.49	8986.69	6965.08	8981.33	6989.11	8964.05	6981.82	8956.44	
6992.97	9021.18	6957.66	9035.53	6974.39	9011.59	6958.83	9008.33	
6990.99	9089.61	6976.63	9123.36	6979.11	9091.62	6966.41	9095.15	
7003.83	9220.54	6998.44	9255.33	6989.1	9233.62	6986.03	9233.59	
7006.65	9386.62	7004.1	9422.44	6989.82	9401.91	6994.52	9402.97	
7007.82	9541.87	7008.18	9569.76	6985.12	9550.38	7006.82	9558.21	
7019.87	9640.83	7021.86	9652.8	6993.73	9636.82	7022.37	9648.18	
7016.74	9724.44	7022.15	9721.63	6993.28	9708.33	7018.71	9727.15	
6987.99	9808.32	6994.2	9786.89	6972.22	9779.96	6986.34	9802.23	
6962.11	9851.49	6962.21	9841.91	6945.96	9827.87	6957.73	9846.5	
6948.83	9871.65	6948.18	9868.38	6940.11	9858.65	6939.25	9872.59	
6946.68	9862.35	6951.99	9881.79	6957.85	9861.08	6939.69	9865.43	
7932.94	7642.78	7903.43	7708.56	7934.36	7642.38	7934.29	7656.04	
7959.38	7671.89	7948.42	7725.17	7963.64	7671.73	7964.94	7679.15	
7958.22	7678.26	7976.03	7714.41	7963.36	7681.51	7958.98	7674.35	
7950	7680.84	7979.91	7694.87	7950.97	7688.19	7948.3	7674.88	
7927.8	7679.54	7959.66	7676.39	7928.06	7684.77	7920.41	7676.56	
7867.64	7659.46	7888.98	7640.71	7865.71	7662.87	7865	7665.58	
7816.83	7725.1	7830.6	7702.58	7822.5	7722.29	7826.21	7736.19	
7703.17	7859.61	7718.62	7847.86	7726.65	7856.53	7734.18	7871.95	
7568.22	8075.24	7580.15	8093.71	7594.86	8078.74	7606.78	8097.47	
7495.64	8220.22	7515.36	8251.82	7546.66	8229.07	7544.78	8239.56	
7469.73	8302.31	7499.66	8334.11	7543.29	8292.65	7522.93	8311.53	
7441.25	8338.12	7461.84	8376.8	7506.2	8340.52	7492.7	8346.97	
7343.42	8461	7375.4	8506.09	7398.12	8465.19	7397.27	8464.69	
7149.3	8692.45	7195.83	8724.97	7189.94	8698.79	7180.23	8692.6	
7045.69	8817.38	7086.44	8856.69	7085.66	8816.89	7064.33	8833.84	
7001.29	8857.31	7045.46	8896.27	7043.48	8856	7026.58	8891.73	
6992.79	8884.68	7030.18	8890.15	7034.01	8887.34	7008.88	8925.17	
6984.98	8901.41	7001.33	8904.5	7010.49	8909.18	7009.81	8942.48	
6975.79	8945.97	6972.98	8930.05	6982.79	8944.69	6994.75	8965.84	
6948.67	8999.84	6933.61	8977.01	6945.21	8984.08	6955.81	8995.55	
6896.35	9071.38	6874.4	9056.85	6891.05	9061.08	6894.04	9058.06	
6827.71	9163.3	6802.04	9176.08	6817.17	9159.71	6809.07	9150.92	
6768.91	9245.92	6751.75	9276.39	6753.78	9252.34	6746.83	9250.92	
6732.85	9312.1	6727.89	9355.14	6716.23	9321.99	6714.7	9327.55	
6729.09	9411.83	6730.07	9455.54	6705.94	9426.76	6719.77	9431.55	
6772.91	9580.19	6775.77	9617.13	6742.52	9590.21	6776.95	9593.47	
6830.73	9769.02	6835.25	9780.92	6801.43	9768.41	6857	9783.44	
6861.79	9863	6868.16	9853.46	6835.22	9846.83	6892.37	9873.64	
6869.09	9914	6883.33	9888.65	6848.01	9882.34	6887.9	9918.7	
6879	9953.2	6885.67	9908.16	6861.65	9905.3	6874.49	9934.17	
6887.13	9938.84	6872.15	9949.45	6873.04	9926.44	6876.58	9933.5	
6881.1	9927.27	6871.49	9955.1	6905.41	9938.19	6874.59	9947.09	
6890.19	6617.74	6882.24	6660.46	6893.01	6615.63	6895.64	6626.04	
7018.97	6753.31	7023.27	6788.85	7026.35	6752.64	7022.47	6755.54	
7105.23	6842.76	7110.34	6872.1	7110.34	6845.18	7106.75	6846.1	
7066.46	6812.93	7077.29	6830.81	7065.39	6816.12	7064.35	6815.48	
6959.77	6729	6978.72	6735.83	6960.64	6732	6959.56	6729.59	
7061.74	6883.72	7088.35	6885.45	7066.59	6886.23	7060.52	6882.84	
7080.17	7023.39	7099.12	7018.79	7084.68	7024.39	7086.33	7029.89	
7114.5	7293.26	7126.21	7296	7127.81	7293.94	7135.05	7307.13	
7149.93	7602.42	7167.54	7616.64	7190.15	7606.52	7190.1	7613.68	
7248.87	7937.97	7273.86	7963.26	7309.88	7930.47	7295.67	7944.86	
7289.16	8090.1	7312.52	8119.45	7349.9	8082.74	7331.51	8098.54	
7330.31	8275.22	7356.62	8305.92	7389.29	8270.29	7371.06	8283.42	
7240.95	8482.76	7268.9	8514.51	7286.48	8489.15	7275.21	8485.4	
7101.98	8727.54	7141.04	8753.14	7131.47	8736.97	7126.49	8723.02	
7009.89	8843.37	7066.2	8860.12	7044	8844.72	7041.21	8832.42	
6989.84	8870.69	7027.78	8890.56	7025.31	8875.2	7013.68	8869.98	
6973.4	8899.69	7004.36	8908.26	7006.41	8886.39	7003.66	8902.29	
6953.94	8934.46	6977.89	8913.7	6983.26	8908.93	6976.54	8957.2	
6914.24	8988.34	6922.16	8972.92	6929.54	8972.44	6932.17	9007.88	
6827.97	9102.62	6819.83	9080.34	6833.83	9091.54	6839.68	9102.58	
6721.48	9225.28	6705.66	9210.75	6722.57	9218.48	6723.66	9217.78	
6636.71	9312.73	6626.89	9317.59	6639.59	9319	6636.44	9310.3	
6591.26	9358.02	6580	9389.26	6586.28	9369.99	6575.97	9364.99	
6579.88	9387.97	6577.34	9436.04	6559.25	9406.35	6567.66	9408.62	
6596.08	9429.38	6597.65	9489.75	6560	9442.79	6584.25	9442.22	
6652.76	9561.18	6653.96	9609.33	6625.35	9572.68	6659.11	9573.05	
6759.03	9786.11	6763.27	9807.66	6737.88	9796.38	6790.78	9805.22	
6815.71	9903.53	6825.84	9900.6	6788.13	9896.12	6858.88	9923.09	
6838.86	9948.2	6847.54	9922.8	6806.49	9916.27	6860.2	9946.15	
6853.84	9965.6	6862.9	9941.5	6826.06	9939.94	6858.88	9958.76	
6852.31	9971.52	6853.92	9957.79	6867.06	9947.57	6855.25	9967.36	
6862.18	9963.99	6838.48	9984.35	6884.72	9956.96	6854.61	9955.15	
3914.97	3674.39	3928.05	3687.6	3923	3670.54	3927.39	3687.32	
3974.84	3744.82	3986.64	3756.87	3980.27	3741.16	3983.65	3755.08	
4013.1	3792.65	4021.49	3804.59	4016.52	3789.84	4019.53	3801.53	
4004.93	3798.32	4012.67	3810.02	4009.96	3793.2	4012.55	3804.93	
4279.8	4104.86	4286.76	4116.34	4282.83	4091.07	4281.81	4100.4	
4555.02	4433.98	4565.65	4448	4561.23	4424.43	4559.18	4423.46	
4895.65	4874.15	4909.24	4892.69	4904.14	4867.75	4900.73	4864.66	
5216.89	5347.94	5230.48	5366.83	5232.65	5341.93	5230.13	5341.56	
5711.51	6048.39	5727.07	6068.2	5745.45	6037.95	5738.07	6040.16	
5959.07	6448.75	5977.91	6469.12	6001.34	6435.44	5991.89	6439.31	
6396.11	7093.69	6416.67	7118.38	6441.04	7078.05	6430.21	7083.28	
6782.19	7810.53	6806.62	7838.66	6824.74	7799.44	6812.49	7802.53	
7041.52	8451.36	7074.47	8475.6	7077.57	8450.22	7064.38	8445.31	
7034.17	8740.94	7074.63	8756.23	7057.24	8751.15	7054.38	8727.49	
7006.91	8836.99	7041.89	8837.23	7013.67	8858.25	7019.19	8812.82	
6971.65	8888.13	7027.86	8874.11	6993.99	8883.82	7013.39	8847.15	
6949.27	8910.84	6986.19	8902.29	6970.72	8895.04	6982.84	8897.07	
6907.76	8959.06	6932.61	8953.6	6925.45	8929.71	6931.27	8959.38	
6811.03	9077.62	6827.65	9048.43	6827.34	9048.29	6825.17	9088.94	
6672.98	9245.27	6669.43	9208.88	6687.29	9224.74	6686.24	9245.16	
6584	9357.66	6567.38	9323.6	6593.55	9345.28	6591.89	9339.92	
6543.92	9389.94	6526.84	9384.64	6547.22	9389.75	6543	9384.04	
6525.95	9405.02	6528.55	9425.65	6526.44	9420.47	6529.9	9411.67	
6535.64	9411.11	6531.35	9468.48	6511.91	9433.09	6522.97	9424.02	
6547.46	9444.35	6543.88	9509.95	6522.96	9461.84	6542.37	9455	
6595.43	9539.95	6593.68	9600.07	6578.71	9561.09	6602.72	9562.63	
6722.08	9787.59	6732.65	9808.18	6704.54	9796.69	6754.38	9806.28	
6797.85	9911.81	6801.08	9918	6772.27	9921.77	6827.24	9921.58	
6835.04	9946.82	6827.18	9940.87	6782.68	9955.82	6843.85	9954.47	
6827.64	9968.41	6838.51	9956.85	6808.88	9964.48	6845.83	9972.58	
6832.45	9986.06	6833.81	9978.91	6844.49	9967.57	6840.11	9981.18	
6822.02	9994.64	6829.76	9970.18	6880	9958.78	6826.9	9992.77	
1927.17	1695.33	1949.05	1690.01	1938.7	1687.89	1949.51	1721.15	
1903.93	1684.92	1922.7	1681.25	1913.75	1678.23	1921.52	1703.89	
1872.2	1671.54	1888.6	1670.07	1879.79	1660.6	1886.23	1684.18	
1967.57	1804.25	1973.69	1807.5	1971.18	1789.93	1970.78	1805.76	
2086.6	1971.59	2090.17	1986.84	2096.87	1956.88	2093.77	1959.98	
2236.99	2169.58	2238.12	2196.28	2244.69	2146.98	2239.51	2142.17	
2435.21	2417.37	2439.72	2449.67	2442.06	2393.03	2437.56	2386.14	
2817.17	2883.35	2824.05	2914.83	2830.78	2862.3	2825.42	2844.3	
3068.37	3213.51	3079.97	3237.63	3089	3185.75	3083.3	3166.37	
3585.03	3869.29	3597.91	3893.32	3610	3822.1	3605.56	3807.14	
4315.96	4859.87	4328.28	4888.48	4346.47	4794.56	4341.68	4785.03	
5592.46	6654.49	5610.05	6679.24	5621.41	6592.39	5611.82	6581.28	
6579.62	8120.94	6610.37	8138.26	6602.11	8089.48	6596.95	8069.56	
6885.9	8634.35	6917.13	8638.26	6896.46	8633.68	6897.95	8594.15	
6940.39	8796.52	6986.37	8783.01	6950.84	8801.36	6968.53	8758.16	
6942.62	8846	6989.79	8822.45	6945.34	8847.67	6968.34	8817.62	
6905.98	8884	6958.67	8866.73	6921.1	8877.93	6938.6	8862.09	
6805.87	8992.75	6838.03	8980	6819.21	8981.44	6825.85	8985.59	
6673.15	9174.19	6689.81	9152.98	6684.3	9155.13	6682.76	9173.43	
6567.5	9342.05	6572.07	9293.88	6571.05	9316.19	6569.77	9341.87	
6518.59	9411.05	6505.86	9366.51	6530.88	9388.16	6528.52	9403.26	
6508.64	9435.43	6492.42	9403.06	6511.92	9420.17	6514.1	9415.27	
6507.23	9424.87	6495.21	9448.69	6496.85	9430.31	6501.87	9420.96	
6499.29	9431.74	6512.8	9482.97	6497.38	9450.69	6504.12	9444.8	
6514.2	9441.83	6509.23	9517.57	6513.63	9475.01	6515.09	9474.16	
6557.01	9550.62	6570.73	9602.55	6552.12	9573.5	6571.88	9573.45	
6674.32	9781.99	6681.32	9806.65	6656.99	9796.41	6693.82	9794.78	
6759.34	9930.56	6755.97	9935.89	6723.18	9943.62	6769.74	9935.8	
6779.19	9968.78	6781.82	9976.9	6752.46	9985.12	6790.79	9974.82	
6803.18	9981.54	6793.87	9988.5	6775.78	9998.04	6800.77	9991.92	
6793.01	10008.1	6807.45	9979.85	6806.75	9989.8	6801.37	10015.1	
6792.62	10018.4	6805.84	10007.2	6832.36	9991.01	6788.82	10032.1	
1558.19	1304.89	1576.49	1303.15	1566.97	1307.34	1575.39	1359.34	
1534.67	1310.87	1558.39	1301.32	1550.25	1297.57	1559.2	1338.32	
1534.04	1346.73	1546.22	1335.48	1544.42	1330.12	1544.31	1360.03	
1523.67	1386.69	1532.42	1391.06	1538.15	1368.21	1533.11	1382.37	
1528.35	1429.95	1531.88	1453.82	1535.86	1419.67	1529.01	1416.32	
1540	1482.89	1543.95	1515.74	1545.1	1467.47	1541.38	1460.82	
1594.79	1596.88	1596.19	1632.68	1602.65	1567.8	1600.29	1543.57	
1642.88	1693.16	1648.08	1721.69	1657.98	1655.7	1654.94	1625.35	
1773.82	1897.58	1778.34	1929.29	1790.17	1829.65	1788.33	1799.44	
1985.77	2220.88	1984.38	2258.93	2007.01	2109.41	2004.57	2084.63	
2655.23	3153.04	2647.47	3183.32	2674.06	2977.46	2669.9	2953.7	
4019.4	5013.47	4020.14	5033.02	4033.37	4807.74	4031.94	4783.85	
5480.38	6951.13	5491.15	6959.08	5487.94	6803.85	5488.29	6767.66	
6305.25	7972.96	6341.67	7962.41	6314.96	7947.15	6327.35	7906.87	
6559.89	8322.75	6600.72	8303.21	6564.52	8320.29	6582.68	8290.66	
6647.12	8490.86	6688.7	8471.2	6651.54	8493.47	6668.94	8469.18	
6689.95	8666.25	6731.08	8644.6	6694.14	8670.53	6709.01	8648.8	
6649.56	8923.65	6687.23	8900.14	6660.49	8923.39	6665.47	8911.02	
6544.83	9244.24	6564.26	9216.46	6550.15	9244.92	6540.81	9246.56	
6499.76	9372.11	6511.18	9341.85	6506.66	9363.69	6497.16	9373.18	
6494.51	9433.62	6496.11	9376.08	6484.13	9404.39	6488.18	9432.11	
6479.71	9451.36	6466.87	9423.78	6486.16	9428.4	6488.86	9438.31	
6478.38	9458.09	6464.47	9466.43	6480.48	9452.06	6476.49	9451.13	
6474.62	9446.88	6466.92	9504.05	6472.45	9467.73	6476.29	9464.91	
6466.43	9479.78	6507.57	9524.97	6481.74	9506.22	6489.67	9504.03	
6501.09	9575.2	6517.79	9625.63	6507.07	9602.72	6515.11	9600.27	
6558.43	9793.58	6565.29	9820.19	6547.07	9812.82	6566.5	9804.17	
6608.43	9976.19	6613.63	9987.13	6594.96	9990.95	6615.44	9980.28	
6643.92	10058.5	6639.78	10068.8	6625.82	10073.1	6643.23	10063.6	
6672.82	10089.6	6673.55	10083.8	6662.83	10096.7	6666.39	10100	
6694.3	10097.5	6695.36	10089.9	6686.31	10104	6676.43	10117.5	
6678.22	10127.9	6685.05	10111.6	6679.32	10125.5	6661.03	10147	
1505.36	1240.41	1521.05	1245.4	1515.31	1253.25	1523.98	1314.78	
1500.3	1275.58	1506.45	1257.68	1507.94	1256.55	1509.06	1320.78	
1470.3	1301.3	1488.09	1292.45	1502.31	1282.05	1498.3	1320.36	
1456.15	1326.32	1467.48	1337.53	1480.61	1315.63	1470.31	1328.03	
1445.49	1351.38	1459.47	1380.21	1452.86	1335.14	1445.57	1341.65	
1434.93	1382.31	1443.21	1418.7	1440.01	1387.39	1436.56	1358.18	
1420.71	1423.13	1426.26	1450.52	1435.65	1416.93	1433.09	1384.43	
1420.71	1519.05	1420.75	1556.91	1436.1	1445.75	1434.21	1410.75	
1431.98	1612.09	1420.65	1657.28	1451.7	1486.39	1448.65	1455.28	
1525.09	1855.35	1501.31	1890.67	1538.57	1625.91	1536.69	1594.6	
1825.87	2399.8	1800.45	2422.76	1832.92	2052.29	1835.71	2023.63	
2535.81	3434.28	2510.09	3445.62	2534.4	3016.06	2538.96	2977.95	
3578.8	4565.81	3579.94	4556.81	3580.2	4423.99	3586.31	4382.75	
4293.57	5421.89	4308.71	5400.95	4295.92	5384.75	4306.01	5348.02	
4753.4	6025.19	4775.32	6004.14	4757.13	6022.8	4768.8	5991.27	
5157.43	6618.09	5186.48	6597.6	5164.86	6627.24	5173.98	6601.82	
5731.82	7572.83	5763.78	7550.25	5743.1	7584.38	5745.96	7564.53	
6284.51	8658.92	6312.69	8631.67	6291.27	8666.25	6288.07	8656.39	
6437.38	9192.53	6458.08	9161.74	6442.31	9197.61	6430.63	9195.68	
6466.62	9381.78	6480.95	9344.19	6462.69	9386.63	6448.13	9390.39	
6450.62	9429.18	6460.25	9400.23	6462	9412.53	6450.89	9424.88	
6447.44	9467.42	6456.11	9436.22	6450.39	9444.58	6442.98	9465.68	
6434.35	9499.26	6413.56	9498.08	6435.03	9483.84	6431.77	9495.48	
6395.99	9531.28	6397.89	9557.21	6410.23	9539.33	6402.45	9542.95	
6372.47	9577.71	6386.23	9617.89	6384.98	9597.61	6383.67	9594.54	
6355.21	9668.94	6383.32	9700.64	6371.83	9690.35	6371.95	9684.39	
6343.31	9852.51	6355.97	9878.67	6357.63	9870.97	6351.01	9863.47	
6359.34	10059.7	6369.19	10071.9	6371.78	10073	6360.62	10061.6	
6415.97	10208.6	6421.59	10204.1	6419.61	10217	6408.89	10209.7	
6447.39	10296.7	6445.45	10297.7	6437.11	10305.7	6434.49	10305	
6452.67	10345.4	6444.26	10344	6428.8	10365.4	6418.29	10364.2	
6467.31	10348.5	6455.73	10345.6	6423.7	10384.3	6412.44	10382.2	
1514.47	1264.42	1488.34	1223.9	1503.74	1234.64	1497.42	1303.15	
1479.58	1262.63	1475.35	1250.86	1510.81	1251.47	1503.17	1307.5	
1460.93	1281.39	1467.4	1287.83	1490.73	1272.48	1477.28	1316.2	
1428.28	1297.53	1462.88	1327.71	1464.64	1298.58	1455.48	1327.02	
1415.26	1331.71	1441.15	1357.62	1440.49	1338.03	1436.27	1332.15	
1402.51	1358.04	1421.67	1383.56	1422.12	1376.47	1411.99	1342.17	
1391.95	1392	1395.6	1426.6	1404.16	1402.81	1393.74	1359.97	
1375.4	1447.56	1366.6	1496.85	1398.54	1411.61	1389.52	1381.08	
1373.35	1690.42	1344.35	1737.3	1390.99	1427.25	1385.48	1395.82	
1392.99	1921.59	1353.58	1948.9	1395.79	1490.96	1403.66	1459.68	
1480.96	2212.28	1435.68	2222.66	1469.46	1652.86	1483.58	1614.12	
1658.6	2172.38	1634.74	2162.37	1655.38	1951.76	1661.65	1908.71	
1863.89	2321.26	1849.74	2297.16	1863.18	2249.16	1866.82	2205.29	
2057.64	2538.7	2048.55	2513.93	2059.38	2527.97	2064.08	2486.2	
2297.15	2857.65	2300.99	2834.75	2308.76	2874.09	2309.56	2841.59	
2860.51	3677.46	2877.95	3654.73	2888.27	3705.34	2880.12	3677.51	
4182.46	5668.37	4209.19	5647.97	4208.41	5689.34	4201.7	5673.5	
5536.5	7827.12	5560.98	7803.26	5551.44	7840.43	5541.09	7833.75	
6278.57	9052.55	6296.48	9017.56	6278.16	9058.53	6264.91	9061.12	
6385.82	9306.82	6398.66	9279.89	6390.06	9307.82	6375.3	9313.73	
6397.51	9414.32	6406.6	9392.84	6390.58	9421.32	6375.4	9432.77	
6370.41	9496.59	6366.02	9481.5	6365.22	9491.06	6356.52	9505.44	
6322.98	9581.44	6322	9567.03	6321.56	9574.75	6314.69	9589.69	
6236.31	9694.28	6229.42	9688.36	6249.37	9689.74	6235.85	9691.41	
6149.92	9784.99	6157	9800.51	6179.7	9794.31	6159.91	9789.68	
6122.41	9845.11	6133.55	9864.61	6150.44	9857.14	6132.74	9850.7	
6126.01	9920.08	6144.61	9943.88	6157.85	9933.64	6138.41	9927.52	
6190.19	10105.8	6201.12	10119.2	6212.58	10117	6183.08	10112.7	
6261.09	10322.9	6276.7	10319.7	6282.47	10332	6250.79	10322.3	
6305.82	10436.7	6310.99	10426.4	6308.84	10448.4	6289.44	10433.2	
6330.45	10467	6321.79	10472.7	6307.3	10481.2	6310.6	10479.1	
6352.15	10474.7	6334.75	10483.3	6320.81	10496	6308.17	10501.2	
1498.84	1279.17	1460.9	1232.15	1518.69	1231.76	1504.46	1264.6	
1485.58	1274.85	1459.97	1258.35	1501.81	1247.53	1481.46	1283.56	
1457.64	1264.79	1456	1294.24	1481.98	1269.13	1465.37	1304.01	
1427.11	1290.34	1452.05	1310.51	1447.52	1304.63	1449	1322.96	
1393.65	1312.47	1438.63	1330.88	1427.39	1342.56	1427.76	1340.63	
1395.72	1345.75	1404.74	1366.03	1410.53	1366.28	1403.01	1346.68	
1384.27	1373.12	1368.66	1417.57	1401.61	1383.77	1375.72	1355.78	
1367.89	1430.87	1343.96	1470.87	1383.84	1400.55	1368.41	1369.28	
1356.7	1605.77	1332.56	1635.66	1364.96	1410.15	1369.65	1390.55	
1353.91	2190.53	1300.21	2218	1344.17	1446.38	1360.93	1412.98	
1356.86	1845.46	1314.27	1832.71	1340.67	1527.82	1356.46	1482.74	
1367.77	1692.79	1337.12	1661.94	1354.36	1586.87	1366.66	1542.57	
1363.96	1646.68	1343.94	1620.58	1365.17	1631.64	1373.1	1586.44	
1380.93	1661.85	1375.24	1639.08	1396.43	1681.11	1395.39	1645.98	
1445.92	1773.45	1454.75	1749.7	1483.84	1807.94	1471.16	1776.43	
1785.09	2290.2	1806	2275.2	1829.79	2325.85	1819.14	2304.1	
2778.68	3799.22	2806.35	3790.27	2821.82	3834.22	2814.33	3815.9	
4716.53	6729.23	4735.09	6710.15	4731.33	6746.18	4718.27	6746.71	
5657.4	8194.96	5668.64	8176.24	5664.63	8200.73	5649.53	8207.17	
6042.38	8860.67	6049.85	8842.27	6036.27	8866.55	6021.19	8879.38	
6188.3	9245.72	6182.89	9235.65	6168.62	9262.23	6159.93	9278.33	
6204.9	9538.68	6190.68	9533.69	6167.07	9575.86	6163.77	9595.35	
6133.16	9742.34	6114.45	9722.33	6114.31	9743.04	6114.4	9750.08	
6069.75	9846.5	6060.04	9825.65	6072.51	9836.5	6066.69	9835.95	
6027.3	9903.38	6023	9889.7	6049.9	9901.44	6026.24	9892.85	
5996.84	9925.12	6012.72	9947.65	6041.37	9936.21	6013.04	9929.89	
6028.56	9968.34	6039.55	9990.31	6054.9	9979.75	6027.07	9979.2	
6091.9	10104	6110.47	10129.9	6121.05	10120.5	6089.51	10122.6	
6212.98	10376.7	6224.58	10382.7	6237.55	10390.7	6196.01	10379.7	
6261.02	10484.2	6276.37	10471	6281.91	10490.5	6245.5	10477.6	
6288.08	10502.5	6289.88	10504.2	6286.59	10509.3	6275.07	10511.5	
6305.59	10512.4	6292.54	10533.3	6285.2	10510.3	6313.16	10515.2	
1499.82	1267.75	1455.2	1263.97	1514.01	1244.48	1475.72	1236.09	
1480.95	1266.27	1460.97	1271.75	1491.87	1251.68	1477.94	1252.07	
1459.77	1277.28	1460.51	1282.29	1459.58	1280	1466.12	1276.98	
1429.84	1289.13	1445.16	1300.28	1434.01	1308.99	1444.09	1308.71	
1416.28	1311.98	1428.31	1310.25	1409.04	1337.03	1414.34	1339.8	
1384.3	1342.68	1391.92	1351.27	1400.12	1354.01	1392.98	1356.61	
1379.78	1375.05	1355.53	1390.49	1387.93	1368.75	1372.81	1363.69	
1363.33	1427.95	1344.19	1449.28	1369.35	1377.96	1368.37	1378.05	
1355.95	1563.89	1328.87	1567.47	1338.36	1408.71	1354.84	1387.4	
1338.56	1626.3	1312.49	1624.52	1326.16	1447.72	1337.17	1415.58	
1324.04	1671.78	1287.59	1653.88	1310.73	1483.16	1321.58	1446.25	
1307.8	1577.74	1267.75	1541.88	1291.25	1524.41	1309.84	1476.37	
1295.11	1542.25	1276.47	1510.59	1296.68	1541.81	1310.4	1509.57	
1266.54	1535.12	1273.05	1510.52	1308.4	1568.41	1303.05	1534.99	
1280.14	1579.63	1299.87	1568.37	1328.51	1620.47	1314.09	1597.4	
1404.75	1793.36	1433.28	1794.23	1461.27	1839.77	1452.81	1817.41	
2073.69	2796.44	2087.92	2800.21	2109.11	2830.37	2096.97	2829.19	
3045.62	4273.27	3047.95	4276.61	3061.42	4296.38	3046	4306.27	
4064.34	5853.74	4059.22	5852.09	4060.42	5866.39	4042.71	5885.39	
4930.4	7288.42	4918.73	7290.11	4913.02	7307.21	4902.01	7327.57	
5627.43	8646.64	5615.88	8645.35	5596.73	8680.9	5590.65	8701.74	
5936.96	9506.74	5917.69	9499.02	5904.67	9524.63	5912.5	9540.91	
5996.26	9826.37	5965.59	9816.65	5962.31	9833.37	5978.84	9845.52	
5997.15	9922.92	5966.18	9895.58	5973.3	9913.26	5979.12	9914.37	
5977.08	9947.73	5967.33	9931.76	5985.15	9931.79	5979.44	9931.26	
5983.19	9957.34	5980.75	9956.38	6001.44	9963	5964.99	9951.97	
5978.58	9980.32	6000.51	10018.3	6016.02	10001.3	5983.01	10008.4	
6046.42	10135	6059.25	10162.7	6074.02	10156.1	6040.87	10151.3	
6175.46	10405.6	6186.88	10414.6	6200.55	10418.2	6159.5	10411.2	
6237.48	10497	6243.84	10507	6258.31	10506.9	6217.5	10502.6	
6253.88	10530.4	6264.52	10521.8	6262.38	10524.8	6263.12	10516.6	
6262.73	10529.7	6264.82	10545.3	6265.87	10524.3	6282.95	10545.6	
1502.07	1224.62	1470.56	1269.64	1504.59	1241.86	1482.86	1212.16	
1484.05	1247.26	1476.26	1266.99	1479.33	1267.06	1474.79	1221.59	
1447.53	1278.76	1465.51	1273.01	1440.62	1287.76	1463.16	1253.35	
1440.67	1299.2	1440.84	1281.11	1408.76	1313.59	1446.59	1287.74	
1415.09	1315.35	1408.47	1312.48	1402.63	1319.73	1410.7	1327.3	
1402.21	1341.49	1380.29	1328.78	1387.38	1340.66	1379.85	1359.17	
1372.38	1379.54	1365.83	1369.44	1367.71	1354.68	1365.74	1366.05	
1364.75	1438.91	1345.55	1417.2	1342.88	1374.32	1355.81	1375.09	
1356.63	1453.85	1331.88	1447.56	1332.69	1414.36	1337.64	1397.41	
1337.02	1488.32	1314.62	1463.83	1319.21	1450.64	1323.13	1417.62	
1313.11	1513.22	1286.27	1502.44	1305.61	1474.44	1313.27	1443.31	
1288.79	1532.26	1257.22	1518.16	1286.42	1494.59	1305.44	1475.49	
1263.39	1524.05	1254.51	1476.02	1288.14	1524.49	1295.17	1497.16	
1242.72	1522.5	1256.49	1492.91	1280.69	1540.46	1284.07	1526.82	
1225.11	1531.55	1255.41	1534.91	1286.5	1579.6	1282.71	1556.1	
1297.97	1643.12	1309.76	1653.95	1339.54	1681.94	1326.35	1683.23	
1448.67	1875.78	1443.73	1892.04	1468.96	1908.82	1452.54	1923.31	
1729	2303.97	1708.62	2320.44	1727.23	2326.08	1706.21	2354.05	
2241.31	3120.83	2215.02	3142.98	2227.77	3147.29	2214.62	3178.13	
3280.01	4879.77	3264.84	4890.77	3268.71	4912.59	3255.42	4940.08	
4675.05	7418.33	4660.17	7418.06	4657.19	7440.65	4659.69	7457.67	
5620.72	9271.19	5599.43	9263	5595.28	9276.95	5608.41	9289.21	
5914.05	9846.59	5885.65	9834.51	5883.08	9844.26	5902.7	9857.18	
5958.71	9937.39	5920.67	9931.34	5925.35	9930.25	5949.34	9948.9	
5967.57	9980.81	5932.78	9944.7	5948.43	9956.8	5936.6	9960.58	
5953.2	9983.82	5954.51	9987.92	5963.36	9979.69	5937.12	9977.8	
5962.44	10021	5964.22	10043.7	5982.4	10044.8	5946.37	10026.1	
5999.15	10190.8	6013.05	10217.9	6029.7	10212.8	5994.17	10208.3	
6092.88	10451.7	6098.31	10466.1	6114.14	10462.8	6079.95	10460	
6145.8	10560	6150.9	10562.7	6158.44	10560.9	6143.22	10554.6	
6181.82	10576.4	6185.88	10582.1	6194.82	10575.1	6184.53	10577.4	
6187.74	10597.5	6203	10599	6194.85	10595.2	6202.26	10596.5	
1492.78	1201.62	1500.97	1233.77	1497.84	1251.85	1473.4	1185.59	
1467.28	1223.86	1472.69	1248.87	1461.28	1261.32	1472.97	1205.69	
1452	1257.14	1451.23	1257.96	1423.25	1296.28	1465.16	1229.64	
1420.82	1288.63	1432.27	1278.56	1400.06	1296.48	1430.22	1268.76	
1411.84	1307.48	1396.59	1298.85	1385.22	1306.21	1398.45	1310.07	
1389.2	1338.36	1373.21	1329.94	1375.92	1314.92	1370.61	1337.9	
1381.6	1384.56	1364.34	1346.03	1350.2	1341.68	1351.03	1357.74	
1367.99	1401.3	1351.58	1370.05	1329.29	1383.32	1330.37	1376.7	
1358.96	1428.28	1326.54	1386.34	1325.53	1413.47	1317.93	1401.13	
1330.21	1439.95	1304.3	1428.43	1309.84	1447.71	1310.18	1425.08	
1303.95	1455.83	1279.03	1456.96	1296.54	1465.39	1311.82	1449.79	
1275.07	1476.58	1268.42	1469.94	1293.96	1477.95	1300.08	1478.97	
1246.61	1505.54	1255.89	1476.31	1274.46	1492.4	1285.74	1503.44	
1218.54	1517.04	1250.82	1482.44	1263.83	1532.86	1267.59	1521.18	
1223.31	1532.61	1237.2	1523.35	1262.09	1550.29	1251.59	1562.53	
1234.33	1549.74	1228.19	1568.75	1256.71	1585.12	1245.03	1601.19	
1261.29	1598.94	1237.33	1617.67	1261.81	1622.88	1239.68	1655.66	
1309.1	1683.97	1276.03	1711.09	1298.21	1712.76	1285.55	1750.9	
1472.6	2002.56	1455.75	2022.57	1478.63	2032.18	1461.99	2067.64	
2112.1	3134.2	2101.67	3145.33	2118.62	3167.07	2115.7	3187.13	
3712.13	5999	3707.97	5998.35	3713.6	6015.02	3719.3	6027.76	
5344.1	8926.39	5323.75	8918.42	5324.8	8926.45	5338.96	8936.82	
5823.91	9818.42	5791.33	9810.05	5794.12	9809.83	5813.96	9823.96	
5896.93	9976.99	5866.94	9949.97	5872.36	9956.34	5876.64	9964.63	
5904.31	10011.4	5885.42	9999.63	5886.74	9992.07	5878.45	10008.7	
5898.26	10052.8	5875.85	10041.4	5891.91	10048.7	5867.12	10047.5	
5880.1	10130.6	5876.7	10136.2	5891.08	10135.7	5861.16	10126.6	
5896.07	10296.6	5898.41	10309	5915.47	10310.3	5881.67	10298.3	
5898.55	10526.1	5907.66	10532.7	5919.97	10532.4	5898.95	10527.1	
5924.08	10712.5	5922.12	10714.4	5936.8	10711	5926.31	10711.6	
5951.06	10793.4	5951.97	10796.5	5955.54	10794.3	5952.56	10792	
5970.63	10815.8	5971.15	10818.6	5973.85	10816.1	5971.95	10813.7	
1446.6	1169.96	1457.27	1198.75	1435.95	1218.44	1440.64	1160.4	
1437.6	1190.5	1450.02	1206.92	1427.07	1244.5	1448.56	1177.15	
1408.84	1220.88	1416.04	1222.59	1393.79	1252.59	1428.46	1195.96	
1393.74	1246.3	1391.02	1246.01	1373.9	1265.7	1393.91	1232.47	
1372.84	1277.48	1374.36	1271.73	1355.28	1266.46	1365.16	1272.98	
1371.15	1320.06	1360.71	1300.87	1348.37	1290	1349.54	1307.05	
1364.69	1350.65	1351.75	1326.28	1333.64	1328.79	1321.58	1334.38	
1358.58	1387.64	1345.46	1340.43	1318.98	1367.6	1301.91	1368.86	
1343.09	1402.16	1313.21	1373.67	1301.72	1405.9	1300.67	1391.69	
1314.57	1411.38	1289.86	1404.72	1299.28	1425.75	1305.7	1428.63	
1287.88	1417.82	1276.23	1426.42	1295.54	1452.78	1296.09	1465.17	
1267.35	1446.13	1266.84	1453.93	1270.05	1458.77	1286.67	1478.19	
1240.15	1479.96	1257.86	1478.16	1254.97	1482.81	1265.84	1498.3	
1225.48	1504.96	1233.85	1499.86	1243.56	1499.85	1252.02	1528.95	
1218.12	1531.2	1222.97	1514.51	1233.74	1537.7	1226.4	1551.07	
1222.6	1544.73	1207.3	1545.39	1225.43	1549.24	1198.65	1587.95	
1227.74	1545.06	1190.87	1573.75	1212.94	1577.63	1206.52	1613.7	
1212.95	1590.76	1194.81	1609.36	1223.12	1618.22	1207.35	1659.96	
1264.26	1720.74	1259.19	1738.05	1281.38	1755.79	1276.34	1778.24	
1611.02	2381.61	1623.55	2390.99	1639.45	2410.29	1638.58	2423.39	
3073.24	4981.15	3074.51	4986.89	3086.87	4999.41	3091.78	5007.33	
4935.94	8302.75	4915.75	8297.96	4921.17	8299.95	4935.39	8311.53	
5597.6	9595.94	5573.16	9574.94	5576.36	9577.91	5576.6	9584.58	
5713.63	10000.9	5696.36	9988.18	5694.79	9979.91	5683	9988.74	
5723.39	10150	5709.83	10136.2	5713.95	10136.4	5696	10139.1	
5701.35	10236.5	5689.85	10226.6	5696.62	10227.1	5677.19	10230.6	
5677.38	10325.6	5664.66	10316.9	5682.17	10319.9	5655.06	10318.9	
5657.45	10434.1	5655.33	10431.7	5669.82	10431.3	5644.42	10427	
5692.12	10599.2	5698.09	10598.2	5714.97	10602.4	5692.81	10599	
5737.98	10851.5	5751.62	10849.5	5760.86	10859	5748.2	10854.5	
5765.86	10999.6	5757.34	10994.3	5771.4	10996.3	5767.86	10994.7	
5779.09	11028.5	5769.32	11030	5771.83	11030.2	5775.38	11024.7	
1250.94	1011.61	1262.73	1029.66	1235.04	1068.97	1253.18	1006.27	
1259.39	1039.33	1270.27	1051.81	1244.75	1086.08	1264.76	1028.56	
1254.82	1061.99	1262.23	1070.71	1243.52	1101.92	1258	1053.59	
1231.98	1080.88	1233.83	1085.88	1218.1	1101.9	1231.52	1072.23	
1259.47	1149.18	1256.45	1147.63	1242	1150.81	1249.49	1136.29	
1273.06	1203.73	1268.87	1195.09	1250.78	1193.49	1248.5	1191.77	
1295.28	1275.35	1284.15	1251.16	1266.25	1256.29	1252.88	1257.05	
1302.13	1324.6	1283.78	1301.32	1268.08	1312.86	1258.54	1308.42	
1303.22	1365.93	1286.53	1354.25	1275.45	1363.36	1275.9	1365.31	
1288.47	1385.27	1274.08	1395.65	1281.57	1399.62	1282	1417.47	
1266.19	1405.8	1270.6	1419.87	1266.37	1414.91	1286.72	1452.64	
1249.6	1433.74	1269.65	1441.45	1248.7	1451.34	1260.85	1476.17	
1244.22	1465.58	1247.47	1490.63	1229.09	1468.66	1242.63	1494.64	
1227.47	1510.42	1231.87	1513.31	1215.82	1497.2	1222.13	1516.28	
1217.02	1532.04	1208.15	1532.4	1206.81	1517.73	1204.46	1546.77	
1204.39	1547.63	1188.89	1541.65	1197.84	1549.44	1194.72	1575.97	
1181.71	1552.59	1180.91	1560.44	1199.81	1573.15	1186	1608.83	
1182.57	1571.81	1175.62	1597.13	1195.17	1613.05	1194	1630.23	
1189.07	1656.48	1207.32	1670.63	1224.45	1689.22	1221.28	1701.62	
1414.03	2086.31	1430.2	2103.34	1450.75	2118.84	1447.79	2122.9	
2444.49	3931.9	2448.67	3935.67	2460.67	3949.95	2463.68	3954.52	
3968.19	6747.41	3961.54	6737.05	3965.13	6745.11	3966.24	6750.45	
4978.26	8774.25	4971.81	8765.43	4968.34	8759.47	4960.65	8765.68	
5417.49	9905.67	5407.82	9896.99	5405.63	9889.54	5386.96	9888.98	
5503.14	10326.3	5486.27	10318.3	5484.21	10306.9	5459.75	10304.2	
5500.74	10423.5	5496.94	10408.8	5500.13	10407.7	5472.77	10402.5	
5497.62	10463.4	5497.4	10453.8	5502.4	10454.9	5478.38	10452	
5504.51	10516.1	5503.15	10508.5	5526.96	10511.6	5498.71	10514.5	
5558.79	10660.9	5567.45	10656.1	5576.75	10667.1	5560.23	10667.6	
5657.28	10932.6	5673.73	10926.4	5677.54	10941	5666.04	10935.5	
5700.04	11051.3	5715.12	11046.1	5719.98	11062.1	5710.76	11053.7	
5738	11089.8	5706.55	11082.5	5725.9	11077.5	5726	11080.3	
785.372	599.66	800.481	606.756	767.578	663.573	775.049	608.365	
799.433	612.765	808.703	626.221	782.584	672.482	789.107	619.786	
822.112	634.718	825.422	650.719	804.627	688.29	808.584	637.364	
876.681	699.876	876.116	721.215	865.218	743.485	869.231	695.339	
903.126	748.467	896.746	769.763	891.315	779.391	894.472	741.194	
970.911	852.989	961.137	865.657	954.879	867.475	950.514	840.745	
1033.35	966.535	1018.15	970.306	1011.54	960.973	1008.09	946.657	
1127.02	1142.19	1111.24	1145.89	1106.27	1112.81	1106.52	1114.07	
1195.69	1268.05	1184.56	1277.48	1185.94	1247.9	1184.51	1260.89	
1233.19	1355.01	1236.05	1368.01	1234.09	1340.68	1240.23	1361.15	
1236.76	1398.3	1255.69	1418.92	1243.97	1388.84	1246.04	1410.3	
1232.03	1443.21	1256.36	1463.65	1228.6	1423.83	1243.43	1453.53	
1222.55	1480.06	1246.67	1490.34	1209.49	1464.1	1215.46	1486.16	
1219.39	1515.05	1222.02	1535.68	1194.79	1495.96	1191.95	1507	
1204.24	1540.67	1193.15	1537.35	1182.89	1529.47	1180.33	1529.1	
1174.24	1553.63	1173.79	1547.78	1172.65	1556.16	1181.8	1565.31	
1157.99	1568.31	1160.15	1566.67	1162.84	1589.01	1176.85	1595.55	
1142.69	1585.85	1163	1601.72	1172	1612.71	1170.15	1628.39	
1156.13	1638.14	1170.5	1664.96	1193.61	1675.79	1189.1	1675.79	
1273.97	1881.1	1289.47	1888.66	1304.49	1909.02	1301.82	1909.23	
1693.82	2681.95	1711.04	2685.08	1715.95	2701.11	1718.51	2702.58	
2615.88	4474.31	2629.92	4471.12	2624.52	4474.42	2630.21	4479.41	
4027.81	7403.96	4031.86	7396.72	4031.06	7394.05	4021.6	7397.16	
5054.82	9656.53	5050.94	9649.94	5047.67	9639.39	5027.54	9634.28	
5376.2	10364.3	5371.04	10357.5	5363.94	10343	5338.28	10338.1	
5444.19	10484.5	5426.96	10478.5	5421.38	10460.9	5395.4	10458.6	
5430.65	10512.9	5447.19	10495.8	5451	10501.6	5420.01	10492.1	
5444.33	10552.5	5454.6	10541.1	5458.16	10559.5	5441.59	10559	
5479.69	10754.8	5487.49	10748.6	5490.49	10764.2	5475.19	10765.8	
5580.31	11002.4	5598.78	10996.6	5590.26	11016.7	5582.22	11011.8	
5655.67	11094.4	5660.94	11087.6	5659.69	11095.6	5654.8	11094	
5672.83	11113.6	5687.8	11121.4	5686.62	11114.5	5668.24	11115.5	
519.287	367.073	536.793	355.922	493.49	431.236	492.06	384.136	
524.179	348.388	536.303	358.094	499.706	427.604	500.903	365.043	
553.003	348.852	551.747	387.301	532.89	429.782	540.16	354.444	
581.642	363.785	566.915	409.299	566.233	429.504	571.797	363.088	
602.976	397.844	586.175	445.057	594.69	445.898	592.97	392.909	
624.649	452.995	605.313	489.312	615.868	473.516	614.689	438.975	
691.468	571.89	675.205	605.468	683.089	571.345	685.074	559.788	
800.092	765.471	788.166	797.189	792.962	729.831	795.033	734.292	
950.687	1069.19	947.4	1097.43	950.732	950.253	952.946	966.551	
1071.45	1254.05	1084.61	1277.05	1079.83	1146.69	1078.81	1166.04	
1157.01	1386.52	1174.21	1409.7	1160.44	1287.85	1163.52	1311	
1185.12	1459.9	1207.63	1482.34	1187.71	1370.23	1187.35	1391.74	
1194.17	1513.7	1216.06	1535.7	1192.63	1440.21	1185.97	1452.41	
1188.9	1513	1200.91	1516.69	1180.06	1489.4	1162.93	1491.45	
1176.29	1539.13	1180.13	1539.94	1161.5	1534.94	1152.16	1524.29	
1162.63	1556.54	1160.08	1557.59	1141.26	1577.42	1154.86	1551.8	
1132.39	1586.24	1145.44	1587.06	1136.95	1589.98	1155.22	1589.23	
1115.28	1599.69	1139	1621.16	1141.29	1624.04	1148.66	1628.93	
1126.23	1646.21	1144.98	1651.68	1151.33	1669.67	1149.8	1672.24	
1153.82	1727.02	1175.67	1737.01	1180.79	1752.12	1182.22	1751.65	
1267.72	1995.86	1293.5	1995.88	1287.4	2004.64	1300.72	2009.23	
1757.54	3033.94	1779.33	3024.22	1781.95	3030.36	1788.12	3039.95	
3172.8	5991.96	3181.07	5983.21	3181.59	5979.56	3175.11	5979.98	
4735.29	9313.41	4735.05	9306.83	4732.36	9295.07	4708.22	9289.17	
5289.59	10401	5286.64	10397.3	5279.48	10379.8	5253.6	10373.5	
5361.15	10530.7	5379.15	10524.5	5369.63	10511	5342.3	10504.5	
5385.81	10557.7	5384.03	10554.3	5386.72	10546.1	5362.36	10545.6	
5375.8	10631.1	5388.91	10620.9	5387.06	10629.5	5363.87	10627	
5398.32	10820.4	5407.64	10814.4	5389.15	10842.4	5376.99	10844.4	
5429.04	11122.4	5435.11	11117.5	5424.78	11129.7	5421.11	11129.4	
5487.26	11216.8	5506.71	11220.9	5491.64	11227.6	5483.79	11225.2	
5509.58	11255.2	5529.57	11260.5	5515.44	11267.1	5507.65	11263.8	
465.236	313.179	483.272	289.357	426.912	390.115	425.949	329.08	
470.314	293.991	483.289	305.341	442.604	381.195	445.948	303.341	
487.402	264.857	484.626	312.424	466.44	363.958	481.73	279.594	
510.022	261.06	488.723	333.307	489.09	343.879	500.205	266.169	
523.197	292.559	486.609	344.744	502.043	330.214	503.794	279.814	
512.914	325.559	485.416	375.651	505.959	341.694	505.273	321.41	
513.723	379.188	501.871	428.809	513.156	369.417	514.728	366.559	
554.648	484.941	552.154	532.09	561.884	441.366	562.001	449.489	
633.272	696.119	643.942	734.223	648.459	566.397	646.971	586.46	
769.385	1137.67	772.098	1171.52	772.059	748.286	771.546	777.114	
901.997	1360.6	906.261	1386.64	898.272	951.827	895.658	980.095	
1048.88	1547.59	1052.95	1570.84	1042.17	1190.78	1030.58	1209.15	
1111.76	1456.12	1122.14	1468.25	1112.76	1343.43	1095.39	1348.86	
1133.96	1472.72	1147.3	1485.46	1137.62	1443.58	1119.92	1437.69	
1141.67	1515.75	1154.11	1528.1	1129.3	1525.75	1121.57	1507.61	
1137.05	1565.36	1142.85	1571.06	1115.62	1582.54	1114.04	1556.15	
1112.99	1586.42	1135.17	1603.8	1116.41	1613.7	1110.38	1587.05	
1102.9	1622.62	1124.83	1618.36	1110.06	1634.99	1115.64	1633.22	
1088.47	1646.31	1118.25	1652.9	1113.93	1667.08	1113.41	1670.1	
1090.98	1692.28	1120.7	1690.51	1107.92	1698.18	1124.19	1705.01	
1122.35	1808.08	1147.18	1798.4	1154.13	1805.49	1164.33	1817.35	
1408.86	2442.9	1425.92	2430.84	1431.21	2433.21	1437.33	2436.83	
2615.52	5003.63	2622.33	4987.13	2626.29	4986.23	2611.61	4981.05	
4539.15	9015.25	4540.35	9007.98	4537.05	8997.13	4512.36	8989.96	
5114.64	10389.8	5129.93	10386.3	5124.69	10371.1	5097.18	10367.8	
5186.58	10659.5	5196.59	10662.1	5194.88	10645	5172.95	10643.2	
5191.76	10736.6	5203.71	10733.3	5195.21	10721.1	5179.52	10719.7	
5203.61	10810.2	5209.34	10807	5199.34	10802.6	5185.04	10802.4	
5221.56	10953.5	5229.84	10943.3	5215.81	10949.3	5207.9	10949.1	
5272.09	11190	5276.86	11189.6	5263.06	11196.7	5257.39	11194.6	
5250.03	11470.9	5261.67	11472.7	5244.31	11481.6	5245.96	11476.5	
5251.46	11515.2	5276.02	11522.6	5247.7	11541.6	5251.85	11533.3	
437.227	281.582	471.155	267.608	414.079	378.449	429.924	276.286	
456.422	267.839	468.966	270.341	432.08	364.876	448.794	279.496	
481.239	242.75	477.81	291.233	456.269	340.965	462.07	270.149	
496.18	242.063	471.057	316.256	466.548	320.831	480.599	248.946	
504.676	259.929	457.255	334.479	465.303	299.458	486.993	262.901	
490.2	287.097	451.784	357.409	466.08	293.853	472.787	282.153	
465.919	324.313	451.629	386.579	467.726	308.945	466.743	311.561	
446.075	379.013	460.15	426.318	470.409	322.256	468.751	343.301	
462.583	482.632	474.304	517.124	482.272	358.898	486.728	388.973	
509.729	755.686	512.393	778.593	515.816	430.705	517.728	463.475	
639.699	1521.56	609.975	1545.16	614.788	577.528	600.482	611.311	
744.536	1203.46	730.341	1206.65	734.247	791.291	720.141	807.742	
866.88	1175.63	867.502	1178.73	868.951	1028.72	853.927	1032.74	
996.2	1311.65	1002.24	1323.57	992.353	1281.82	983.513	1266.92	
1070.03	1451.61	1083.56	1470.6	1061.9	1461.72	1051.02	1443.43	
1089.64	1534.07	1115.44	1559.39	1086.42	1560.77	1063.98	1543.68	
1100.34	1602.47	1100.99	1591.97	1082.2	1624.39	1071.91	1594.65	
1079.73	1636.06	1098.82	1629.63	1077.23	1647.92	1076.3	1632.82	
1070.45	1671.17	1095.58	1664.51	1066.3	1667.71	1082.69	1669.09	
1050.19	1704.32	1076.54	1685.68	1086.31	1693.48	1090.15	1712.07	
1074.48	1774.95	1091.23	1761.76	1098.48	1762.61	1106.19	1766.7	
1256.54	2188.5	1266.48	2165.97	1276.78	2169.42	1264.57	2165.23	
2342.98	4521.67	2351.7	4500.92	2355.09	4503.7	2336.91	4495.84	
4038.6	8255.3	4052.88	8245.22	4049.4	8237.78	4027.03	8233.14	
4829.91	10191.5	4841.02	10193.9	4838.77	10177	4814.62	10178.5	
4945.17	10807.6	4956.8	10811.6	4954.85	10791.9	4931.13	10795.3	
4961.82	10949.9	4971.5	10956.9	4969.45	10936.4	4954.46	10935.1	
4984.04	11003.1	4993.76	10990.2	4974.67	10982.1	4975.33	10982.3	
5037.67	11098.3	5038.52	11093.8	5026.79	11086.4	5023.75	11083.8	
5110.52	11336.9	5113.59	11335.2	5101	11337.4	5098.75	11333	
5152.48	11563.3	5153	11566.2	5141.13	11571.9	5142.95	11564.1	
5160.88	11638.9	5172.18	11637.7	5153.21	11646.1	5160.51	11639.8	
427.765	256.544	444.977	234.238	430.789	359.698	457.534	250.05	
453.446	242.991	463.905	245.555	445.271	347.413	445.517	260.884	
480.497	236.402	469.892	273.66	450.354	323.735	458.877	260.809	
494.589	230.401	466.306	306.739	451.955	296.556	458.795	258.443	
487.517	240.394	450.76	335.29	445.699	285.427	462.827	249.55	
475.381	265.995	436.479	353.678	439.361	270.202	460.16	268.319	
443.464	301.968	434.545	372.153	439.178	272.725	449.703	295.517	
418.655	345.794	425.256	392.04	440.305	281.964	443.681	317.339	
406.591	412.971	420.174	437.127	427.38	295.686	432.664	334.741	
431.626	572.009	426.101	575.018	434.734	335.864	432.198	371.866	
456.183	650.871	438.584	640.055	450.471	394.788	444.352	414.169	
497.371	764.638	481.815	754.771	494.666	477.641	484.936	492.517	
589.382	777.649	578.501	774.398	586.551	658.996	579.74	647.86	
746.951	966.349	740.919	980.299	740.339	945.2	733.622	924.948	
908.292	1243.33	920.245	1267.73	906.05	1263.06	890.713	1242.82	
1011.78	1462.78	1021.9	1469.33	1000.59	1487.23	989.578	1465.75	
1043.89	1580.34	1058.68	1577.42	1031.14	1598.17	1023.89	1579.98	
1047.94	1658.71	1059.33	1639.74	1037.8	1655.92	1038.9	1636.89	
1033.92	1697.23	1048.13	1676.85	1042.05	1680.12	1047.73	1678.14	
1034.58	1731.34	1046.3	1709.88	1042.96	1706.1	1050.59	1713.81	
1051.3	1789.48	1059.49	1756.83	1073.6	1760.25	1052.04	1761.1	
1184.3	2106.36	1196.16	2078.67	1203.7	2086.36	1186.35	2079.26	
1848.23	3601.84	1864.97	3578.94	1864.01	3584.24	1847	3576.07	
3277.05	6958.93	3287.91	6950.28	3287.36	6945.56	3267.49	6941.66	
4381.36	9815.08	4390.51	9817.51	4388.14	9803.48	4369.91	9802.58	
4787.58	10834.7	4797.67	10841	4795.22	10821.3	4775.3	10825	
4864.58	11025.1	4872.46	11024.6	4868.35	11005.4	4848.02	11013.2	
4898.41	11079.2	4893.78	11081.1	4889.95	11062.7	4884.18	11061.4	
4895.91	11235	4895.34	11229.7	4881.92	11222.1	4884.65	11221.3	
4921.77	11551.8	4924.05	11550.7	4908.41	11552.2	4910.62	11547.1	
5027.56	11675.5	5033.69	11674.5	5016.97	11680.8	5021.11	11673.7	
5054.93	11714.5	5061.91	11718.3	5045.44	11725.5	5045.95	11713.6	
434.144	234.682	450.451	210.619	478.911	335.035	447.788	254.903	
454.291	234.279	454.093	225.42	456.018	323.246	462.432	249.538	
475.431	229.071	466.258	256.981	455.082	303.762	457.326	251.106	
481.655	228.841	468.882	294.371	447.549	277.832	453.138	253.897	
483.32	234.827	450.957	327.092	433.084	255.312	443.654	258.438	
446.392	256.228	435.864	345.471	425.004	260.188	450.554	266.098	
431.447	294.199	422.751	356.655	418.582	253.548	450.27	288.594	
415.844	331.485	411.453	374.446	420.355	262.839	424.993	312.616	
405.925	389.93	407.008	398.134	421.679	280.272	411.388	333.074	
402.826	418.83	393.269	405.341	411.637	308.643	403.333	341.2	
403.258	429.88	393.851	413.059	410.775	344.214	403.609	369.982	
415.087	457.998	399.416	447.363	415.627	400.295	410.346	388.448	
448.574	519.086	424.9	529.09	442.467	473.178	439.938	449.178	
527.45	630.422	511.528	649.348	520.574	636.039	518.496	609.355	
671.513	898.474	668.123	912.725	659.83	921.071	664.741	896.225	
828.687	1237.8	840.696	1244.2	820.008	1260.24	825.557	1239.14	
950.958	1524.59	967.223	1521.93	943.927	1532.59	949.86	1519.31	
995.454	1650.47	1003.04	1640.83	990.165	1648.36	997.685	1642.49	
1005.13	1718.81	1008.57	1693.63	1005.38	1712.22	1008.01	1696.71	
1010.83	1768.31	1006.57	1737.55	1011.74	1733.99	1000.34	1730.02	
1017.94	1822.98	1026.33	1788.42	1028.21	1795.15	1009.61	1790.82	
1080.45	1993.66	1097.49	1961.47	1098.85	1971.48	1076.78	1964.34	
1406.77	2804.31	1417.57	2783.24	1419.61	2790.29	1400.61	2780.1	
2463.99	5447.77	2469.85	5438	2470.47	5439.21	2452.54	5428.76	
4000.05	9319.67	4010.26	9322.56	4007	9312.29	3991.3	9310.69	
4630.81	10832.7	4637.79	10836	4633.22	10820	4619.74	10823.9	
4734.06	11094.9	4732	11099.3	4727.81	11081.9	4720.7	11085.8	
4732.28	11242.9	4730.27	11243.2	4723.74	11227.8	4720.07	11235.7	
4731.49	11390.4	4726.13	11390.4	4716.6	11379.9	4721.59	11384.5	
4748.06	11680.8	4750.14	11675.2	4731.68	11679.5	4738.64	11682.5	
4737.76	11939.3	4748.19	11939.1	4724.33	11949.4	4722.67	11940.1	
4742	12006.7	4754.28	12007.6	4729.57	12020.2	4725.8	12009.2	
449.99	232.069	447.631	206.462	490.404	292.445	462.272	238.812	
455.863	231.572	461.176	219.564	481.642	289.043	465.843	247.448	
463.298	229.955	470.826	241.897	459.194	274.908	462.539	249.069	
467.998	238.809	464.959	277.324	447.579	256.081	450.828	252.349	
455.105	253.343	454.891	301.564	431.786	245.875	453.147	264.146	
444.025	269.324	437.16	317.223	420.241	241.032	448.019	277.28	
419.886	294.958	424.946	329.644	412.383	253.14	440.28	295.397	
417.971	334.656	416.22	341.939	405.02	260.592	423.656	311.832	
413.321	358.99	402.602	349.878	409.194	278.432	400.225	324.921	
384.785	368.671	387.179	355.11	416.005	296.077	393.683	348.733	
384.431	377.192	381.525	368.413	405.449	334.821	390.448	347.994	
398.163	377.442	371.896	387.085	394.307	380.685	390.269	362.533	
401.848	400.775	373.434	418.734	392.963	426.087	392.93	397.425	
410.677	462.447	399.567	481.451	399.274	482.676	416.978	454.445	
462.869	599.393	463.738	611.397	453.431	620.464	475.173	593.388	
628.701	956.744	634.001	961.533	624.221	970	639.994	950.2	
824.992	1388.86	836.83	1387.94	828.318	1396.91	838.256	1386.97	
939.51	1649.41	957.823	1649.04	941.287	1660.24	951.488	1653.56	
975.646	1736.45	975.934	1729.98	967.886	1735.22	964.423	1725.84	
973.831	1791.2	969.693	1767.96	970.81	1785.81	956.404	1763.04	
963.817	1847.17	976.371	1816.92	968.43	1825.99	952.611	1812.88	
985.361	1949.52	993.143	1923.87	992.133	1932.71	970.885	1922.94	
1140.97	2393.99	1142.67	2374.72	1146.69	2385.64	1125.4	2368.7	
1964.58	4506.71	1974.47	4504.69	1974.62	4508.13	1955.42	4496.48	
3612.47	8579.73	3623.84	8584.94	3616.96	8578.17	3603.51	8578.56	
4316.23	10607.6	4318.21	10609.2	4312.56	10601.7	4310.89	10602.4	
4472.53	11303	4468.94	11308.9	4462.22	11298	4470.89	11297.3	
4480.32	11489.5	4472.45	11496.6	4462.46	11486.1	4477.64	11491.7	
4474.7	11660.9	4473.17	11653.2	4457.52	11646.7	4471.65	11664.3	
4497.66	11875.5	4500.3	11872.5	4480.97	11874.6	4484.61	11884.8	
4502.45	12144.7	4510.02	12143.5	4483.49	12161.9	4478.97	12164.2	
4540.78	12223.3	4559.04	12222.8	4527.57	12238.7	4520.57	12222.3	
470.591	231.77	447.3	220.692	509.161	250.225	484.414	232.355	
457.071	228.583	471.032	225.726	490.688	244.319	464.079	238.462	
459.055	240.183	474.329	240.686	470.127	237.143	467.629	245.419	
449.288	256.97	472.55	252.269	451.436	234.624	470.79	261.978	
446.934	279.796	459.763	265.093	438.829	231.368	455.156	269.907	
435.598	297.107	444.666	276.27	422.658	237.067	446.189	291.42	
433.01	311.668	432.233	286.014	413.086	246.602	427.004	306.567	
416.5	327.467	410.24	298.977	405.707	268.341	411.304	317.816	
399.017	334.49	396.925	314.309	401.858	277.974	399.184	332.816	
385.834	336.923	391.701	330.531	394.87	301.563	389.376	339.163	
377.188	333.24	377.491	354.838	392.905	331.47	383.77	350.948	
378.785	356.136	363.636	368.334	374.243	365.961	372.762	358.334	
371.378	373.141	353.792	392.481	355.576	399.011	368.128	376.899	
356.992	406.828	353.682	420.484	346.301	432.103	371.95	403.648	
370.398	481.129	369.266	489.241	367.826	495.34	388.414	468.339	
474.023	723.845	471.921	713.697	480.786	721.748	483.053	707.8	
737.401	1284.09	746.272	1286.52	741.147	1299.46	756.788	1289.57	
898.501	1655.13	913.845	1669.07	905.472	1680.68	915.461	1661.13	
922.544	1753.17	943.45	1767.15	933.66	1782.38	936.941	1753.88	
918.713	1813.78	932.78	1810.96	921.734	1825.6	920.064	1802.82	
905.693	1872.1	908.84	1862.85	909.888	1873.23	887.519	1858.83	
905.936	1951.44	900.582	1933.66	902.196	1946.73	883.493	1924.5	
990.387	2274.68	998.791	2272.58	1000.02	2280.64	977.349	2263.69	
1595.04	3845.17	1610.23	3853.14	1605.1	3854.35	1589.47	3848.46	
2812.61	6992.12	2822.31	7002.09	2813.94	6999.59	2808.09	7002.07	
4006.28	10349.7	4009.42	10351.9	3997.48	10355.3	4003.57	10355.4	
4298.04	11458.2	4298.8	11456.3	4289.62	11459.6	4304.47	11458.1	
4347.12	11611.9	4344.16	11615.8	4333.33	11607.7	4350	11607.6	
4264	11850.9	4265.33	11851	4247.97	11851.2	4259.02	11863.2	
4138.86	12268.7	4147.73	12267	4122.83	12271	4123.45	12293.4	
4207.49	12387.5	4220.45	12387.3	4192.79	12397.9	4185.87	12407.4	
4204.68	12488.8	4211.73	12490	4180.7	12516.3	4169.58	12516.9	
472.836	219.211	450.163	231.249	510.801	205.393	466.981	239.317	
463.171	236.092	466.042	244.008	503.139	202.739	473.039	225.487	
444.832	254.579	489.855	245.162	479.738	207.422	479.383	237.548	
448.57	281.34	494.594	240.986	455.745	211.423	483.371	257.717	
454.393	297.63	478.395	235.404	438.074	219.977	473.119	285.126	
453.289	312.653	453.505	233.814	428.81	231.222	445.284	301.376	
435.135	328.595	419.89	246.804	423.147	250.256	416.848	310.925	
413.98	324.944	403.647	265.068	411.493	266.279	395.123	322.358	
389.465	318.562	396.701	283.9	389.736	294.62	395.974	325.017	
386.293	299.055	381.794	315.325	377.318	310.917	392.847	336.832	
381.818	305.568	373.607	336.829	368.007	333.643	382.492	342.918	
361.018	334.037	358.477	369.119	354.942	349.654	362.576	349.077	
347.708	382.674	336.523	375.579	335.4	377.414	344.043	365.377	
330.627	401.336	322.683	403.391	321.899	410.243	336.318	386.128	
334.437	453.027	326.938	437.037	340.785	446.209	335.459	430.296	
407.96	628.139	407.291	617.221	415.342	632.09	418.506	614.559	
675.133	1195.07	678.99	1200.22	680.261	1212.32	692.805	1197.31	
859.404	1644.56	870.8	1671.57	868.197	1687.26	893.927	1666.53	
879.483	1764.18	905.412	1794.25	899.728	1816.15	924.115	1780.35	
871.754	1828.97	888.693	1838.81	885.402	1856.2	902.915	1835.8	
849.576	1899.75	859.541	1903.79	849.278	1911.21	849.075	1897.78	
813.921	1980.07	828.121	1995.29	828.893	2000.28	803.863	1983.95	
858.24	2202.89	873.744	2216.59	867.359	2218.96	852.402	2210.55	
1120.07	3005.13	1138.1	3025.84	1129.2	3024.1	1118.88	3029.66	
2294.1	5995.18	2305.62	6007.26	2295.51	6008.68	2292.27	6011.56	
3811.47	10169.6	3815.25	10171.9	3801.26	10179.1	3811.88	10179.5	
4217.9	11480.2	4223.29	11478.3	4204.28	11489.3	4217.07	11490.9	
4138.49	11797.5	4154.4	11783.8	4134.19	11800.1	4136.4	11813.2	
4092.07	11988.1	4106.7	11979.1	4084.04	11993.2	4084.3	12009.3	
3930.76	12374.2	3946.01	12369.2	3920.88	12381.5	3917.31	12403.4	
3792.19	12775.4	3802.95	12783.5	3775.26	12782.3	3769.63	12812.2	
3686.08	12868.8	3692.2	12878	3659.24	12890.2	3647.01	12913.1	
491.163	210.619	441.762	240.998	507.566	173.803	464.291	220.13	
456.25	234.731	470.593	241.032	503.87	183.192	477.267	233.977	
435.007	274.804	504.718	255.083	495.939	190.673	482.444	217.774	
445.597	293.329	507.409	241.491	456.169	200.849	493.115	256.786	
467.157	301.735	494.349	214.721	425.215	212.866	493.608	293.884	
465.179	321.313	452.976	214.261	443.006	228.77	449.223	307.311	
440.398	331.107	415.821	223.988	434.286	247.716	400.347	313.887	
400.785	334.982	398.375	240.785	410.539	271.973	395.681	310.571	
397.056	301.677	382.63	270.993	388.046	296.862	391.808	319.522	
391.611	276.593	376.773	292.35	369.936	331.048	395.119	333.938	
378.391	289.23	366.959	339.879	353.034	331.43	389.439	328.275	
358.383	333.543	353.033	354.308	338.209	349.68	361.279	344.851	
332.902	373.289	321.749	379.19	324.275	358.737	337.724	367.71	
322.484	425.666	304.891	378.848	326.698	383.54	301.984	386.371	
313.85	445.797	307.229	424.214	319.813	444.48	312.611	428.013	
380.76	581.328	378.015	569.06	388.331	584.887	388.442	566.922	
611.5	1097.33	615.694	1104.9	619.813	1119.63	634.695	1099.45	
818.932	1609.66	828.805	1641.53	828.141	1658.29	866.355	1639.92	
868.166	1761.51	863.76	1799.03	864.839	1815.7	919.124	1815.98	
853.567	1828.61	867.227	1855.49	846.719	1879.06	872.106	1860.22	
809.49	1913.45	834.477	1926.97	815.427	1935.46	831.796	1924.79	
757.12	2006.34	784.692	2029.63	765.752	2028.24	766.333	2024.57	
710.926	2142.34	735.39	2177.15	724.934	2170.85	714.008	2180.91	
961.963	2698.73	980.235	2721.99	970.663	2721.02	961.244	2726.27	
2078.56	5615.59	2090.87	5629.01	2079.34	5632.23	2077.93	5635.71	
3633.55	9883.13	3640.78	9885.28	3623.88	9894.24	3633.55	9896.38	
4008.85	11386.6	4026.15	11377.9	3995.07	11407.7	3997.75	11418.1	
3993.59	11926.3	4024.13	11907.1	3978.27	11959.7	3969.98	11980.9	
3884.99	12137.7	3921.65	12103.8	3896.7	12132.5	3878.21	12166.9	
3808.93	12447.1	3825.27	12441.4	3800.2	12455.1	3795.43	12480.5	
3503.05	12828.9	3504.41	12841	3472.92	12859.3	3472.58	12880.2	
3248.97	13260.9	3253.4	13272	3209.99	13287.4	3189.08	13317.5	