
932.276	
1065.11	
1179.72	
1265.04	
1330.14	
1386.69	
1438.18	
1492.71	
1560.23	
1646.86	
1811.52	
2213.09	
2905.8	
3387.68	
3717.69	
4013.28	
4243.56	
4473.56	
4643.15	
4784.26	
4938.67	
5054.99	
5159.78	
5262.17	
5369.37	
5519.76	
5648.09	
5721.96	
5785.55	
5854.1	
5910.81	
5952.39	
1053.96	
1097.92	
1200.22	
1276.44	
1338.5	
1395.01	
1445.92	
1502.52	
1567.88	
1657.9	
1841.4	
2274.85	
2941.92	
3395.31	
3744.11	
4045.67	
4267.61	
4494.94	
4652	
4782.96	
4937.98	
5064.14	
5171.16	
5280	
5389.19	
5538.5	
5665.49	
5746.21	
5823.04	
5899.61	
5971.05	
6013.81	
1152.95	
1176.63	
1220.12	
1294.35	
1350.22	
1404.97	
1459.06	
1515.87	
1587.18	
1684.09	
1893.61	
2380.64	
2957.2	
3429.93	
3801.85	
4087.18	
4313.73	
4503	
4667.17	
4799.29	
4939.72	
5072.63	
5196.01	
5304.06	
5428.33	
5565.17	
5690.35	
5805.16	
5906.65	
5986.13	
6048.93	
6083.82	
1230.28	
1245.78	
1271.26	
1312.31	
1367.21	
1420.77	
1475.59	
1533.54	
1605.72	
1731.67	
1989.7	
2467.79	
3024.81	
3491.42	
3859.13	
4132.47	
4368.02	
4545.97	
4682.12	
4821.2	
4958.54	
5088.83	
5217.61	
5343.16	
5483.19	
5620.17	
5744.69	
5893.34	
6026.19	
6101.21	
6134.59	
6157.77	
1287.77	
1304.26	
1322.97	
1353.44	
1394.09	
1447.31	
1504.34	
1559.96	
1638.02	
1784.73	
2082.14	
2592.32	
3149.48	
3554.26	
3896.37	
4182.64	
4421.64	
4592.12	
4724.04	
4849.75	
4984	
5113.67	
5246.35	
5396.76	
5559.83	
5702.36	
5847.06	
6015.95	
6126.98	
6184.31	
6209.77	
6226.69	
1347.22	
1358.01	
1379.44	
1406.92	
1446.24	
1494.28	
1545.71	
1609.02	
1694.6	
1849.89	
2188.29	
2745.63	
3271.26	
3652	
3969.63	
4240.64	
4466.63	
4640.5	
4770.18	
4897.55	
5013.04	
5152.49	
5299.52	
5476.31	
5663.93	
5826.71	
5993.16	
6136.84	
6220.99	
6256.23	
6277.57	
6291.38	
1415.28	
1426.94	
1444.62	
1469.3	
1506.15	
1554.78	
1608.06	
1671.72	
1777.46	
1974.79	
2359.7	
2936.73	
3417.55	
3784.88	
4071.59	
4325.59	
4534.63	
4690.84	
4828.61	
4944.26	
5068.81	
5205.92	
5383.81	
5583.32	
5802.52	
6005.43	
6153.58	
6262.41	
6323.51	
6356.51	
6373.89	
6385.07	
1495.3	
1506.42	
1515.65	
1539.69	
1570.01	
1621.93	
1690.19	
1781.33	
1924.53	
2214.94	
2682.06	
3159.64	
3598.35	
3968.49	
4210.19	
4422.3	
4605.7	
4751.27	
4884.43	
5013.56	
5136.69	
5298.98	
5510.06	
5728.99	
5956.29	
6185.56	
6329.64	
6419.87	
6487.82	
6518.96	
6534.27	
6536.42	
1578.15	
1587.02	
1605.93	
1624.15	
1663.25	
1714.68	
1804.31	
1955.38	
2225.65	
2645.79	
3084.46	
3484.49	
3822.72	
4104.15	
4340.27	
4514.95	
4689.41	
4821.76	
4944.37	
5086.26	
5269.8	
5441.37	
5662.21	
5931.04	
6156.94	
6359.29	
6522.2	
6618.6	
6669.75	
6699.63	
6707.65	
6710.8	
1675.08	
1692.22	
1722.26	
1770.54	
1827.64	
1920.95	
2044.31	
2292.28	
2679.69	
3078.64	
3474.31	
3758.18	
4012.97	
4246.16	
4450.6	
4619.49	
4761.72	
4901.07	
5029.69	
5213.33	
5432.4	
5699.1	
5916.22	
6153.44	
6406.17	
6579.61	
6714.36	
6779.31	
6818.66	
6842.31	
6858.36	
6874.87	
1858.03	
1878.61	
1937.99	
2036.02	
2142.23	
2310.51	
2578.55	
2837.68	
3128.71	
3451.57	
3706.89	
3951.89	
4146.4	
4360.21	
4564.89	
4725.27	
4858.18	
4998.54	
5179.74	
5411.86	
5694.18	
5966.37	
6244.53	
6471.17	
6669.49	
6830.04	
6907.18	
6948.43	
6977.06	
7018.6	
7045.47	
7071.98	
2259.17	
2292.15	
2384.25	
2509.71	
2673.58	
2849.81	
3095.52	
3298.53	
3500.42	
3704.87	
3912.07	
4078.98	
4282.01	
4479.7	
4665.54	
4839.44	
4996.99	
5186.3	
5431.03	
5712.67	
6003.13	
6285.35	
6536.63	
6745.16	
6941.04	
7066.22	
7130	
7159	
7170.39	
7187.58	
7221.19	
7239.61	
2899.24	
2892.09	
2930.7	
3059.31	
3207.39	
3327.65	
3429.91	
3581.36	
3742.88	
3923.88	
4081.99	
4264.86	
4433.5	
4607.24	
4800.93	
4972.1	
5198.27	
5464.98	
5750.4	
6056.05	
6347.93	
6616.9	
6837.07	
7027.83	
7147.13	
7258.17	
7303.41	
7318.17	
7325.48	
7327.41	
7337.18	
7348.98	
3428.93	
3419.38	
3432.91	
3483.63	
3559.13	
3615.69	
3682.62	
3811.54	
3979.27	
4145.86	
4317.46	
4469.33	
4615.44	
4781.93	
4949.93	
5181.6	
5421.22	
5745.18	
6088.62	
6370.29	
6633.93	
6896.18	
7125.39	
7258.63	
7344.72	
7381.88	
7421.82	
7445.84	
7462.04	
7472.92	
7468.99	
7477.64	
3782.81	
3831.41	
3858.23	
3845.37	
3828.04	
3858.19	
3930.31	
4049.46	
4244.24	
4405.52	
4550.1	
4682.46	
4816.87	
4954.03	
5176.07	
5407.74	
5708.17	
6012.85	
6356.62	
6657.59	
6887.81	
7124.2	
7294.62	
7402.47	
7469.22	
7520.33	
7560.41	
7597.08	
7629.44	
7645.6	
7655.53	
7649.22	
4048.96	
4085.34	
4117.83	
4129.92	
4126.64	
4152.41	
4211.93	
4328.99	
4468.65	
4609.16	
4721.32	
4853.83	
5001.35	
5201.57	
5414.41	
5711.24	
5986.99	
6306.06	
6618.45	
6908.06	
7164.19	
7334.22	
7455.99	
7533.82	
7610.56	
7679.27	
7733.33	
7785.8	
7823.04	
7855.57	
7865.84	
7860.6	
4249.05	
4274.71	
4297.95	
4339.6	
4403.21	
4441.71	
4487.39	
4560.5	
4667.54	
4770.62	
4873.04	
5006.48	
5214.33	
5455.55	
5733.4	
5997.08	
6314.96	
6590.44	
6881.96	
7175.04	
7384.27	
7515.5	
7624.28	
7718.66	
7794.75	
7856.23	
7912.08	
7962.79	
8003.16	
8042.29	
8065.19	
8069.73	
4396.43	
4437.35	
4471.78	
4511.56	
4557.93	
4605.5	
4653	
4723.34	
4815.89	
4912.1	
5023.18	
5202.52	
5472.46	
5757.12	
6038.71	
6329.36	
6609.08	
6903.32	
7165	
7386.04	
7560.27	
7685.77	
7768.89	
7862.58	
7936.89	
8020.84	
8082.72	
8132.46	
8176.6	
8208.01	
8234.04	
8246.9	
4530.96	
4556.64	
4584.49	
4622.49	
4661.13	
4712.06	
4767.88	
4849.44	
4950.68	
5041.49	
5182.29	
5427.87	
5748.63	
6068.68	
6342.88	
6617.06	
6902.55	
7177.77	
7387.66	
7570.91	
7721.03	
7831.48	
7902.63	
7969.31	
8060.07	
8151.14	
8250.12	
8307.8	
8356.55	
8381.42	
8401.97	
8411.58	
4651.95	
4656.35	
4676.44	
4703.17	
4761.96	
4826.98	
4896.19	
4976.73	
5079.6	
5217.61	
5388.52	
5676.75	
6034.93	
6356.07	
6632.86	
6892.12	
7158.5	
7378.31	
7557.86	
7728.14	
7870.2	
7960.05	
8033.57	
8109.36	
8214.58	
8313.18	
8396.46	
8458.36	
8496.49	
8547.02	
8572.87	
8590.1	
4783.02	
4787.79	
4804.3	
4838.79	
4877.27	
4931.09	
5023.22	
5115.6	
5250.6	
5418.81	
5674.27	
5959.65	
6310.14	
6669.82	
6917.53	
7167.32	
7386.16	
7544.07	
7702.08	
7871.17	
7993.9	
8097.63	
8198.51	
8302.65	
8397.9	
8486.97	
8540.01	
8595.27	
8639.48	
8695.58	
8745.22	
8763.51	
4939.94	
4956.86	
4964.57	
4990.58	
5034.11	
5079.92	
5149.27	
5294.83	
5447.24	
5694.75	
5962.22	
6287.13	
6591.13	
6899.96	
7195.9	
7379.69	
7537.33	
7692.98	
7837.04	
7985.27	
8123.4	
8248.17	
8368.4	
8465.92	
8555.47	
8634.95	
8719.79	
8764.34	
8808.4	
8832.63	
8874.62	
8901.75	
5096.8	
5106.45	
5132.9	
5154.18	
5208.69	
5298.66	
5375.09	
5494.94	
5699.72	
5954.01	
6263.72	
6567.56	
6842.06	
7111.53	
7345.44	
7512.9	
7658.55	
7797.94	
7935.9	
8085.24	
8254.11	
8402	
8503.93	
8592.65	
8700.03	
8799.63	
8884.53	
8940.88	
8972.69	
8993.1	
9012.89	
9052.59	
5263.08	
5262.6	
5288.5	
5343.34	
5413.84	
5508.35	
5606.82	
5730.7	
5961.48	
6224.3	
6507.06	
6761.31	
7047.94	
7267.44	
7458.14	
7617.75	
7748.09	
7885.65	
8017.87	
8179.45	
8371.83	
8513.36	
8616.15	
8729.21	
8858.85	
8991.69	
9061.52	
9138.2	
9189.69	
9235.76	
9258.87	
9266.66	
5421.74	
5450.37	
5471.98	
5520.66	
5592.12	
5685.76	
5807.55	
5968.18	
6186.95	
6458.17	
6683.26	
6929.62	
7164.73	
7391.16	
7547.81	
7715.41	
7846.77	
7951.63	
8105.47	
8296.27	
8468.95	
8606.53	
8744.37	
8884.8	
9029.7	
9185.06	
9313.29	
9375.11	
9431.26	
9495.47	
9550.91	
9568.15	
5558.17	
5595.54	
5636.48	
5676.97	
5730.85	
5822.3	
6001.07	
6189.05	
6384.01	
6611.36	
6832.2	
7033.48	
7272.96	
7458.81	
7644.45	
7797.7	
7922.73	
8041.68	
8201.44	
8398.44	
8567.55	
8727.76	
8889.45	
9079.63	
9244.47	
9393.1	
9548.45	
9693.23	
9760.28	
9797.35	
9845.49	
9928.55	
5674.14	
5697.81	
5738.05	
5777.66	
5864.23	
5991.44	
6149.73	
6340.6	
6540.84	
6723.17	
6913.91	
7133.82	
7335.48	
7532.65	
7702.74	
7867.13	
7994.71	
8126.66	
8303.88	
8480.35	
8671.61	
8869.66	
9062.83	
9262.58	
9441.71	
9599.84	
9795.39	
9968.66	
10178.2	
10273.1	
10319.8	
10351.2	
5751.14	
5781.26	
5819.15	
5891.73	
5981.04	
6137.4	
6290.19	
6459.97	
6640.84	
6793.32	
6961.28	
7192.57	
7394.92	
7571.78	
7745.37	
7912.54	
8071.09	
8205.93	
8362.68	
8541.87	
8759.95	
8994.17	
9216.8	
9406.14	
9579.54	
9798.86	
9987.95	
10220.8	
10416	
10670.9	
10815.5	
10907.6	
5815.23	
5856.34	
5920.9	
6008	
6096.43	
6207.41	
6387.45	
6569.12	
6711.77	
6833.59	
6996.24	
7229.71	
7432.91	
7598.9	
7778.95	
7947.62	
8121.63	
8272.76	
8400.95	
8572	
8814.09	
9084.46	
9312.61	
9477.42	
9688.68	
9942.92	
10138.2	
10358.5	
10675.7	
10891.4	
11093.4	
11211.5	
5891.79	
5946.52	
6022.77	
6094.73	
6167.23	
6263.47	
6441.07	
6632.3	
6746.28	
6845.18	
7042.95	
7270.3	
7452.77	
7622.46	
7802.2	
7981.73	
8156.7	
8312.12	
8430.97	
8594.29	
8834.49	
9137.21	
9369.67	
9540.47	
9770.36	
10011.4	
10238.1	
10452.1	
10768.4	
11190.5	
11386.7	
11513.7	
5972.02	
6030.25	
6087.22	
6151.12	
6214.77	
6305.44	
6476.81	
6665.78	
6755.97	
6853.7	
7069.99	
7298.35	
7461.93	
7640.44	
7830.75	
8005.93	
8176.77	
8345.46	
8473.38	
8599.78	
8844.36	
9153.51	
9390.67	
9612.71	
9844.72	
10032	
10292	
10524.5	
10815.6	
11391.3	
11871.4	
12063.6	
6032.89	
6083.29	
6129.7	
6182.57	
6244.42	
6335.01	
6504.33	
6673.44	
6765.3	
6869.91	
7078.99	
7298.56	
7474.2	
7652.75	
7849.27	
8016.3	
8192.31	
8368.13	
8501.43	
8638.7	
8841.4	
9127.35	
9409.5	
9657.83	
9873.24	
10068.9	
10310.2	
10578.5	
10885.5	
11490.7	
12154.1	
12775.2	