2048 3
8500.47	8206.1	8601.49	
8173.97	8451.26	8318.07	
8593.93	8332.43	8540.37	
8282.53	8559.09	8310.68	
8530.23	8163.82	8630.93	
8242.95	8581.2	8366.48	
8553.62	8397.8	8462.6	
8367.57	8602.92	8362.71	
8502.11	8369.43	8429.08	
8152.15	8456.44	8273.64	
8611.66	8248.72	8475.88	
8242.49	8532.95	8278.48	
8645.07	8328.75	8594.72	
8270.19	8594.36	8301.82	
8624.76	8331.05	8489.99	
8199.95	8631.63	8384.44	
8639.21	8270.38	8423.39	
8353.82	8567.68	8179.32	
8489.1	8385.83	8406.88	
8287.45	8417.65	8342.31	
8644.54	8176.32	8614.61	
8335.21	8536.82	8308.08	
8591.94	8273.74	8568.81	
8268.98	8411.7	8292.47	
8634.84	8169.17	8582.12	
8330.8	8586.51	8241.88	
8490.39	8229.91	8443.37	
8291.85	8621.9	8194.58	
8484.46	8344.63	8625.22	
8314.29	8573.54	8162.76	
8549.04	8237.55	8616.55	
8291.99	8632.87	8302.27	
8605.57	8230.82	8629.62	
8281.25	8455.83	8164.31	
8631.91	8364.96	8622.14	
8241.61	8509.87	8246.98	
8472.14	8205.38	8478.74	
8290.12	8458.4	8354.99	
8470.94	8262.77	8506	
8359.48	8628.58	8376.08	
8433.4	8278.02	8592	
8155.69	8635.63	8230.77	
8497.67	8214.43	8494.04	
8328.34	8459.94	8255.75	
8462.98	8363.78	8584.91	
8370.51	8600.24	8360.85	
8588.14	8383.24	8639.4	
8388.75	8532.27	8357.82	
8461.89	8202.43	8585.04	
8237.74	8643.73	8242.01	
8591.81	8378.51	8435.6	
8271.82	8421.43	8384.4	
8453.04	8286.52	8606.8	
8258.55	8590.77	8388.89	
8441.33	8151.88	8452.96	
8179.39	8433.24	8152.43	
8415.39	8184.24	8419.96	
8400.84	8632.64	8253.4	
8446.97	8361.09	8499.8	
8173.62	8606.8	8312.1	
8540	8257.02	8515.02	
8230.03	8426.79	8269.17	
8591.2	8325.8	8649.93	
8257.63	8621.28	8214.92	
8559.1	8393.02	8588.83	
8193.57	8633.22	8183.56	
8609.64	8157.02	8587.83	
8176.04	8647.78	8235.16	
8526.19	8360.88	8609.38	
8179.64	8421.13	8239.45	
8463.89	8244.51	8459.16	
8226.72	8481.09	8319.68	
8459.73	8383.34	8560.14	
8345.96	8564.66	8274.21	
8644.74	8331.87	8538.4	
8222.06	8430.2	8284.01	
8550.01	8165.8	8514.61	
8317.79	8613.8	8293.25	
8402.68	8315.64	8551.5	
8193.57	8460.35	8233.01	
8522.61	8281.39	8478.12	
8223.86	8447.52	8246.42	
8412.09	8298.38	8575.87	
8233.39	8561.29	8315.1	
8448.03	8249.6	8558.67	
8219.19	8483.97	8216.77	
8452.43	8171.65	8573.07	
8238.59	8466.19	8268.77	
8423.79	8336.75	8621.22	
8230.35	8425.31	8374.06	
8492.28	8257.7	8550.18	
8235.24	8474.07	8207.94	
8473.97	8319.47	8449.31	
8155.79	8402.77	8195.03	
8484.75	8354.83	8511	
8162.22	8631.61	8210.66	
8576.65	8371.59	8573.32	
8305.92	8595.45	8166.11	
8630.95	8186.4	8452.76	
8203.46	8538.89	8327.55	
8628.11	8174.47	8620.37	
8277.34	8545.93	8361.19	
8470.35	8185.73	8524.98	
8285.96	8614.11	8277.88	
8474.64	8356.77	8572.92	
8219.99	7876.52	8811.22	
7964.86	8752.47	8022.81	
8917.45	7897.24	8837.37	
7872.07	8927.44	7931.86	
8880.8	8074.73	8734.88	
7997.28	8752.79	8046.28	
8837.98	7925.5	8863.42	
8006.46	8809.78	7906.48	
8924.19	7859.89	8935.04	
8003.55	8871.1	7913.82	
8879.16	7864.54	8855.17	
8075.38	8816.11	7908.12	
8797.32	8032.2	8840.15	
7881.07	8741.24	7998.17	
8832.57	7893.71	8822.61	
7948.3	8754.52	7940.35	
8900.92	7923.26	8779.66	
8001.42	8715.79	7926.31	
8737.61	7875.77	8859.3	
7843.1	8766.18	8035.35	
8888.58	7870.42	8745.62	
8022	8949.71	7954.03	
8715.38	8018.73	8909.28	
7960.23	8745.71	7865.23	
8937.11	7937.48	8886.56	
8006.03	8759.73	7874.68	
8949.12	7855.11	8847.57	
8036.97	8788.98	7952.39	
8932.22	7989.16	8817.34	
7974.23	8813.24	7932.23	
8885.93	8063.93	8842.86	
7884.21	8809.57	7973.19	
8807.27	7990.8	8903.59	
8049.2	8944.48	7866.46	
8731.07	7884.16	8841.57	
7898.12	8755.31	7914.46	
8872.7	8061.32	8875.94	
8045.48	8797.22	7850.83	
8897.63	8036.32	8805.51	
8050.78	8884.96	7897	
8912.5	7994.86	8934.57	
8010.4	8766.44	8021.62	
8911.91	7942.05	8883.09	
7950.25	8904.25	7938.19	
8828.79	7880.43	8823.15	
7845.4	8866.95	7937.29	
8885.65	8026.1	8896.89	
8004.17	8823.92	8071.65	
8790.51	8044.2	8787.54	
7919.74	8800.53	7843.25	
8828.76	8052.73	8807.39	
8002.43	8832.37	7941.93	
8871.46	8021.47	8761.53	
8011.21	8923.78	7849.98	
8946.11	8013.18	8915.1	
7996.49	8786.93	7983.71	
8961.72	7843.18	8885.69	
7907.14	8798.16	8056.14	
8916.71	7927.09	8795.17	
8061.5	8798.68	7920.06	
8740.75	7888.32	8922.72	
7967.62	8754.76	8010.67	
8735.96	7889.53	8863.37	
8018.27	8744.77	7978.6	
8777.26	8074.87	8903.72	
8073.4	8824.14	8075.11	
8838.4	7979.89	8727.22	
8041.66	8758.47	7990.38	
8797.7	8090.58	8728.04	
7922.89	8743.42	7989.04	
8802.56	8031.58	8768.15	
8040.48	8896.31	7992.85	
8844.36	7883.49	8763.13	
8058.02	8743.75	8007.86	
8858.88	7994.75	8812.78	
8003.15	8827.36	7878.84	
8817.25	7849.99	8786.77	
7971.29	8753.85	7970.51	
8933.84	7964.2	8834.42	
7853.88	8758.41	7937.92	
8802.59	7954.78	8926.01	
7945.02	8900.24	7943.44	
8957.64	8021.15	8818.57	
8044.99	8816.33	7953.44	
8842.66	8090.54	8947.32	
7860.32	8801.81	7991.07	
8906.35	7896.7	8804.44	
8072.63	8777.52	7957.46	
8852.36	8054.4	8723.84	
8078.98	8737.23	8033.51	
8878.61	7975.94	8907.22	
7961.14	8724.55	7958.29	
8740.92	8083.57	8916.06	
7956.26	8766.95	8033.36	
8735.81	7906.15	8771.6	
8082.63	8879.04	7942.35	
8821.81	7980.36	8806.46	
7889.51	8842.51	7931.78	
8798.53	8070.88	8909.33	
7993.39	8745.64	7869.2	
8868.61	7891.5	8800.37	
7429.8	9352.99	7430.71	
9507.41	7421.84	9381.22	
7342.28	9517.4	7367.59	
9519.86	7512.55	9371.77	
7474.3	9300.33	7514.95	
9478.86	7393.62	9400.2	
7480.43	9362.38	7523.05	
9483.29	7354.85	9301.58	
7373.13	9297.27	7468.54	
9403.18	7349.87	9285.47	
7312.21	9305.71	7437.43	
9342.46	7512.76	9476.11	
7352.2	9480.34	7332.37	
9365.6	7325.69	9490.46	
7338.52	9285.4	7285.09	
9481.92	7311.62	9406.67	
7443.76	9293.32	7306.84	
9368.57	7299.27	9423.69	
7405.73	9412.98	7354.92	
9461.11	7509.72	9380.59	
7329.3	9513.45	7389.59	
9318.65	7469.97	9433.03	
7531.12	9513.21	7412.51	
9471.89	7447.07	9347.18	
7363.53	9299.79	7443.3	
9436.76	7294.17	9330.45	
7482.46	9347.45	7452.11	
9296.08	7359.86	9334.01	
7356.11	9319.78	7328.89	
9374.35	7294.99	9496.76	
7320.95	9461.09	7315.67	
9374.85	7296.14	9299.74	
7518	9508.12	7512.93	
9404.86	7345.87	9375.37	
7323.84	9375.98	7400.72	
9318.24	7513.14	9390.5	
7427.19	9339.78	7337.94	
9456.08	7440.02	9387.58	
7285.79	9289.25	7368.51	
9470.7	7412.28	9421.88	
7358.42	9352.15	7442.91	
9411.29	7348.88	9346.33	
7364.85	9468.5	7471.43	
9457.6	7452.52	9518.08	
7492.91	9309.02	7431.82	
9441.76	7448.62	9390.42	
7493.63	9459.57	7345.68	
9503.82	7410.22	9299.67	
7434.48	9389.37	7486.96	
9282.39	7465.81	9436.14	
7371.61	9511.15	7287.59	
9520.86	7403.44	9448.91	
7458.69	9317.09	7408.48	
9405.26	7301.19	9474.38	
7402.54	9291.28	7292.48	
9501.02	7342.84	9344.29	
7434.44	9498.91	7522.02	
9305.26	7323.15	9403.14	
7470.95	9327.75	7283.37	
9377.47	7465.74	9336.2	
7512.27	9498.03	7478.54	
9285.52	7307	9453.4	
7341.46	9319.69	7305.39	
9335.44	7350.93	9478.8	
7516.06	9331.91	7305.8	
9276.85	7492.95	9436.74	
7454.74	9408	7390.23	
9358.62	7362.62	9372	
7314.12	9501.81	7376.13	
9487.89	7446.6	9493.51	
7501.8	9376.51	7334.34	
9355.05	7413.85	9444.04	
7517.43	9330.08	7312.15	
9512.56	7410.36	9422.3	
7334.52	9408.96	7321.67	
9445.07	7390.07	9520.77	
7444.07	9490.57	7397.11	
9501.08	7476.69	9325.64	
7452.8	9294.57	7498.43	
9506.46	7293.42	9390.36	
7325.91	9290.16	7309.01	
9425.13	7430.67	9362.52	
7456.71	9387.27	7383.28	
9316.52	7426.05	9291.74	
7337.06	9324.82	7375.18	
9426.66	7306	9320.14	
7378.46	9335.31	7515.17	
9309.81	7489.49	9343.52	
7440.43	9393.09	7437.79	
9396.53	6866.2	9914.29	
6728.87	9893.27	6871.43	
10047.5	6757.49	10033.3	
6915.85	9871.18	6905.33	
10036.2	6888.18	10004	
6747.9	9860.14	6747.06	
9962.31	6789.08	10032.3	
6793.44	9917.84	6958.25	
10026.8	6848.23	9887.64	
6955.59	10046.7	6795.15	
9942	6882.63	9863.9	
6779.71	9913.75	6878.84	
9874.11	6924.75	9888.93	
6728.61	9934.65	6875.9	
9891.31	6915.11	10011.2	
6740.69	9862.25	6764.68	
10037.5	6811.45	9971.49	
6816.18	9920.37	6746.67	
10000.8	6938.86	9930.35	
6747.54	9880.8	6908.93	
9982.56	6813.2	9983.69	
6789.55	9932.34	6738.56	
9856.87	6829.55	9861.94	
6890.21	9967.09	6839.41	
10009.1	6777.61	10020.7	
6865.68	10007	6753.02	
9894.89	6841.54	9960.79	
6769.62	9867.54	6754.85	
10009	6767.65	10081.5	
6946.69	10010.1	6923.66	
9919.63	6893.38	10038.4	
6732.68	9842.32	6915.27	
10054	6936.82	10030.4	
6970.05	9948.22	6888.48	
9965.79	6928.64	9859.17	
6899.48	9980.94	6769.87	
9872.76	6760.18	9913.84	
6802.46	9995.45	6854.63	
9967.94	6881.59	9902.98	
6836.52	9946.97	6722.96	
10015.1	6769.41	9908.91	
6832.53	10023.2	6884.77	
10027.5	6808.83	9953.66	
6828.1	9996.37	6734.12	
10058.7	6923.84	9862.5	
6968.16	9951.94	6792.57	
10037.2	6811.31	9972.5	
6934.95	9911.48	6918.05	
9985.68	6756.59	9975.61	
6747.35	9932.15	6963.42	
10054.9	6938.77	10042.4	
6922.15	10004	6820.42	
9968.33	6854.59	9896	
6964.01	9842.56	6743.63	
10077.1	6734.77	9857.78	
6946.38	10072.3	6826.29	
10036.3	6776.46	9887.65	
6877.2	10063.8	6836.87	
9980.01	6836.49	9931.79	
6930.38	9941.42	6772.06	
9881.45	6889.64	10064.4	
6962.14	9963.46	6817.63	
9992.69	6954.21	9853.04	
6747.31	9857.03	6940.4	
10034.3	6951.85	9850.08	
6743.92	9877.02	6963.6	
9955.05	6722.68	10035.2	
6793.3	9925.37	6786.97	
9895.08	6730.63	9901.8	
6809.13	9864.25	6792.79	
9944.07	6890.32	9842.82	
6877.52	9922.8	6829.72	
10080.1	6970.51	9991.32	
6392.73	10617.6	6227.53	
10442.1	6234.14	10595.9	
6343.8	10547.2	6163.12	
10467.9	6383.75	10639.5	
6382.96	10598.2	6321.18	
10605.3	6392.72	10473.5	
6378.89	10573.4	6298.31	
10603.6	6368.53	10586.6	
6189.6	10529.2	6376.57	
10505.9	6276.69	10428.2	
6388.75	10545.7	6400.4	
10598.8	6208.3	10580.6	
6251.42	10413	6318.35	
10550.6	6315.25	10513	
6256.08	10516.9	6334.9	
10637.9	6323.89	10487.5	
6334.8	10512.3	6385.21	
10582	6330.21	10461.4	
6277.47	10445.3	6205.54	
10561.1	6244.88	10482.9	
6206.88	10581.5	6167.52	
10607.8	6265.79	10589.3	
6257.7	10447.9	6193.79	
10639.1	6197.61	10456.1	
6294.01	10511.4	6223.12	
10586.2	6296.81	10418.1	
6372.4	10583.5	6265.67	
10457.5	6280.59	10619.3	
6277.24	10407.1	6381.56	
10482.4	6227.98	10588.7	
6230.88	10530.3	6275.94	
10566.7	6308.01	10423.4	
6290.09	10399.4	6324.82	
10481.2	6407.62	10442.7	
6258.79	10513.5	6241.99	
10483.2	6346.42	10426.3	
6294.8	10496.3	6186.28	
10404.7	6242.31	10498.3	
6172.22	10445.6	6290.81	
10411.4	6268.2	10446.3	
6196.09	10466.1	6219.52	
10493.1	6163.35	10437.6	
6279.64	10511.7	6359.11	
10610.7	6203.19	10448.4	
6392.75	10503.2	6234.23	
10580.4	6209.77	10634.5	
6189.42	10460.6	6315.35	
10589.4	6330.92	10407.5	
6358.44	10462	6343.09	
10565.9	6322.79	10603.8	
6183.91	10446.3	6376.24	
10561.7	6256.78	10425.5	
6196.83	10428.7	6258.89	
10409.2	6406.74	10503.1	
6338.53	10415.6	5629.8	
11202.5	5639.98	11125.6	
5609.16	11135.7	5610.01	
11040.6	5720.97	11024.2	
5748.05	11135.7	5709.94	
11124	5744.53	11182.4	
5718.3	11036.7	5817.47	
11120.6	5847.74	11140.9	
5649.99	11170.6	5626.53	
11056.3	5616.37	11181.9	
5636.82	11010.2	5848.64	
11138.4	5793.53	11166.4	
5742.31	11002.3	5704.14	
11052.7	5713.33	10979.9	
5679.37	11193.6	5640.64	
11015.7	5688.64	11019.8	
5808.16	10998.1	5699.73	
11029.4	5637.59	11107.5	
5835.99	11117.4	5728.16	
11192.5	5832.58	11060.5	
5631.92	11185.6	5685.54	
11174.5	5682.28	11175.9	
5665.42	10980.4	5828.01	
11035.4	5723.16	11113.7	
5740.91	11002.5	5698.97	
11023.5	5738.09	11017.4	
5712.97	11108.8	5740.8	
10992.3	5618.12	11026.6	
5656.42	11200.9	5612.22	
11020.4	5612.88	10960.2	
5675.34	11160.2	5610.46	
11044.1	5671.6	11112.3	
5786.2	11068	5663.57	
11040.8	5652.82	11018.3	
5601.8	11011.3	5735.51	
11104.2	5721.53	11181.4	
5634.64	10970.5	5716.09	
11029.6	5793.45	11070.8	
5700.08	10955.1	5174.44	
11652.8	5220.57	11617.7	
5143.23	11759.1	5228.36	
11651.3	5203.04	11755	
5242.66	11665.8	5183.22	
11748.8	5049.7	11569	
5239.2	11753.5	5176.02	
11680.3	5148.53	11757.5	
5144.56	11621.8	5278.3	
11544.4	5104.85	11583.2	
5141.11	11600.1	5217.88	
11529.3	5063.48	11656.4	
5169.36	11638.2	5150.86	
11697.2	5276.9	11741	
5114.18	11575.3	5159.64	
11547.5	5242.29	11635.5	
5199.94	11613.4	5177.35	
11718.9	5272.7	11519	
5090.01	11677.6	5175.54	
11726.6	5094.41	11564.5	
5256.57	11609.4	5151.82	
11620.4	5177.68	11629.6	
5289.51	11747.8	5048.64	
11654.5	5121.39	11519.3	
5170.89	11609.3	5221.72	
11514.4	4599.46	12191	
4606.37	12295.5	4511.99	
12311.2	4551.98	12310.2	
4486.22	12202.9	4578.57	
12183.1	4636.93	12171.9	
4568.77	12201.4	4535.12	
12124.3	4494.55	12132.1	
4562.53	12310.8	4686.46	
12233.7	4601.05	12287	
4563.33	12072.9	4670.04	
12309.8	4729.09	12265.3	
4625.68	12199.3	4565.77	
12147.1	4616.05	12167	
4669.23	12182.5	4506.61	
12286.9	4510.9	12141.2	
4107.53	12765.2	3973.78	
12642.1	3987.01	12816.4	
4102.32	12735.2	3999.27	
12746	4157.58	12684.4	
4093.5	12813.8	4119.12	
12771.2	4002.83	12686.5	
4090.03	12656.3	3990.67	
12879	4073.17	12678	
3520.42	13352.5	3455.86	
13257.7	3487.09	13318	
3477.57	13380	3603.42	
13273.3	3414.52	13384.2	
3036.8	13767.9	3007.1	
13938.6	2922.74	13810	
2253.5	14518.5	2252.71	
14352	1836.77	15029.2	
1277.84	15607.9	630.91	
16016.2	3402.32	2997.01	
3418.39	3115.63	3206.57	
3004.8	3369.18	3026.9	
3220.49	3176.3	3324.25	
2968.27	3235.94	2975.42	
3376.39	3137.33	3339.54	
3167.53	3343.26	3075.77	
3203.95	2970.48	3294.92	
2943.27	3294.4	2969.4	
3322.79	2988.52	3209.86	
3058.3	3199.44	3175.54	
3232.4	3169.89	3246.55	
3098.74	3363.03	3171.99	
3412.07	2954.2	3189.43	
3051.39	3365.25	3112.35	
3260.91	3046.08	3288.04	
2937.27	3324.11	3156.41	
3274.68	3009.65	3410.83	
2968.12	3334.79	3082.49	
3350.2	3130.13	3216.71	
2977.66	3349.28	3121.57	
3384.52	2956.04	3246.26	
3156.65	3232.94	3178.43	
3209.08	3142.71	3405.09	
3139.21	3343.62	3017.38	
3286.17	2933.19	3224.26	
2963.51	3417.26	2989.34	
3417.8	3095.78	3288.73	
2959.09	3223.82	3164.2	
3246.14	2963.7	3243.39	
3074.87	3346.36	2945.05	
3341.28	3056.84	3386.63	
2950.18	3324.23	3168.15	
3409.11	3004.4	3226.87	
2973.52	3394.11	2967.23	
3296.82	3107.45	3387.3	
3016.64	3216.76	2983.17	
3281.74	3153.16	3208.77	
2967.25	3425.47	3105.13	
3406.27	3116.11	3218.89	
3138.07	3346.75	2972.48	
3204.6	3099.69	3258.4	
2946.49	3237.85	2955.09	
3423.09	3140.76	3328.23	
3137.77	3423.44	3065.38	
3182.72	3067.46	3364.9	
2967.71	3203.63	2956.06	
3336.85	3052.35	3428.5	
2992.1	3268.12	2933.75	
3190.49	3113.34	3237.87	
3128.35	3286.32	2953.11	
3186.9	3046.8	3234.92	
3092.42	3294.43	3064.95	
3240.22	3070.2	3332.01	
2969.27	3329.75	3032.27	
3253.07	3025.26	3187.99	
3169.76	3294.76	3146.1	
3411.9	3156.12	3339.27	
2947.31	3389.5	2930.34	
3406.66	2957.73	3244.05	
3143.19	3201.64	3007.35	
3191.42	3149.18	3233.57	
3111.37	3296.12	3009.72	
3361.4	3001.38	3207.79	
3094.31	3317.07	3000.18	
3411.15	2967.59	3262.29	
2938.58	3400.38	2980.68	
3203.04	2975.44	3400.92	
2995.41	3364.97	2997.3	
3361.97	3016.09	3332.69	
2931.7	3378.44	3003.39	
3348.67	2967.86	3385.16	
2955.49	3208.49	3106.44	
3322.51	2967.83	3179.9	
3007.42	3225.58	3040.76	
3280.13	3150.99	3279.37	
2995.31	3198.15	3107.97	
3311.73	3136.54	3204.31	
3075.06	3405.77	2968.45	
3215.36	3019.98	3303.18	
2989.67	3336.04	3106.1	
3294.67	3103.01	3213.76	
3107.9	3229.22	3115.47	
3323.38	2985.99	3204.42	
3034.45	3294.32	3107.72	
3212.52	2963.28	3279.01	
3045.83	3329.13	3060.57	
3383.92	3146.85	3340.62	
2949.49	3315.8	3041.33	
3369.78	3006.56	3226.41	
3114.76	3291.5	2975.26	
3316.86	2951.56	3209.45	
3007.1	3228.26	3099.05	
3415.15	2986.08	3202.69	
3168.15	3267.2	3040.72	
3261.85	3058.01	3283.73	
2996.87	3183.88	3174.86	
3230.29	2969.92	3216.01	
2966.82	3368.31	3005.91	
3279.57	3049.63	3275.25	
3031.74	3373.33	2970.97	
3280.72	3097.52	3365.19	
3047.55	3183.1	2944.27	
3391.12	2939.47	3357.37	
2943.91	3180.1	3163.15	
3303.09	3095.77	3104.61	
3162.85	2983.14	3249.24	
3200.01	3324.3	3068.56	
3371.71	2996.61	3350.85	
3160.1	3261.54	3137.24	
3352.37	2994.44	3277.15	
3214.38	3262.56	3163.05	
3208.16	2977.61	3191.57	
3135.29	3168.99	3156.68	
3295.05	3174.82	3200.93	
3079.51	3309.81	2991.02	
3141.65	3027.01	3351.61	
3108.78	3348.75	3073.76	
3148.43	3029.21	3255.4	
3000.39	3386.46	2982.73	
3188.14	3010.85	3348.6	
3034.38	3350.55	3138.51	
3378.34	3190.97	3209.65	
3179.75	3249.51	3121.03	
3239.33	3205.11	3279.92	
3059.4	3291.15	3159.94	
3275.35	3066.86	3388.82	
3122.71	3150.13	3012.1	
3379.29	3201.11	3284.46	
3114.98	3374.27	3078.75	
3228.06	3187.26	3236.18	
3173.01	3354.13	3162.95	
3264.25	3017.2	3221.85	
3025.78	3378.82	3028.31	
3178.96	3131.52	3342.36	
3040.79	3384.85	3116.16	
3375.04	3089.47	3142.75	
2985.81	3363.58	3206.8	
3327.87	3006.79	3167.86	
3137.34	3204	3207.54	
3359.69	3067.61	3180.97	
3153.81	3335.15	3214.57	
3259.01	3150.28	3344	
3018.8	3149.72	3026.85	
3278.66	3170.99	3167.41	
3128.65	3363.99	3197.41	
3330.96	3010.63	3288.89	
3025.97	3329.33	3097.2	
3343.01	3092.47	3221.78	
2988.8	3345.97	3073.9	
3379.42	3044.02	3184.26	
3189.28	3377.95	2980.26	
3171.92	3112.71	3195.24	
2983.75	3194.26	3154.71	
3315.17	3026.75	3250.07	
3017.09	3170.36	3135.61	
3361.27	2998.35	3179.53	
3099.51	3301.45	2990.81	
3379.06	3105.21	3242.49	
3148.84	3231.76	3161.21	
3353.04	3138.49	3370.55	
3212.37	3248	3001.18	
3383.14	3079.76	3211.88	
3171.29	3262.26	3093.53	
3249.77	3172.24	3205.49	
2999.83	3386.44	3123.82	
3190.33	3001.96	3203.61	
3129.81	3224.3	2994.61	
3205.15	3146.31	3225.95	
3052.02	3280.62	3041.97	
3362.54	3116.01	3145.32	
3016.58	3247.39	3106.36	
3308.01	3119.14	3389.66	
2979.77	3285.35	3097.75	
3252.47	3214.56	3305.78	
3041.71	3361.38	3057.44	
3160.24	3197.96	3266.37	
3135.82	3248.01	3009	
3195.34	3046.51	3170.46	
3078.39	3227.24	3048.59	
3205.42	3159.89	3161.17	
3148.93	3149.3	3091.11	
3320.48	3042.36	3365.52	
3039.53	3303.64	3098.81	
3188.49	3193.56	3262.41	
3005.39	3340.49	3125.88	
3262.93	2998.94	3251.94	
2970.37	3191.01	2999.73	
3346.41	3113.32	3279.53	
2982.81	3384.06	2992.9	
3294.37	3160.19	3172.98	
3044.13	3266.65	3177.39	
3190.52	3162.54	3356.02	
3193.63	3373.7	3090.01	
3283.34	3187.47	3292.19	
3203.92	3382.9	3116.98	
3245.97	3103.83	3209.85	
3001.76	3251.57	3098.81	
3324.29	3151.69	3363.64	
3145.85	3191.27	3001.96	
3187.02	3014.03	3163.62	
3139.67	3267.61	3069.39	
3258.71	3041.54	3343.84	
3134.94	3340.61	3032.13	
3350.82	3125.72	3356.17	
3106.66	3246.12	3010.6	
3352.13	2795.62	3423.29	
2975.74	3528.39	2824.81	
3501.22	2897	3599.27	
2884.81	3532.93	2959.13	
3439	2779.72	3602.61	
2897.04	3406.38	2879.45	
3359.34	2834.58	3404.79	
2796.5	3356.25	3004.28	
3497.15	2792.6	3445.77	
2896.35	3426.51	2807.77	
3418.82	2971.04	3510.42	
2869.51	3417.04	2922.81	
3419.5	2793.36	3544.02	
2942.85	3435.66	2884.68	
3461.84	2836.96	3449.42	
2897.17	3379.82	2855.81	
3587.21	2972.46	3423.43	
2969.63	3594.87	2931.94	
3389.92	2869.6	3389.28	
2875.93	3597.87	2895.83	
3430.12	2944.93	3496.96	
2771.08	3549.38	2797.62	
3419.93	2992.74	3522.85	
2997.67	3428.24	3003.11	
3481.48	2821.54	3523.75	
2780.72	3395.12	2808.04	
3477.29	2979.3	3583.32	
2810.9	3414.9	2783.43	
3370.99	2906.8	3460.78	
2951.35	3581.09	2902.97	
3516.65	2950.41	3515.92	
2948.01	3392.33	2896.32	
3368.19	2899.35	3474.77	
2820.58	3466.8	2808.61	
3540.13	2763.34	3483.67	
2897.74	3569.76	2832.84	
3408.04	2914.57	3551.69	
2970.26	3388.36	2995.04	
3360.12	2952.27	3461.98	
2890.71	3460.2	2918.55	
3570.14	2984.77	3494.86	
2875.56	3431.04	2824.43	
3591.94	2912.39	3390.04	
2894.91	3380.85	2854.78	
3410.29	2790.64	3495.7	
2817.66	3425.44	2896.16	
3463.33	2878.15	3553.1	
2946.61	3515.41	2770.17	
3422.18	2836.08	3391.38	
2827.46	3387.03	2860.04	
3367.81	3004.45	3519.01	
2848.94	3483.81	2761.57	
3440.45	2885.87	3439.87	
2881.13	3583.04	2890.9	
3377.92	2968.29	3432.28	
2838	3577.88	2853.91	
3379.66	2920.42	3381.77	
2778.86	3496.8	2814.44	
3564.8	2792.64	3463.31	
2755.44	3493.72	2861.29	
3498.34	2850.08	3498.08	
2944.26	3414.79	2979.73	
3407.99	2856.38	3498.22	
2863.76	3376.32	2880.36	
3359.16	2957.39	3515.18	
2920.19	3568.43	2868.57	
3589.73	2763.53	3574.84	
2990.12	3571.44	2889.98	
3559.26	2825.39	3431.2	
2939.05	3532.99	2786.7	
3563.49	2930.29	3477.04	
2900.05	3489.27	2819.79	
3484.05	2814.36	3437.66	
2979.35	3435.7	2897.64	
3504.12	2916.76	3508.79	
2942.33	3526.87	2884.39	
3552.93	2845.02	3465.9	
2833.86	3528.68	2924.28	
3389.98	2873.68	3364.15	
2890.44	3551.09	2814.47	
3436.68	2847.04	3369.06	
2797.9	3366.74	2853.29	
3496.14	2860.84	3446.17	
2777.82	3523.64	2829.75	
3438.36	2933.86	3367.31	
2764.46	3487.63	2817.44	
3464.97	2921.06	3451.36	
2780.75	3358.91	2981.58	
3408.79	2962.73	3508.56	
2938.67	3510.65	2690.01	
3572.63	2552.33	3576.77	
2769.93	3763.59	2768.11	
3740.6	2701.89	3734.87	
2774.85	3634.11	2703.11	
3759.23	2639.15	3726.85	
2585.08	3710.21	2747.14	
3711.3	2786.44	3695.62	
2548.96	3796.63	2657.09	
3583.28	2756.19	3744	
2619.78	3668.96	2706.97	
3592.08	2681.98	3642.57	
2754.72	3699.95	2767.41	
3629.04	2733.01	3682.58	
2559.66	3644.01	2606.88	
3639.11	2770.33	3655.85	
2557.61	3796.46	2557.51	
3597.13	2665.81	3807.92	
2630.82	3687.11	2569.01	
3613.96	2653.19	3576.67	
2565.61	3628.91	2677.94	
3629.3	2702.59	3791.94	
2651.7	3694.56	2681.67	
3732.77	2599.97	3737.19	
2758.22	3742.24	2792.37	
3786.77	2792.22	3589.17	
2730.95	3802.05	2787.93	
3613.42	2774.4	3698.13	
2752.23	3746.66	2788.33	
3580.63	2562.95	3710.36	
2766.27	3773.31	2584.31	
3707.66	2770.96	3614.98	
2673.96	3729.21	2614.03	
3796.24	2711.59	3687.87	
2640.14	3682.06	2743.45	
3719.36	2704.74	3616.2	
2615.04	3716.18	2755.32	
3748.9	2593.97	3622.16	
2726.53	3805.67	2554.76	
3637.01	2787.26	3784.16	
2576.2	3598.34	2616.09	
3741.36	2617.57	3764.82	
2567.23	3610.34	2679.53	
3720.62	2766.99	3760.75	
2765.08	3744.74	2730.76	
3643.34	2709.47	3716.38	
2664.02	3577.36	2741.01	
3732.53	2597.3	3566.9	
2568.88	3578.04	2551	
3778.24	2708.52	3813.61	
2611.17	3617.15	2761.62	
3674.61	2565.06	3772.69	
2734.13	3769.59	2790.54	
3738.21	2683.37	3594.34	
2674.61	3703.43	2584.49	
3746.5	2576.8	3607.91	
2710.69	3661.05	2738.3	
3700.18	2779.99	3566.28	
2656.49	3803	2779.26	
3694.38	2592.33	3664.09	
2665.58	3698.37	2642.33	
3724.68	2550.58	3694.48	
2676.21	3617.16	2709.5	
3685.12	2568.21	3759	
2644.11	3659.05	2711.14	
3673.27	2768.01	3613.93	
2642.39	3673.18	2648.59	
3771.19	2550.21	3723.29	
2586.11	3695.17	2647.27	
3786.51	2784.02	3662.27	
2722.97	3702.27	2562.93	
3786.57	2746.62	3788.37	
2692.51	3729.05	2768.05	
3749.86	2547.45	3777.57	
2452.76	3960.32	2486.95	
3987.98	2539.98	3896.92	
2571.66	3969.5	2353.48	
3931.62	2432.88	3998.18	
2518.65	3882.89	2480.22	
3985.95	2504.17	3887.63	
2525.35	3924.73	2333.66	
3813.59	2462.26	3821.59	
2571.61	3997.1	2372.93	
3812.22	2426.61	4019.55	
2545.73	3810.56	2405.65	
3907.25	2336.99	3994.29	
2581.36	3781.28	2421.72	
4005.09	2422.62	3835.32	
2382.24	3998.66	2417.31	
3827.46	2400.92	4018.44	
2420.42	4013.65	2442.34	
3935.84	2558.27	3785.32	
2378.09	3810.04	2353.1	
3938.91	2513.26	3910.22	
2427.06	3880.93	2414.75	
3857.22	2347.34	3938.19	
2534.01	4011.23	2416.05	
3984.19	2369.2	3851.26	
2566	3938.48	2535.61	
3956.61	2369.57	4003.4	
2410.47	3899.93	2368.46	
3837.12	2549.75	4013.19	
2513.08	4012.09	2562.28	
3823.74	2434.52	3864.38	
2401.56	3828.35	2390.2	
3873.62	2449.96	3952.38	
2573.71	3955.96	2421.91	
3950.16	2445.37	3898.81	
2334.1	3928.55	2548.22	
3820.22	2500.36	4022.13	
2561.9	3779.1	2463.46	
4009.57	2519.3	3926.71	
2362.76	3907.54	2446.72	
4014.88	2404.24	3808.68	
2506.26	3884.13	2498.49	
3793.46	2377.77	3991.48	
2389.68	3988.44	2438.08	
3878.33	2446.92	3806.48	
2358.38	3908.91	2400.49	
3783.32	2406.39	3789.08	
2580.07	3971.64	2567.34	
3896.39	2404.31	3853.28	
2562.42	3922.85	2374.7	
3930.79	2447.79	3910.99	
2396.05	3985.87	2340.4	
3795.39	2356.18	3971.74	
2348.65	3944.06	2425.33	
3903.2	2563.13	3817.67	
2213.89	4230.37	2196.98	
4075.54	2121.83	4086.55	
2270.9	4238.02	2327.32	
4101.68	2251.11	4208.29	
2180.56	4126.4	2254.38	
4134.66	2328.33	4237.75	
2339.87	4215.55	2161.89	
4009.65	2124.58	4171.85	
2154.13	4216.7	2269.61	
4110.46	2265.62	4107.18	
2207.38	3998.46	2259.92	
4073.61	2273.47	4096.22	
2187.31	4183.6	2263.23	
4213.34	2312.19	4213.64	
2175.84	4235.22	2257.42	
4047.76	2227.58	4142.22	
2311.96	4160.52	2239.7	
4004.12	2177.31	4113.69	
2171.5	4146.54	2267.08	
4036.87	2340.47	4195.27	
2203.42	4180.12	2153.73	
4014.63	2343.74	4050.77	
2236.62	4196.93	2363.09	
4228.13	2187.19	4052.69	
2155.69	4114.94	2309.55	
4064.86	2184.77	4190.84	
2140.39	4231.25	2246.11	
4097.89	2362.1	4054.56	
2135.89	4194.38	2146.37	
4075.01	2366.22	3991.13	
2327.18	4158.33	2176.21	
3997.06	2174.51	4208.03	
2299.64	4066.85	2192.51	
4065.24	2302.48	4098.27	
2229.53	4019.8	2134.25	
4188.89	2262.81	4158.95	
2217.73	4074.78	2207.27	
4014.13	2174.8	4158.61	
2066.83	4379.23	2032.53	
4264.77	2143.23	4329.22	
2091.57	4257.56	2109.92	
4210.2	2092.85	4443.55	
1929.24	4335.48	2087.07	
4356.22	1946.74	4338.42	
2142.98	4301.7	1989.25	
4450.74	2106.88	4225.92	
1987.77	4403.36	2046.77	
4282.93	1929.98	4256.4	
2155.93	4269.21	1923.79	
4327.56	2025.44	4449.01	
2152.64	4399.02	2102.85	
4253.47	1950.2	4320.32	
2112.4	4386.58	2153.61	
4316.55	2066.61	4415.67	
2154.44	4306.44	2092.05	
4372.34	2052.24	4317.1	
1961.16	4226.01	2088.96	
4258.09	2050.47	4247.09	
2044.92	4309.62	2043.12	
4297.31	1922.23	4447.47	
2063.1	4441.15	1962.93	
4350.08	2114.8	4352.89	
2139.01	4288.82	1858	
4435.35	1742.09	4591.41	
1708.4	4619.49	1911.57	
4465.58	1817.59	4552.22	
1776.74	4487.28	1781.18	
4650.32	1814.05	4434.37	
1912.01	4657.06	1815.42	
4560.9	1855.05	4528.37	
1801.05	4597.88	1839.9	
4502.04	1861.46	4561.33	
1704.49	4515.55	1709.26	
4491.59	1820.47	4602.72	
1938.36	4525.21	1799.15	
4454.15	1780.57	4437.33	
1765	4496.76	1846.76	
4507.89	1662.34	4855.22	
1617.15	4729.73	1509.09	
4871.5	1730.74	4689.94	
1621.5	4772.28	1733.55	
4842.68	1497.05	4709.06	
1617.36	4852.54	1546.75	
4727.45	1677.23	4686.86	
1691.19	4688.48	1559.3	
4813.73	1416.79	4926.15	
1308.36	4872.29	1348.45	
4898.96	1391.18	5081.33	
1479.13	5083.79	1422.25	
4853.9	1066.07	5151.08	
1227.53	5154.55	1059.95	
5131.04	1024.13	5497.07	
931.262	5450.63	671.753	
5576.06	631.328	5705.09	
296.499	5981.56	6794.14	
6407.85	6694.88	6563.11	
6646.68	6608.5	6781.52	
6433.37	6778.86	6480.9	
6791.94	6486.02	6687.53	
6493.05	6788.18	6432.69	
6692.61	6585.52	6835.39	
6407.57	6858.69	6418.88	
6693.76	6599.13	6634.9	
6427.54	6876.17	6403.48	
6674.89	6476.73	6780.24	
6432.79	6767.23	6426.69	
6655.92	6487.9	6866.62	
6464.37	6730.54	6506.34	
6706.54	6629.33	6659.45	
6507.74	6779.43	6454.19	
6711.38	6429.78	6862.11	
6605.04	6814.46	6431.01	
6877.89	6393.58	6871.67	
6389.02	6830.69	6403.97	
6859.31	6396.24	6771.11	
6512.25	6822.79	6613.47	
6712.87	6423.11	6800.44	
6572.33	6764.33	6620.84	
6823.15	6430.94	6651.64	
6419.21	6713.14	6470.74	
6778.41	6477.29	6751.29	
6511.29	6819.47	6586.06	
6709.51	6454.45	6672.17	
6570.63	6808.34	6398.96	
6677.21	6484.16	6856.62	
6453.49	6655.4	6472.41	
6834.85	6533.54	6756.29	
6516.52	6795.94	6631.18	
6764.46	6532.72	6839.69	
6485.72	6699.88	6598.98	
6695.35	6423.52	6825.53	
6455.17	6717	6506.8	
6860.58	6475.3	6690.56	
6619.06	6855.87	6402.91	
6883.79	6618.73	6764.74	
6411.4	6829.59	6481.67	
6768	6487.36	6636.6	
6627.52	6647.93	6469.27	
6643.1	6489.42	6649.82	
6419.02	6676.67	6552.12	
6883.81	6529.79	6676.17	
6442.46	6666.85	6508.64	
6702.54	6624.38	6667.86	
6508.71	6658.37	6628.07	
6740.19	6609.65	6655.01	
6396.88	6880.75	6417.21	
6773.26	6503.06	6747.24	
6491.96	6771.23	6506.64	
6690.58	6487.48	6655.75	
6561.41	6745.32	6569.39	
6788.28	6522.68	6802.63	
6437.35	6686.67	6432.33	
6705.81	6512.6	6845.1	
6528.13	6880.5	6398.34	
6745.6	6531.13	6643.82	
6501.2	6723.8	6627.24	
6733.41	6404.76	6771.51	
6421.16	6755.1	6609.07	
6724.01	6456.13	6805.26	
6522.05	6634.27	6601.23	
6810.38	6479.26	6777.91	
6538.8	6735.2	6437.24	
6680.68	6460.8	6701.97	
6626.02	6662.87	6569.34	
6877.45	6493.33	6801.34	
6630.55	6657.28	6626.68	
6644.02	6511.13	6870.38	
6486.28	6719.52	6526.34	
6806.46	6458.28	6669.34	
6540.09	6671.49	6598.2	
6760.5	6419.94	6824.35	
6613.41	6693.06	6592.26	
6851.17	6528.06	6848.75	
6598.67	6747.72	6390.19	
6733.79	6526.64	6768.29	
6616.68	6744.62	6476.24	
6658.45	6513.17	6664.44	
6622.98	6652.37	6517.85	
6752.49	6442.98	6675.69	
6479.98	6668.74	6554.63	
6823.63	6472.57	6677.23	
6503.82	6815.83	6531.51	
6805.72	6484.81	6842.23	
6497.34	6818.33	6561.85	
6764.28	6599.69	6813.31	
6619.24	6685.43	6593.87	
6806.33	6557.92	6794.77	
6431.04	6720.9	6454.67	
6702.92	6428.42	6754.15	
6523.2	6743.42	6478.92	
6823.97	6584.76	6700.32	
6400.61	6813.23	6385.66	
6719.69	6532.86	6781.34	
6589.89	6871.61	6552.14	
6750.06	6515.91	6749.98	
6588.43	6766.66	6466.4	
6719.5	6578.82	6877.49	
6387.54	6641.95	6553.42	
6809.6	6556.94	6669.98	
6588.06	6821.66	6488.42	
6392.57	6948.44	6386.38	
7058.92	6302.76	6952.21	
6207.23	6879.36	6416.75	
6913.23	6432.56	6863.45	
6436.44	6969.19	6272.45	
6965.4	6344.19	6862.7	
6220.02	6838.12	6210.29	
7054.31	6426.15	7049.57	
6294.08	6916.06	6295.29	
6937.75	6397.68	7034.86	
6225.64	6919.29	6360.78	
6847.53	6365.86	7046.01	
6294.34	6886.46	6418.7	
6998.46	6294.38	6858.29	
6232.16	6978.73	6266.59	
6954.93	6399.95	6848.77	
6276.44	6839.58	6407.18	
6972.82	6200.18	6876.22	
6321.68	6965.28	6301.79	
6842.58	6441.04	7010.07	
6216.64	7042.87	6414.7	
6882.14	6203.68	6928.99	
6415.93	6961.54	6278.63	
6874.92	6384.07	6886.54	
6360.86	6843.31	6228.81	
6832.1	6295.83	6830.79	
6413.2	6887.28	6423.7	
6889.17	6233.97	6835.67	
6328.69	6903.9	6293.12	
6829.07	6347.59	6975.39	
6254.93	6895.32	6325.82	
7039.92	6316.62	6930.06	
6375.17	6977	6202.48	
7055.75	6242.15	6872.99	
6401.78	6856.54	6377.77	
6828.96	6405.44	7035.95	
6434.33	6890.91	6420.84	
6851.52	6314	7054.74	
6406.88	7066.86	6385.43	
7009.54	6198.14	6976.52	
6359.14	7006.48	6222.23	
7024.59	6297.67	6920.7	
6389.42	7036.71	6196.37	
6867.65	6251.61	7021.03	
6353.43	7056.16	6216.5	
6978.35	6208.96	6837.61	
6329.77	7066.26	6365.56	
6958.94	6426.29	7029.99	
6330.39	6876.38	6247.22	
6993.73	6208.15	7014.19	
6373.82	6892.26	6323.4	
6863.5	6427.22	6838.48	
6309.87	6892.9	6218.88	
6953.31	6333.52	6989.06	
6369.74	7022.59	6298.85	
6873.31	6343.13	6951.73	
6383.16	7036.65	6326.08	
6960.83	6348.49	6957.18	
6353.25	7030.67	6260.51	
6859.08	6319.68	6990.88	
6220.8	7016.05	6210.93	
6915.35	6214.52	7071.39	
6340.24	6935.15	6379.77	
6900.42	6205.62	6996.25	
6204.59	6884.2	6325.23	
6956.11	6336.57	7041.19	
6436.23	6989.82	6266.24	
6947.24	6393.42	6844.82	
6439.65	6962.88	6218.58	
7009.39	6272.11	6921.29	
6343.8	6966.64	6406.73	
6904.81	6212.08	6838.29	
6367.86	6907.22	6320.63	
6961.91	6286.43	6933.3	
6385.91	6968.53	6276.57	
6998.41	6419.43	6846.4	
6304.47	6853.88	6257.84	
6888.84	6292.95	7058.29	
6360.4	6976.95	6322.9	
6880.57	6357.74	6864.54	
6292.21	7008.01	6262.89	
7010.61	6431.25	6984.57	
6245.17	6910.44	6202.28	
6893.75	6221.72	6970.84	
6267.02	6851.91	6404.7	
6915.95	6243.74	6885.41	
6331.72	6911.34	6354.77	
6869.99	6293.89	7061.82	
6415.8	7055.25	6305.3	
6970.85	6408.26	7046.52	
6258.68	7009.08	6289.55	
6937.97	6324.39	6988.75	
6421.53	6889.99	6194.88	
6835.74	6310.34	7042.94	
6287.5	6882.19	6199.22	
7017.35	6295.94	7016.59	
6441.31	6831.89	6416.15	
6913.47	6392.19	6999.51	
6368.78	6901.56	6289.32	
7035.47	6221.67	7011.98	
6262.09	6979.2	5880.75	
7350.18	5984.63	7504.41	
5755.14	7303.39	5949.68	
7509.52	5954.95	7449.53	
5791.61	7467.11	5762.35	
7468.73	5859.61	7401.26	
5858.76	7408.63	5860.92	
7434.64	5771.98	7456.43	
5909.93	7318.79	5986.09	
7510.31	5989.81	7501.8	
5821.79	7457.65	5863.07	
7314.74	5978.51	7419.58	
5967.19	7283.64	5813.37	
7350.42	5993.17	7498.97	
5986.39	7482.51	5820.26	
7268.55	5835.1	7337.41	
5866.53	7323.42	5790.3	
7289.83	5778.27	7455.01	
5790.07	7329.09	5762.53	
7491.13	5946.94	7514.94	
5793.41	7498.55	5813.74	
7360.8	5973.04	7475.04	
5755.96	7327.05	5777.66	
7447.96	5858.87	7496.45	
5839.41	7422.03	5807.38	
7357.62	5845.76	7374.81	
5841.31	7305	5838.1	
7385.68	5941.51	7400.91	
5945.64	7285.71	5806.34	
7309.11	5759.5	7514	
5962.29	7464.37	5773.78	
7491.25	5961.17	7270.46	
5820.04	7300.16	5938.83	
7419.58	5788.22	7469.59	
5870.3	7389.66	5894.71	
7339.61	5789.06	7276.82	
5821.92	7386.92	5954.52	
7357.26	5763.74	7371.26	
5778.17	7307.91	5879.37	
7432.78	5919.32	7378.41	
5839.55	7385.68	5943.55	
7403.95	5909.4	7362.56	
5861.93	7287.83	5873.62	
7466.53	5828.92	7355.45	
5850.21	7318.06	5791.23	
7272.36	5878.67	7437	
5987.15	7316.69	5962.42	
7325.61	5862.38	7291.13	
5839.46	7376.74	5937.3	
7298.46	5976.82	7410.66	
5859.47	7450.91	5990	
7464.26	5931.48	7367.88	
5959.51	7473.88	5880.62	
7434.16	5845.92	7307.75	
5996.73	7321.16	5910.53	
7479.33	5942.81	7478.09	
5870.01	7337.32	5991.55	
7434.86	5873.4	7413.35	
5810.35	7304.43	5996.24	
7269.64	5933.45	7294.22	
5856.04	7474.37	5791.21	
7421.25	5847.7	7294.6	
5997.2	7460.07	5767.85	
7389.47	5892.1	7403.52	
5839.12	7378.46	5811.66	
7517.64	5928.55	7512.81	
5790.6	7468.73	5936.2	
7485.13	5882.75	7457.69	
5887.85	7324.19	5774.22	
7383.19	5942.51	7309.61	
5858.92	7468.74	5752.36	
7367.16	5896.34	7417.22	
5874.58	7373.74	5909.04	
7374.86	5773.12	7466.14	
5757.96	7405.04	5941.74	
7447.67	5863.65	7397	
5825.85	7363.03	5920.61	
7505.23	5938.17	7463.93	
5823.42	7441.27	5998.22	
7419.64	5961.87	7326.56	
5807.08	7446.49	5991.04	
7457.84	5972.69	7379.9	
5911.27	7420.02	5782.69	
7446.98	5991.46	7461.47	
5873.22	7517.87	5919.82	
7452.33	5820.8	7483.82	
5937.01	7370.63	5939.49	
7409.67	5910.47	7389.63	
5912.73	7283.39	5955.44	
7356.33	5833.3	7349.97	
5411.18	7819.16	5547.61	
7865.07	5509.33	7746.98	
5541.36	7846.69	5369.34	
7943.23	5492.67	7906.49	
5381.63	7901.39	5361.98	
7715.84	5432.61	7834.51	
5336.68	7897.67	5331.19	
7741.12	5478.99	7775.62	
5405.59	7875.56	5477.32	
7906.26	5554.44	7956.67	
5530.1	7859.4	5452.76	
7747.31	5504.13	7862.93	
5484.31	7779.53	5518.98	
7721.38	5505.84	7813.37	
5350.73	7937.56	5513.84	
7862.32	5325.2	7878.58	
5531.77	7913.15	5452.35	
7712.06	5324.33	7893.68	
5490.91	7845.1	5459.36	
7856.8	5477.23	7811.22	
5415.13	7817.69	5307.98	
7957.13	5413.61	7762.91	
5408.54	7927.11	5436.16	
7897.5	5330.12	7883.03	
5517.73	7894.18	5408.01	
7793.46	5472.11	7841.81	
5556.56	7821.15	5473.64	
7816.11	5445.38	7777.05	
5518.81	7888.73	5356.44	
7846.84	5483.07	7741.35	
5320.54	7926.83	5419.56	
7946.5	5344.64	7741.85	
5519.19	7821.84	5309.64	
7869.68	5509.25	7935.27	
5475.89	7798.04	5399.15	
7941.12	5387.09	7953.77	
5445.67	7881.37	5453.68	
7905.72	5531.12	7925.95	
5545.83	7775.08	5413.91	
7922.76	5356.67	7928.04	
5314.49	7897.81	5373.72	
7840.97	5384.28	7856.66	
5395.77	7921.56	5550.1	
7869.61	5437.36	7765.68	
5423.71	7911.77	5414.88	
7752.16	5375.71	7773.05	
5522.67	7753.64	5324.18	
7848.67	5319.24	7719.72	
5453.98	7959.96	5483.79	
7957.14	5345.88	7734.56	
5343.42	7914.65	5346.22	
7857.88	5472.97	7844.52	
5514.06	7956.28	5462.52	
7760.87	5402.71	7925.14	
5452.05	7748.6	5391.69	
7958.1	5477.83	7807.62	
5497.45	7824.52	5417.33	
7753.4	5555.42	7838.45	
5505.48	7815.63	5430.18	
7835.75	5455.83	7798.96	
5408.28	7775.78	5514.98	
7820.52	5344.94	7837.06	
5313.56	7716.03	5435.25	
7798.95	5501.7	7737.06	
5504.51	7871.28	5492.93	
7928.83	5399.22	7854.25	
5492.15	7928.35	5549.83	
7915.54	5546.84	7719.78	
5474.61	7772.7	5443.18	
7920.23	5370.14	7926.01	
5509.41	7796.6	5526.81	
7800.63	5361.48	7953.28	
5340.9	7899.98	4867.03	
8241.13	5087.41	8206.29	
5000.41	8233.11	4901.03	
8331.68	5066.67	8274.77	
5042.66	8266.21	5025.47	
8232.54	5046.85	8252.71	
5026.28	8303.56	4953.19	
8355.56	5004.8	8251.7	
4947.03	8310.81	4930.3	
8351.18	4867.16	8283.24	
4924.14	8366.96	5045.38	
8341.59	5062.77	8249.97	
4872.97	8319.59	4937.78	
8358.76	5019.59	8378.32	
5037.33	8320.51	5026.34	
8319.96	4867.81	8309.57	
5098.19	8238.67	5057.73	
8331.38	5076.63	8320.23	
5087.78	8359.1	5039.82	
8364.68	4960.58	8225.78	
5022.94	8248.04	5078.11	
8314.44	5081.23	8241.88	
5106.44	8178.56	5109.39	
8338.54	4883.54	8253.78	
4954	8211.89	5096.56	
8402.42	4889.01	8168.39	
4958.87	8395.56	5013.8	
8366.16	4943.92	8292.33	
4984.47	8351.06	5019.43	
8358.47	4955.12	8402.75	
5086.61	8154.7	5020.07	
8218.04	4951.72	8281.46	
4960.94	8324.6	4960.84	
8312.44	5007.72	8288.38	
5104.64	8171.04	4920.59	
8181.56	5097.4	8323.16	
5070.92	8326.48	4952.14	
8298.04	4978.21	8236.7	
5080.49	8170.08	5083.1	
8282.83	4892.31	8344.54	
4985.28	8153.84	4921.62	
8377.41	5048.98	8259.42	
5011.99	8372.84	5086.84	
8159.94	4985.58	8288.2	
4972.54	8292.54	4961.62	
8239.62	4946.77	8323.74	
5108.08	8365.07	5020.64	
8322.54	5007.75	8383.91	
5111.62	8294.52	4866.88	
8188.04	5093.5	8373.57	
4888.29	8303.97	4893.45	
8322.85	4989.47	8190.32	
5088.59	8381.3	5107.69	
8207.34	4879.63	8289.48	
4925.32	8280.59	5088.84	
8245.82	4458.38	8789.41	
4659.04	8816.3	4516.37	
8703.08	4532.02	8608.64	
4583.87	8739.12	4517.69	
8682.01	4493.7	8771.56	
4615.28	8750.77	4595.32	
8624.03	4597.23	8797.96	
4606.51	8696.94	4491.6	
8668.56	4516.58	8761.53	
4462.81	8690.86	4628.74	
8831.1	4484.18	8603.38	
4492.6	8797.28	4443.44	
8681.52	4612.76	8715.04	
4572.95	8743.87	4658.96	
8599.85	4437.24	8787.83	
4491.71	8637.98	4574.51	
8603.46	4601.11	8768.75	
4461.69	8732.88	4647.43	
8737.2	4461.68	8776.48	
4614.38	8766	4645.78	
8697.38	4516.01	8810.53	
4562.36	8681.88	4505.31	
8684.69	4499.72	8822.43	
4463.39	8617.83	4546.82	
8818.15	4645.45	8706.44	
4507.14	8803.34	4518.7	
8608.85	4456.32	8820.68	
4485.53	8772.49	4559.56	
8807.54	4603.43	8669.26	
4529.11	8722.68	4427.86	
8765.61	4443.06	8746.62	
4536.98	8685.08	4434.62	
8648.21	4493.35	8756.16	
4642.48	8733.76	4489.14	
8751.2	4561.22	8805.92	
4655.48	8622.14	4503.86	
8766.31	4632.13	8730.32	
4526.13	8822.84	4610.32	
8604.81	4040.48	9169.01	
4146.79	9120.91	4221.43	
9115.85	4226.61	9276.01	
4000.65	9176.91	4152.03	
9255.22	4038	9045.11	
4101.74	9260.02	4084.25	
9099.62	4101.9	9045.03	
4207.58	9183.11	4195.95	
9229.05	4163.7	9112.42	
4153.76	9250.67	4177.87	
9176.42	4007.64	9279.88	
4209.95	9093.8	4154.59	
9066.86	4095.73	9117.04	
4212.51	9151.85	4011.43	
9133.7	4148.31	9198.8	
4126.58	9248.18	4096.56	
9287.41	4207.58	9049.78	
4222.95	9083.07	4072.49	
9079.34	3993.26	9262.05	
4113.63	9101.22	4042.67	
9206.74	4027.74	9197.93	
4068.76	9260.55	4013.65	
9274.89	4227.97	9138.85	
4163.46	9057.75	4014.69	
9073.34	4113.94	9085.24	
3590.98	9699.99	3779.7	
9560.7	3567.99	9510.96	
3694.91	9707.3	3711.35	
9480.83	3768.74	9543.62	
3562.51	9615.86	3660.54	
9643.06	3732.78	9559.96	
3714.39	9696.7	3734.88	
9520.19	3583.8	9535.38	
3646.34	9500.97	3712.25	
9587.21	3731.07	9672.05	
3632.94	9483.92	3625.61	
9643.33	3703.03	9612.37	
3593.35	9658.03	3677.97	
9501.27	3608.78	9609.25	
3702.75	9634.68	3330.27	
10134.9	3277.64	9992.93	
3302.75	10063.9	3308.02	
10018.3	3163.51	10164.1	
3193.92	9996.12	3332.52	
10149.8	3164.32	9992.38	
3175.8	10008.7	3271.35	
10004.6	3345.6	10081.6	
3130.71	10117	2815.76	
10439.6	2687.09	10381.4	
2698.84	10416.1	2731.53	
10584.6	2888.84	10604.5	
2862.38	10422.1	2329.17	
10885.6	2307.19	10871	
2390.19	10862.6	1880.5	
11333.3	1985.25	11318.9	
1422.01	11894.9	977.775	
12362.6	655.9	12732.6	
4695.33	4298.8	4470.17	
4273.57	4628.36	4440.6	
4665.34	4317.11	4530.99	
4198.61	4561.8	4352.89	
4653.83	4389.66	4658.61	
4318.82	4599.86	4299.51	
4503.69	4349.82	4455.58	
4224.39	4510.03	4258.13	
4514.47	4337.45	4478.77	
4358.44	4519.83	4321.87	
4646.37	4375.3	4469.79	
4223.92	4691.59	4242.31	
4675.94	4233.53	4531.04	
4383.53	4658.32	4247.62	
4604.04	4278.31	4453.18	
4327.81	4493.33	4287.42	
4463.14	4343.44	4453.22	
4421.74	4522.63	4377.21	
4660.6	4303.36	4625.81	
4201.1	4678.66	4444.83	
4567.5	4265.43	4520.34	
4303.17	4601.11	4378.53	
4544.98	4313.41	4478.4	
4264.44	4643.52	4203.74	
4578.4	4342.89	4608.42	
4308.88	4669.76	4238.71	
4494.16	4207.56	4508.31	
4393.08	4461.16	4309.52	
4570.17	4218.7	4477.59	
4394.49	4670.67	4434.21	
4501.15	4352.3	4640.82	
4318.98	4684.99	4348.53	
4642.95	4360.49	4678.53	
4219.11	4465.53	4268.41	
4667.61	4296.53	4479.16	
4314.43	4485.05	4441.55	
4537.32	4361.26	4691.35	
4294.83	4586.12	4437.95	
4486.12	4434.17	4683.81	
4376.76	4511.8	4235.98	
4529.5	4327.51	4502.18	
4420.14	4693.98	4403.29	
4571.79	4253.54	4576.69	
4340.14	4617.82	4298.25	
4481.91	4305.03	4495.68	
4379.4	4471	4359.74	
4519.52	4332.14	4619.47	
4379.6	4463.49	4384.88	
4522.91	4390.86	4521.41	
4383.73	4572.85	4307.25	
4470.75	4238.12	4455.7	
4367.53	4682.2	4440.78	
4569.64	4336.47	4646.14	
4444.14	4663.85	4326.5	
4598.08	4444.7	4458.93	
4246.7	4516.36	4410.53	
4484.02	4304.59	4597.79	
4236.97	4656.28	4279.19	
4468.61	4411.27	4670.42	
4350.44	4545.46	4347.19	
4682.77	4324.26	4505.16	
4201.99	4648.67	4403.11	
4447.69	4372.15	4600.89	
4246.63	4524.18	4325.72	
4517.33	4218.21	4570.04	
4364.2	4625.56	4254.06	
4565.73	4230.88	4531.81	
4426.95	4622.61	4402.37	
4634.33	4249.25	4526.82	
4285.71	4490.77	4268.18	
4457.56	4416.92	4498.03	
4377.75	4471.55	4443.76	
4559.61	4421.23	4524.55	
4429.96	4672.6	4291.73	
4584.78	4400.53	4580.53	
4435.65	4575.73	4384.38	
4650.75	4199	4475.2	
4407.9	4464.51	4242.66	
4530.19	4241.62	4598.56	
4283.45	4563.13	4251.13	
4538.84	4319.77	4672.41	
4303.6	4642.95	4446.51	
4593.1	4387.91	4472.73	
4222.81	4522.59	4445.13	
4575.92	4233.09	4494.8	
4434.02	4671.72	4269.93	
4522.07	4267.99	4621.53	
4343.2	4664.57	4254.42	
4504.61	4395.7	4594.43	
4237.3	4661.32	4432.9	
4602.03	4390.31	4587.79	
4316.02	4646.56	4359.73	
4577.94	4350.81	4592.83	
4289.8	4516.85	4225.04	
4605.53	4247.7	4632.33	
4240.13	4658.75	4286.41	
4580.41	4409.65	4536.06	
4388.52	4587.62	4389.83	
4447.53	4248.24	4554.93	
4298.51	4604.93	4374.21	
4609.05	4383.5	4575.95	
4393.62	4640.94	4367.96	
4587.12	4371.59	4621.7	
4410.52	4679.08	4201.92	
4454.91	4305.85	4640.85	
4253.23	4248.03	4587.32	
4254.36	4512.02	4343.49	
4550.04	4189.92	4659.35	
4150.59	4703.02	4182.87	
4634.95	4338.93	4552.67	
4331.31	4642.48	4154.3	
4683.21	4304.37	4545.23	
4289.29	4698.98	4173.65	
4679.47	4230.97	4737.74	
4209.07	4654.59	4296.88	
4740.55	4182.64	4499.1	
4309.05	4607	4375.79	
4641.47	4229.88	4728.3	
4336.09	4663.55	4205.6	
4525.05	4338.42	4499.48	
4309.21	4624.28	4244.96	
4580.5	4329.43	4494.68	
4261.19	4675.29	4193.26	
4609.17	4282.15	4619.78	
4290.01	4552.79	4362.55	
4707.12	4343.58	4498.82	
4180.7	4641.38	4281.1	
4737.52	4354.07	4533.03	
4171.1	4603.85	4190.34	
4667.32	4258.03	4515.25	
4220.12	4726.77	4247.39	
4578.92	4329.64	4717.19	
4313.31	4703.18	4244.44	
4537.44	4324.57	4517.42	
4229.7	4679.42	4316.72	
4701.76	4250.38	4633.71	
4186.34	4612.93	4361.83	
4576.57	4286.46	4578.11	
4277.31	4586.45	4204.96	
4576.36	4383.15	4581.02	
4295.31	4690.73	4329.13	
4501.3	4367.26	4635.24	
4168.43	4613.44	4298.5	
4631.14	4236.04	4670.93	
4238.36	4578.27	4286.56	
4738.93	4356.88	4507.07	
4264.28	4500.79	4266.92	
4667.9	4309.56	4740.63	
4390.91	4707.14	4309.84	
4698.14	4353.42	4601.02	
4357.76	4645.27	4345.16	
4607.12	4240.34	4581.59	
4394.56	4635.24	4191.89	
4600.95	4370.54	4616.07	
4365.04	4685.11	4192.57	
4642.41	4212.88	4494.55	
4237.44	4566.85	4391.58	
4539.65	4152.16	4592.88	
4356.64	4500.94	4336.9	
4627.53	4187.83	4603.69	
4158.37	4498.41	4387.96	
4540.48	4281.39	4665.71	
4264.86	4618.06	4335.98	
4587.26	4167.91	4587.49	
4183.59	4511.06	4364.32	
4667.85	4233.45	4716.81	
4224.52	4573.12	4353.26	
4677.92	4274.15	4538.59	
4366.13	4663.22	4347.38	
4590.98	4346.17	4508.79	
4192.25	4539.47	4379.71	
4713.8	4306.97	4632.91	
4257.42	4722.18	4385.95	
4700.61	4327.48	4740.16	
4348.81	4532.95	4385.7	
4580.87	4186.12	4674.87	
4339.24	4633.37	4388.93	
4601.51	4325.63	4630.93	
4246.82	4602.25	4342.77	
4699.81	4193.69	4605.07	
4178.32	4658.06	4242.38	
4735.98	4265.06	4494.66	
4268.03	4521.53	4170.07	
4640.03	4164.77	4546.46	
4256.73	4530.42	4307.51	
4651.58	4275.63	4550.37	
4310.47	4679.14	4203.18	
4594.6	4356.26	4515.2	
4161.39	4690.93	4269.47	
4539.85	4246.18	4580.85	
4241.99	4619.51	4398.01	
4559.64	4281.43	4630.94	
4332.62	4494.55	4234.45	
4541.32	4252.34	4644.79	
4299.14	4534.94	4211.71	
4687.36	4200.4	4556.68	
4399.19	4533.13	4151.1	
4691.65	4259.18	4536.65	
4180.07	4623.44	4159.34	
4594.46	4223.62	4638.49	
4211.61	4578.39	4378.91	
4684.39	4248.89	4633.67	
4321.59	4712.51	4258.7	
4737.98	4383.09	4532.97	
4254.15	4611.78	4319.01	
4578.15	4337.78	4524.6	
3955.64	4853.5	4032.73	
4937.28	4091.77	5002.1	
3913	5022.17	4011.38	
4971.67	4020.29	4809.01	
4026.75	4812.12	3999.51	
4888.34	3890.41	4795.61	
3864.91	4832.01	3878.8	
4920.4	4066.93	5032.12	
3933.54	4972.93	3993.02	
4791.46	4085.84	4963.21	
4070.87	4956.08	3866.66	
4893.96	4040.01	5039.13	
4037.32	4794.55	3872.08	
4948.86	3917.15	4855.19	
3925.5	4803.65	4016.07	
4822.54	3991.38	4841.08	
4065.23	4891.26	4010.28	
4803.53	3871.71	4920.35	
4097.73	4942.31	4040.09	
4906.81	3949.61	4871.62	
4063.35	4977.08	3855.67	
4817.55	4062.34	4851.88	
4076.7	4897.89	4036.95	
4798.78	4086.63	4793.45	
4029.4	4985.42	4086.28	
4952.09	3875.41	4919.89	
3890.21	4806.92	3872.22	
4847.07	4072.93	5003.63	
3915.96	4826.9	3987.44	
4791.5	3949.66	4810.5	
4020.25	4984.54	3895.79	
4871.64	3881.28	5039.42	
3959.85	5039.58	3996.07	
5000.75	4095.02	4914.86	
3889.18	4873.14	4033.09	
5022.1	3858.15	4839.05	
3991.39	4999.2	4037.41	
4883.95	4087.1	4887.22	
4045.79	4994.5	3969.25	
4964.33	3897.38	4828.64	
3908.54	4829.93	3870.19	
4943.22	3981.8	4996.08	
3950.74	4805.9	3897.72	
4800.75	3876.72	5004.82	
3967.76	4981.65	4055.41	
4996.7	3929.63	4833.99	
4097.62	4826.54	4100.18	
4862.53	3972.88	4810.28	
3933.62	4978.88	3878.6	
4844.68	3990.16	4971.58	
4010.06	4848.85	3881.86	
4867.3	3891.31	4883.9	
4069.99	4905.5	3993.58	
5029.84	3977.12	4877.25	
3898.71	4802.67	4074.47	
4793.43	3884	4993.46	
4055.95	5015.93	3863.37	
4841.43	4054.91	4911.31	
4031.67	5009.02	4043.18	
4837.29	4079.68	4964.21	
3874.51	4907.82	3870.32	
4991.18	3908.26	4985.93	
4058.3	5019.31	4041.94	
4945.68	3884.23	4978.49	
3860.44	4964.62	3902.22	
4812.65	3925.32	4961.33	
3877.26	5016.28	3956.11	
5006.92	4075.66	4986.53	
4015.15	4890.23	3937.82	
4939.22	3955.86	4980.06	
4029.94	4917.19	4045.5	
4847.3	4025	4793.8	
4100.15	4914.25	3870.27	
4855.46	4073.44	4993.06	
4099.42	4813.68	3975.69	
4995.92	4057.04	4846.54	
3976.12	4813.25	4070.55	
4815.32	3863.21	4851.34	
3881.52	4869.2	3941.8	
4928.22	3874.95	4849.89	
4025.1	4842.66	3916.29	
4926.96	3993.42	4806.26	
3962.62	4903.99	3962.86	
4914.67	3923.92	4961.26	
4025.64	4974.21	3908.44	
4996.22	3963.25	5032.07	
4090.62	4808.18	4088.05	
4836.39	4059.87	4796.29	
3995.64	4806.17	4017.88	
4810.11	3652.53	5151.18	
3726.92	5319.93	3689.54	
5104.34	3686.49	5314.6	
3772.77	5098.45	3714.78	
5261.92	3670.26	5108.85	
3710.2	5301.65	3600.32	
5128.92	3635.5	5183.99	
3772.38	5271.44	3691.2	
5137.12	3575.55	5246.49	
3749.96	5176.36	3630.71	
5229.71	3696.91	5167.86	
3598.94	5277.27	3742.04	
5162.63	3598.21	5272.56	
3752.6	5330.11	3608.82	
5233.72	3637.8	5172.02	
3637.27	5103.11	3756.15	
5213.52	3747.8	5309.44	
3582.32	5180.92	3648.95	
5177.58	3661.79	5226.6	
3805.76	5289.36	3576.87	
5264.63	3710.76	5177.32	
3797.34	5141.4	3775.24	
5161.72	3675.8	5327.65	
3795.55	5272.7	3572.07	
5296.74	3723.41	5241.24	
3761.07	5090.42	3635.49	
5183.88	3675.89	5317.81	
3736.51	5192.89	3731.1	
5315.64	3609.36	5308.22	
3687.59	5285.99	3632.26	
5186.64	3679.21	5108.08	
3615.87	5224.55	3730.34	
5309.99	3593.56	5294.96	
3592.19	5311.99	3662.16	
5286.84	3621.1	5315.53	
3701.75	5318.93	3573.88	
5113.86	3727.02	5201.33	
3798.16	5237.57	3585.6	
5171.84	3676.62	5256.14	
3749.77	5086.89	3687.7	
5319.07	3706.3	5334.19	
3802.67	5128.93	3671.09	
5168.09	3790.91	5186.45	
3766.77	5317.99	3731.39	
5272.17	3625	5098.61	
3642.14	5124.35	3562.28	
5235.08	3741.62	5161.79	
3793.41	5161.33	3580.46	
5322.09	3646.66	5194.02	
3651.6	5304.67	3698.92	
5111.8	3606.08	5295.88	
3783.84	5292.35	3805.02	
5246.16	3769.39	5105.16	
3797.22	5164.94	3806.67	
5172.5	3792.72	5269.43	
3708.72	5266.24	3586.04	
5180.1	3728.5	5123.44	
3637.93	5179.19	3695.06	
5232.7	3728.55	5109.38	
3803.11	5320.95	3565.77	
5199.07	3797.08	5279.25	
3734.87	5120.17	3658.23	
5161.2	3613.49	5273.48	
3713.46	5290.39	3791.4	
5180.97	3766.94	5116.97	
3779.43	5225.45	3596.61	
5335.63	3574.28	5125.98	
3770.76	5238.89	3674.66	
5235.28	3758.24	5297.89	
3635.16	5139.75	3610.99	
5250.16	3641	5293.02	
3700.42	5325.22	3566.63	
5092.45	3743.4	5270.98	
3317.44	5540.7	3372	
5592.26	3508.16	5562.16	
3270.6	5413.51	3442.22	
5583.89	3480.69	5434.6	
3269.96	5449.65	3306.34	
5506.49	3294.89	5386.52	
3425.45	5521.04	3453.56	
5414.66	3458.62	5606.54	
3272.15	5542.06	3298.06	
5612.32	3345.32	5409.64	
3346.53	5491.89	3325.95	
5436.11	3442.14	5570.53	
3278.01	5441.91	3292.24	
5434.41	3500.48	5631.72	
3407.27	5384.21	3444.91	
5441.03	3385.59	5414.84	
3448.73	5593.6	3340.4	
5502.36	3268.02	5605.62	
3417.38	5614.47	3378.6	
5439.2	3299.49	5430.73	
3427.44	5508.63	3353.66	
5401.26	3331.54	5608.85	
3304.49	5545.09	3475.52	
5557.91	3296.78	5428.64	
3336.65	5450.6	3463.44	
5623.08	3384.65	5555.62	
3488.37	5571.26	3377.06	
5575.88	3452.67	5509.56	
3344.79	5534.59	3402.25	
5431.25	3302.49	5452.91	
3414.3	5424.72	3314.75	
5386.68	3450.31	5508.35	
3280.76	5399.84	3472.84	
5398.36	3318.52	5385.03	
3449.28	5499.47	3440.65	
5491.92	3403.74	5579.34	
3478.74	5512.54	3375.69	
5548.84	3437.86	5576.29	
3467.88	5621.99	3415.4	
5534.51	3473.04	5436.76	
3288.86	5517.31	3414.81	
5551.04	3372.29	5539.53	
3466.89	5501.59	3336.91	
5464.92	3376.32	5499.21	
3426.33	5579.04	3277.6	
5537.66	3455.32	5473.31	
3409.28	5470.58	3290.43	
5619.68	3506.86	5426.35	
3330.31	5429.91	3477.94	
5408.93	3311.86	5453.66	
3430.59	5553.92	3305.31	
5559.24	3421.32	5477.04	
3427.51	5516.43	3297.65	
5390.22	3294.94	5480.68	
3386.85	5433.38	3170.11	
5786.64	3008.79	5779.21	
3016.33	5736.57	3026.49	
5847.88	3170.03	5871.3	
3002.06	5904.3	2975.07	
5924.64	3213.05	5867.71	
3147.98	5761	3104.65	
5701.36	3206.04	5878.67	
3097.88	5771.1	3131.18	
5759.12	3114.96	5728.52	
3036.49	5902.83	3114.38	
5901.59	3133.27	5735.01	
3141.94	5708.59	3101.15	
5689.77	3016.27	5837.01	
3011.67	5839.86	3081.43	
5871.45	3058.24	5813.71	
3083.58	5901.97	2998.03	
5919.96	2969.41	5904.13	
3024.1	5790.9	3147.51	
5702.9	3022.72	5845.71	
3141.31	5798.98	3074.2	
5852.49	3122.17	5900.73	
2985.23	5844.08	3213.42	
5771.81	3038.89	5878.5	
3213.92	5807.63	3104.38	
5812.84	3143.66	5695.57	
3196.19	5880.96	2975.19	
5913.98	3021.82	5913.59	
3004.63	5812.27	3118.24	
5706.04	3057.56	5717.23	
3020.98	5909.31	3056.53	
5763.01	3060.93	5679.49	
3159	5812.03	3049.17	
5735.77	2988.89	5770.13	
3208.47	5905.38	2994.97	
5795.34	3104.51	5719.56	
3081.82	5807.49	2972.22	
5801.18	3101.27	5864.15	
3107.97	5752.29	2849.86	
6178.43	2817.95	6200.76	
2677.08	6019.26	2712.66	
6124.59	2790.47	6084.6	
2768.66	6158.72	2676.1	
6040.37	2678.24	6193.19	
2762.24	6221.48	2724.16	
6100.98	2805.91	6029.51	
2752.2	6220.45	2735.74	
6133.77	2801.11	6021.19	
2824.82	6199.12	2799.26	
6137.05	2741.64	6194.52	
2781.38	6143.02	2905.41	
6067.69	2851.59	6115.86	
2716.9	6191.49	2844.61	
6168.73	2887.34	6038.88	
2757.27	6162.16	2858.83	
6080.3	2856.05	6146.99	
2759.38	6203.48	2751.74	
6066.62	2781.95	6008.88	
2781.38	6204.97	2911.19	
5981.09	2777.18	6158.9	
2693.58	6003.18	2817.28	
6212.75	2798.32	6142.87	
2790.59	6046.52	2784.84	
6176.54	2607.49	6436.02	
2607.31	6446.98	2521.02	
6345.6	2591.91	6434.66	
2376.6	6460.45	2481.05	
6433.39	2592.12	6298.74	
2426.92	6438.23	2615.48	
6473.62	2449.87	6419.08	
2486.67	6418.29	2446.94	
6507.79	2488.16	6316.48	
2468.53	6282.99	2506.19	
6308.37	2409.66	6401.6	