5120 1
8500.47	
8206.1	
8601.49	
8173.97	
8451.26	
8318.07	
8593.93	
8332.43	
8540.37	
8282.53	
8559.09	
8310.68	
8530.23	
8163.82	
8630.93	
8242.95	
8581.2	
8366.48	
8553.62	
8397.8	
8462.6	
8367.57	
8602.92	
8362.71	
8502.11	
8369.43	
8429.08	
8152.15	
8456.44	
8273.64	
8611.66	
8248.72	
8475.88	
8242.49	
8532.95	
8278.48	
8645.07	
8328.75	
8594.72	
8270.19	
8594.36	
8301.82	
8624.76	
8331.05	
8489.99	
8199.95	
8631.63	
8384.44	
8639.21	
8270.38	
8423.39	
8353.82	
8567.68	
8179.32	
8489.1	
8385.83	
8406.88	
8287.45	
8417.65	
8342.31	
8644.54	
8176.32	
8614.61	
8335.21	
8536.82	
8308.08	
8591.94	
8273.74	
8568.81	
8268.98	
8411.7	
8292.47	
8634.84	
8169.17	
8582.12	
8330.8	
8586.51	
8241.88	
8490.39	
8229.91	
8443.37	
8291.85	
8621.9	
8194.58	
8484.46	
8344.63	
8625.22	
8314.29	
8573.54	
8162.76	
8549.04	
8237.55	
8616.55	
8291.99	
8632.87	
8302.27	
8605.57	
8230.82	
8629.62	
8281.25	
8455.83	
8164.31	
8631.91	
8364.96	
8622.14	
8241.61	
8509.87	
8246.98	
8472.14	
8205.38	
8478.74	
8290.12	
8458.4	
8354.99	
8470.94	
8262.77	
8506	
8359.48	
8628.58	
8376.08	
8433.4	
8278.02	
8592	
8155.69	
8635.63	
8230.77	
8497.67	
8214.43	
8494.04	
8328.34	
8459.94	
8255.75	
8462.98	
8363.78	
8584.91	
8370.51	
8600.24	
8360.85	
8588.14	
8383.24	
8639.4	
8388.75	
8532.27	
8357.82	
8461.89	
8202.43	
8585.04	
8237.74	
8643.73	
8242.01	
8591.81	
8378.51	
8435.6	
8271.82	
8421.43	
8384.4	
8453.04	
8286.52	
8606.8	
8258.55	
8590.77	
8388.89	
8441.33	
8151.88	
8452.96	
8179.39	
8433.24	
8152.43	
8415.39	
8184.24	
8419.96	
8400.84	
8632.64	
8253.4	
8446.97	
8361.09	
8499.8	
8173.62	
8606.8	
8312.1	
8540	
8257.02	
8515.02	
8230.03	
8426.79	
8269.17	
8591.2	
8325.8	
8649.93	
8257.63	
8621.28	
8214.92	
8559.1	
8393.02	
8588.83	
8193.57	
8633.22	
8183.56	
8609.64	
8157.02	
8587.83	
8176.04	
8647.78	
8235.16	
8526.19	
8360.88	
8609.38	
8179.64	
8421.13	
8239.45	
8463.89	
8244.51	
8459.16	
8226.72	
8481.09	
8319.68	
8459.73	
8383.34	
8560.14	
8345.96	
8564.66	
8274.21	
8644.74	
8331.87	
8538.4	
8222.06	
8430.2	
8284.01	
8550.01	
8165.8	
8514.61	
8317.79	
8613.8	
8293.25	
8402.68	
8315.64	
8551.5	
8193.57	
8460.35	
8233.01	
8522.61	
8281.39	
8478.12	
8223.86	
8447.52	
8246.42	
8412.09	
8298.38	
8575.87	
8233.39	
8561.29	
8315.1	
8448.03	
8249.6	
8558.67	
8219.19	
8483.97	
8216.77	
8452.43	
8171.65	
8573.07	
8238.59	
7906.07	
8828.89	
7863.66	
8896.88	
8061.1	
8790.47	
7865.19	
8934.18	
7932.15	
8817.83	
7990.05	
8795.36	
7913.95	
8768.06	
7913.85	
8879.59	
7889.19	
8715.91	
7842.65	
8755.15	
7924.62	
8914.95	
7950.88	
8722.34	
8071.48	
8770.78	
8016.52	
8931.72	
8013.2	
8866.04	
8035.32	
8726.24	
8070.82	
8746.52	
7892.64	
8763.59	
7978.76	
8887.68	
8067.98	
8734.59	
8060.25	
8837.47	
7985.8	
8921.31	
7910.23	
8745.86	
7964.85	
8846.09	
8053.99	
8838.01	
7914.52	
8916.9	
8012.8	
8780.11	
7876.52	
8811.22	
7964.86	
8752.47	
8022.81	
8917.45	
7897.24	
8837.37	
7872.07	
8927.44	
7931.86	
8880.8	
8074.73	
8734.88	
7997.28	
8752.79	
8046.28	
8837.98	
7925.5	
8863.42	
8006.46	
8809.78	
7906.48	
8924.19	
7859.89	
8935.04	
8003.55	
8871.1	
7913.82	
8879.16	
7864.54	
8855.17	
8075.38	
8816.11	
7908.12	
8797.32	
8032.2	
8840.15	
7881.07	
8741.24	
7998.17	
8832.57	
7893.71	
8822.61	
7948.3	
8754.52	
7940.35	
8900.92	
7923.26	
8779.66	
8001.42	
8715.79	
7926.31	
8737.61	
7875.77	
8859.3	
7843.1	
8766.18	
8035.35	
8888.58	
7870.42	
8745.62	
8022	
8949.71	
7954.03	
8715.38	
8018.73	
8909.28	
7960.23	
8745.71	
7865.23	
8937.11	
7937.48	
8886.56	
8006.03	
8759.73	
7874.68	
8949.12	
7855.11	
8847.57	
8036.97	
8788.98	
7952.39	
8932.22	
7989.16	
8817.34	
7974.23	
8813.24	
7932.23	
8885.93	
8063.93	
8842.86	
7884.21	
8809.57	
7973.19	
8807.27	
7990.8	
8903.59	
8049.2	
8944.48	
7866.46	
8731.07	
7884.16	
8841.57	
7898.12	
8755.31	
7914.46	
8872.7	
8061.32	
8875.94	
8045.48	
8797.22	
7850.83	
8897.63	
8036.32	
8805.51	
8050.78	
8884.96	
7897	
8912.5	
7994.86	
8934.57	
8010.4	
8766.44	
8021.62	
8911.91	
7942.05	
8883.09	
7950.25	
8904.25	
7938.19	
8828.79	
7880.43	
8823.15	
7845.4	
8866.95	
7937.29	
8885.65	
8026.1	
8896.89	
8004.17	
8823.92	
8071.65	
8790.51	
8044.2	
8787.54	
7919.74	
8800.53	
7843.25	
8828.76	
8052.73	
8807.39	
8002.43	
8832.37	
7941.93	
8871.46	
8021.47	
8761.53	
8011.21	
8923.78	
7849.98	
8946.11	
8013.18	
8915.1	
7996.49	
8786.93	
7983.71	
8961.72	
7843.18	
8885.69	
7907.14	
8798.16	
8056.14	
8916.71	
7927.09	
8795.17	
8061.5	
8798.68	
7920.06	
8740.75	
7888.32	
8922.72	
7967.62	
8754.76	
8010.67	
8735.96	
7889.53	
8863.37	
8018.27	
8744.77	
7978.6	
8777.26	
8074.87	
8903.72	
8073.4	
8824.14	
8075.11	
8838.4	
7419.77	
9287.34	
7481.54	
9318.59	
7430.25	
9357.83	
7530.45	
9288.16	
7362.76	
9303.55	
7428.92	
9362.68	
7471.46	
9328.27	
7480.35	
9456.43	
7432.72	
9404.49	
7323.37	
9323.25	
7497.9	
9303.87	
7447.73	
9419.01	
7434.62	
9372.9	
7443.03	
9387.49	
7318.71	
9377.37	
7289.87	
9346.9	
7411.16	
9313.97	
7410.39	
9493.96	
7404.08	
9394.54	
7293.75	
9318.54	
7377.79	
9362.71	
7394.66	
9486.13	
7384.9	
9460.37	
7383.32	
9517.76	
7461.03	
9378.7	
7484.86	
9376.46	
7393.31	
9402.79	
7530.42	
9507.45	
7300.19	
9361.94	
7430.95	
9466.48	
7336.57	
9364.57	
7512.5	
9337.64	
7397.34	
9412.49	
7494.27	
9283.96	
7518.85	
9297.36	
7473.38	
9438.73	
7415.81	
9467.34	
7401.01	
9284.67	
7398.17	
9301.05	
7523.45	
9476.19	
7396.14	
9327.07	
7473.24	
9295.93	
7346.02	
9331.72	
7522.5	
9439.17	
7382.22	
9381.93	
7420.24	
9366.58	
7329.38	
9402.64	
7371.65	
9358.66	
7510.76	
9469.45	
7433.26	
9305.77	
7309.07	
9428.74	
7331.38	
9360.5	
7429.8	
9352.99	
7430.71	
9507.41	
7421.84	
9381.22	
7342.28	
9517.4	
7367.59	
9519.86	
7512.55	
9371.77	
7474.3	
9300.33	
7514.95	
9478.86	
7393.62	
9400.2	
7480.43	
9362.38	
7523.05	
9483.29	
7354.85	
9301.58	
7373.13	
9297.27	
7468.54	
9403.18	
7349.87	
9285.47	
7312.21	
9305.71	
7437.43	
9342.46	
7512.76	
9476.11	
7352.2	
9480.34	
7332.37	
9365.6	
7325.69	
9490.46	
7338.52	
9285.4	
7285.09	
9481.92	
7311.62	
9406.67	
7443.76	
9293.32	
7306.84	
9368.57	
7299.27	
9423.69	
7405.73	
9412.98	
7354.92	
9461.11	
7509.72	
9380.59	
7329.3	
9513.45	
7389.59	
9318.65	
7469.97	
9433.03	
7531.12	
9513.21	
7412.51	
9471.89	
7447.07	
9347.18	
7363.53	
9299.79	
7443.3	
9436.76	
7294.17	
9330.45	
7482.46	
9347.45	
7452.11	
9296.08	
7359.86	
9334.01	
7356.11	
9319.78	
7328.89	
9374.35	
7294.99	
9496.76	
7320.95	
9461.09	
7315.67	
9374.85	
7296.14	
9299.74	
7518	
9508.12	
7512.93	
9404.86	
7345.87	
9375.37	
7323.84	
9375.98	
7400.72	
9318.24	
7513.14	
9390.5	
7427.19	
9339.78	
7337.94	
9456.08	
7440.02	
9387.58	
7285.79	
9289.25	
7368.51	
9470.7	
7412.28	
9421.88	
6798.29	
9912.28	
6882.79	
9971.42	
6788.76	
9906.46	
6804.72	
10028.6	
6911.3	
10017.7	
6892.4	
10078.2	
6932.78	
9869.15	
6871.69	
10001.9	
6888.49	
9950.54	
6933.5	
10019.7	
6785.56	
10063.9	
6850.1	
9859.8	
6874.35	
9949.49	
6926.83	
9842.51	
6905.69	
9996.26	
6811.49	
10071.3	
6727.47	
10081	
6843.31	
10009	
6898.57	
9877.22	
6848.35	
9965.38	
6741.07	
10034.5	
6842.41	
9851.41	
6732.35	
10061.1	
6782.72	
9904.41	
6874.31	
10059	
6961.89	
9865.38	
6763.02	
9963.26	
6910.82	
9887.88	
6723.25	
9937.6	
6905.62	
9896.32	
6952.14	
10058.2	
6918.41	
9845.64	
6746.87	
10013.5	
6781.33	
9879.82	
6745.26	
9895.57	
6790.8	
10038.9	
6955.93	
9892.04	
6745.67	
9836.97	
6932.82	
9996.87	
6894.62	
9968.12	
6830.1	
9918.75	
6802.5	
9932.13	
6754	
10061.9	
6816	
10048	
6886.47	
10053.6	
6941.67	
9936.64	
6774.22	
9915.17	
6853.72	
10004.2	
6957.31	
9890.2	
6752.02	
10072.7	
6850.24	
9982.43	
6774.39	
9969.09	
6761.54	
10005.2	
6829.94	
10080.9	
6883.95	
10050.7	
6836.99	
10061.2	
6916.56	
9885.77	
6892.67	
9854.7	
6938.3	
10066.6	
6733.3	
9950.48	
6765.78	
9850.29	
6748.88	
9985.25	
6870.55	
9922.65	
6896.59	
9947.4	
6823.16	
9876.65	
6865.92	
9851.86	
6776.93	
9884.94	
6815.05	
9986.78	
6745.87	
9880.26	
6818.33	
9895.43	
6955.05	
9869.93	
6929.37	
9903.64	
6880.3	
9953.22	
6877.67	
9956.65	
6866.2	
9914.29	
6728.87	
9893.27	
6871.43	
10047.5	
6757.49	
10033.3	
6915.85	
9871.18	
6905.33	
10036.2	
6888.18	
10004	
6747.9	
9860.14	
6747.06	
9962.31	
6789.08	
10032.3	
6793.44	
9917.84	
6958.25	
10026.8	
6848.23	
9887.64	
6955.59	
10046.7	
6795.15	
9942	
6882.63	
9863.9	
6779.71	
9913.75	
6318.72	
10434.2	
6364.63	
10449.1	
6168.49	
10494.8	
6315.77	
10451.4	
6354.98	
10571.3	
6180.56	
10422.4	
6204.56	
10597.6	
6251.32	
10531.6	
6256.05	
10480.5	
6186.55	
10560.9	
6378.74	
10490.5	
6187.42	
10440.9	
6348.81	
10542.7	
6253.08	
10543.8	
6229.42	
10492.5	
6178.44	
10417	
6269.43	
10422.1	
6330.09	
10527.2	
6279.29	
10569.3	
6217.48	
10580.9	
6305.56	
10567.1	
6192.9	
10455	
6281.42	
10520.9	
6209.5	
10427.7	
6194.72	
10569.1	
6207.52	
10641.7	
6386.57	
10570.2	
6363.53	
10479.8	
6333.26	
10598.5	
6172.56	
10402.4	
6355.14	
10614.1	
6376.69	
10590.6	
6409.93	
10508.3	
6328.35	
10525.9	
6368.51	
10419.3	
6339.35	
10541.1	
6209.75	
10432.9	
6200.05	
10474	
6242.34	
10555.6	
6294.5	
10528.1	
6321.47	
10463.1	
6276.39	
10507.1	
6162.84	
10575.2	
6209.28	
10469	
6272.4	
10583.3	
6324.65	
10587.6	
6248.71	
10513.8	
6267.98	
10556.5	
6173.99	
10618.8	
6363.72	
10422.6	
6408.04	
10512.1	
6232.45	
10597.3	
6251.19	
10532.6	
6374.82	
10471.6	
6357.92	
10545.8	
6196.46	
10535.7	
6187.22	
10492.3	
6403.3	
10615.1	
6378.65	
10602.5	
6362.03	
10564.1	
6260.3	
10528.5	
6294.46	
10456.1	
6403.89	
10402.7	
6183.51	
10637.2	
6174.65	
10417.9	
6386.26	
10632.4	
6266.16	
10596.4	
6216.34	
10447.8	
6317.07	
10624	
5716.62	
11100.3	
5716.24	
11052	
5810.13	
11061.7	
5651.81	
11001.7	
5769.39	
11184.7	
5841.89	
11083.7	
5697.38	
11112.9	
5833.96	
10973.3	
5627.06	
10977.3	
5820.15	
11154.6	
5831.6	
10970.3	
5623.67	
10997.3	
5843.35	
11075.3	
5602.43	
11155.4	
5673.05	
11045.6	
5666.72	
11015.3	
5610.38	
11022	
5688.88	
10984.5	
5672.54	
11064.3	
5770.07	
10963.1	
5757.27	
11043.1	
5709.47	
11200.4	
5850.26	
11111.6	
5832.61	
11177.7	
5667.41	
11002.2	
5674.02	
11156	
5783.68	
11107.3	
5602.99	
11028	
5823.63	
11199.6	
5822.84	
11158.3	
5761.05	
11165.4	
5832.6	
11033.6	
5818.76	
11133.5	
5738.18	
11163.7	
5808.41	
11146.8	
5629.48	
11089.3	
5816.45	
11066.1	
5716.56	
10988.3	
5828.63	
11105.8	
5840.28	
11159	
5648.17	
11140.7	
5691.29	
10973.2	
5758.22	
11110.7	
5755.12	
11073.2	
5695.95	
11077	
5774.77	
11198	
5763.77	
11047.6	
5774.67	
11072.5	
5264.96	
11702.3	
5209.96	
11581.6	
5157.22	
11565.6	
5085.29	
11681.3	
5124.63	
11603.2	
5086.63	
11701.7	
5047.27	
11728.1	
5145.54	
11709.6	
5137.45	
11568.2	
5073.54	
11759.3	
5077.36	
11576.3	
5173.76	
11631.7	
5102.87	
11706.5	
5176.56	
11538.4	
5252.15	
11703.8	
5145.42	
11577.8	
5160.34	
11739.5	
5156.99	
11527.3	
5261.31	
11602.6	
5107.73	
11708.9	
5110.63	
11650.5	
5155.69	
11687	
5187.76	
11543.6	
5169.84	
11519.7	
5204.57	
11601.5	
5287.37	
11563	
5138.54	
11633.7	
5121.74	
11603.5	
5226.17	
11546.6	
5174.55	
11616.6	
5066.03	
11524.9	
4561.94	
12178.6	
4491.85	
12126	
4610.43	
12091.7	
4587.82	
12126.7	
4515.71	
12146.4	
4539.14	
12173.5	
4482.97	
12118	
4599.26	
12192.1	
4678.73	
12291.1	
4522.81	
12128.8	
4712.38	
12183.5	
4553.86	
12260.8	
4529.39	
12314.9	
4509.04	
12140.9	
4634.97	
12269.8	
4650.54	
12087.8	
4678.07	
12142.4	
4662.71	
12246.3	
4082.29	
12844.3	
3943.41	
12686.8	
4135.74	
12802.2	
4016.28	
12666	
3956.33	
12669.2	
4018.39	
12649.7	
4166.24	
12743.6	
4098.03	
12656.1	
3949.43	
12882.9	
3959.61	
12805.9	
3368.66	
13376.2	
3369.51	
13281.1	
3480.47	
13264.7	
3507.55	
13376.2	
3469.44	
13364.5	
2943.91	
13983	
2917.67	
13837.3	
3016.84	
13921.2	
2486.99	
14501.6	
1729.11	
15091.4	
1145.53	
15537.3	
575.24	
16223	
1615.16	
1175.51	
1487.02	
1230.61	
1459.01	
1281.83	
1623.09	
1320.01	
1572.72	
1310.81	
1645.5	
1344.77	
1431.77	
1383.5	
1609.7	
1335.5	
1605.56	
1215.99	
1627.33	
1324.41	
1596.02	
1386.55	
1517.86	
1188.15	
1507.97	
1295.99	
1432.92	
1191.56	
1564.91	
1392.23	
1439.8	
1338.61	
1450.94	
1341.87	
1449.46	
1358.73	
1644.98	
1196.13	
1589.95	
1300.98	
1511.74	
1283.23	
1622.93	
1325.17	
1601.94	
1286.05	
1608.01	
1311.17	
1516.64	
1283.34	
1633.09	
1406.03	
1598.79	
1367.72	
1424.5	
1411.92	
1604.97	
1411.27	
1665.2	
1348.8	
1465.19	
1413.69	
1581.27	
1352.55	
1513.12	
1237.94	
1557.41	
1360.58	
1584.6	
1371.32	
1607.12	
1422.34	
1614.12	
1288.64	
1521.17	
1302.61	
1443.99	
1389.51	
1654.89	
1308.05	
1595.83	
1230.69	
1554.6	
1324.06	
1670.26	
1289.58	
1532.7	
1243.45	
1567.83	
1320.79	
1426.43	
1235.66	
1534.2	
1260.98	
1430.47	
1221.36	
1519.76	
1280.8	
1436.75	
1414.32	
1616.56	
1224.82	
1432.02	
1288	
1505.23	
1315.49	
1428.07	
1319.46	
1563.68	
1185.72	
1641.17	
1359.17	
1602.27	
1322.91	
1585.45	
1246.14	
1656.19	
1400.54	
1529.09	
1294.66	
1547.36	
1313.16	
1488.36	
1187.12	
1444.54	
1349.84	
1610.2	
1304.38	
1638.04	
1221.73	
1549.99	
1264.08	
1572.13	
1286.67	
1466.6	
1191.32	
1666.52	
1374.01	
1507.9	
1288.48	
1458.95	
1369.61	
1621.03	
1207.45	
1576.15	
1312.2	
1565.08	
1286.34	
1555.95	
1174.51	
1437.68	
1415.38	
1531.01	
1342.63	
1666.18	
1293.13	
1576.21	
1242.3	
1671.17	
1304.43	
1554.65	
1297.52	
1450.17	
1391.9	
1434.48	
1351.91	
1435.46	
1417.68	
1542.76	
1325.32	
1562.52	
1266.97	
1573.75	
1335.12	
1544.26	
1368.78	
1621.36	
1409.34	
1613.56	
1341.37	
1434.83	
1217.43	
1511.93	
1302.85	
1458.62	
1340.57	
1672.7	
1233.86	
1435.81	
1174.81	
1480.39	
1278.22	
1546.35	
1338.13	
1598.56	
1287.84	
1578.64	
1234.66	
1563.16	
1397.28	
1458.7	
1393	
1604.43	
1236.23	
1540.56	
1369.99	
1663.67	
1356.76	
1489.35	
1241.45	
1570.56	
1344.5	
1559.8	
1186.19	
1621.33	
1250.27	
1491.92	
1224.64	
1534.55	
1340.94	
1619.23	
1253.74	
1649.52	
1353.1	
1426.82	
1270.6	
1627.74	
1263.22	
1513.42	
1327.78	
1608.18	
1296.56	
1547.9	
1306.07	
1485.89	
1180.22	
1592.61	
1369.13	
1481.7	
1186.72	
1658.1	
1216.42	
1487.46	
1300.78	
1616.07	
1409.89	
1467.63	
1410.69	
1634.14	
1266.49	
1517.05	
1265.31	
1498.45	
1352.11	
1650.28	
1343.41	
1645.97	
1240.67	
1662.05	
1359.29	
1450.23	
1248.46	
1517.98	
1365.41	
1369.29	
1514.82	
1473.05	
1306.78	
1384.74	
1313.93	
1525.18	
1475.84	
1488.33	
1506.04	
1492.06	
1414.28	
1352.75	
1308.99	
1443.71	
1281.79	
1443.2	
1307.92	
1471.59	
1327.04	
1358.66	
1396.82	
1348.23	
1514.05	
1381.2	
1508.4	
1395.34	
1437.26	
1511.82	
1510.5	
1560.87	
1292.71	
1338.22	
1389.91	
1514.05	
1450.86	
1409.7	
1384.59	
1436.84	
1275.79	
1472.91	
1494.92	
1423.47	
1348.17	
1559.62	
1306.63	
1483.59	
1421	
1498.99	
1468.65	
1365.5	
1316.17	
1498.08	
1460.08	
1533.32	
1294.55	
1395.05	
1495.16	
1381.73	
1516.95	
1357.88	
1481.22	
1553.88	
1477.72	
1492.41	
1355.89	
1434.96	
1271.7	
1373.06	
1302.02	
1566.05	
1327.86	
1566.59	
1434.3	
1437.52	
1297.6	
1372.61	
1502.71	
1394.94	
1302.22	
1392.18	
1413.38	
1495.15	
1283.56	
1490.08	
1395.35	
1535.43	
1288.69	
1473.03	
1506.66	
1557.9	
1342.92	
1375.66	
1312.03	
1542.9	
1305.75	
1445.61	
1445.96	
1536.09	
1355.15	
1365.56	
1321.68	
1430.54	
1491.67	
1357.57	
1305.76	
1574.27	
1443.64	
1555.06	
1454.62	
1367.68	
1476.58	
1495.54	
1310.99	
1353.4	
1438.21	
1407.2	
1285	
1386.64	
1293.6	
1571.88	
1479.27	
1477.02	
1476.28	
1572.23	
1403.89	
1331.51	
1405.97	
1513.69	
1306.22	
1352.42	
1294.57	
1485.64	
1390.86	
1577.3	
1330.62	
1416.91	
1272.26	
1339.28	
1451.85	
1386.66	
1466.86	
1435.11	
1291.62	
1335.69	
1385.31	
1383.72	
1430.93	
1443.23	
1403.46	
1389.01	
1408.72	
1480.81	
1307.79	
1478.54	
1370.78	
1401.86	
1363.77	
1336.79	
1508.27	
1443.55	
1484.61	
1560.7	
1494.63	
1488.06	
1285.83	
1538.29	
1268.85	
1555.46	
1296.25	
1392.84	
1481.7	
1350.44	
1345.87	
1340.22	
1487.69	
1382.36	
1449.89	
1444.92	
1348.24	
1510.19	
1339.89	
1356.59	
1432.82	
1465.86	
1338.69	
1559.94	
1306.1	
1411.08	
1277.09	
1549.17	
1319.19	
1351.83	
1313.95	
1549.72	
1333.93	
1513.76	
1335.81	
1510.77	
1354.61	
1481.49	
1270.21	
1527.23	
1341.9	
1497.46	
1306.37	
1533.95	
1294	
1357.28	
1444.96	
1471.3	
1306.34	
1328.69	
1345.93	
1374.38	
1379.27	
1428.92	
1489.51	
1428.17	
1333.82	
1346.94	
1446.48	
1460.53	
1475.05	
1353.1	
1413.58	
1554.57	
1306.96	
1364.15	
1358.49	
1451.98	
1328.18	
1484.84	
1444.61	
1443.46	
1441.52	
1362.55	
1446.41	
1378.02	
1453.98	
1472.17	
1324.5	
1353.21	
1372.96	
1443.11	
1446.23	
1361.31	
1301.79	
1427.8	
1384.34	
1383.07	
1493.94	
1437.85	
1580.23	
1394.55	
1382.86	
1369.74	
1474.7	
1423.72	
1439.93	
1280.35	
1548.13	
1345.43	
1408.64	
1370.8	
1384.93	
1263.38	
1440.47	
1282.2	
1532.42	
1469.09	
1419.45	
1256.62	
1601.52	
1321.13	
1474.09	
1315.78	
1491.38	
1337.66	
1430.24	
1237.81	
1608.23	
1284.22	
1403.29	
1269.94	
1400.19	
1422.24	
1439.28	
1333.51	
1483	
1329.18	
1465.11	
1427.27	
1404.35	
1334.65	
1530.9	
1419.12	
1480.92	
1237.04	
1377.64	
1445.06	
1372.84	
1411.3	
1377.28	
1234.04	
1596.53	
1357.03	
1529.14	
1370.49	
1384.27	
1249.02	
1470.66	
1465.89	
1545.72	
1334.45	
1593.13	
1262.49	
1572.27	
1425.99	
1482.96	
1403.12	
1573.79	
1260.33	
1498.57	
1480.26	
1483.98	
1428.93	
1429.58	
1243.49	
1412.99	
1401.18	
1390.41	
1422.57	
1516.48	
1440.7	
1422.36	
1345.39	
1531.23	
1256.91	
1363.08	
1292.89	
1573.03	
1374.66	
1570.18	
1339.65	
1369.85	
1295.1	
1476.82	
1266.27	
1607.88	
1248.61	
1409.57	
1276.73	
1570.02	
1300.26	
1571.97	
1404.4	
1599.77	
1456.85	
1431.07	
1445.64	
1470.93	
1386.92	
1460.76	
1470.99	
1501.34	
1325.29	
1512.58	
1425.82	
1496.77	
1332.75	
1610.24	
1388.6	
1371.55	
1277.98	
1600.72	
1467	
1505.89	
1380.86	
1595.69	
1344.63	
1449.48	
1453.15	
1457.6	
1438.89	
1575.55	
1428.83	
1485.67	
1283.08	
1443.28	
1291.66	
1600.24	
1294.19	
1400.38	
1397.4	
1563.78	
1306.67	
1606.27	
1382.05	
1596.47	
1355.36	
1364.17	
1251.69	
1585.01	
1472.68	
1549.29	
1272.68	
1389.28	
1403.22	
1425.42	
1473.43	
1581.11	
1333.49	
1402.39	
1419.69	
1556.57	
1480.46	
1480.44	
1416.16	
1565.42	
1284.69	
1371.14	
1292.73	
1500.08	
1436.87	
1388.83	
1394.54	
1585.42	
1463.29	
1552.38	
1276.52	
1510.31	
1291.85	
1550.75	
1363.08	
1564.43	
1358.35	
1443.2	
1254.69	
1567.39	
1339.78	
1600.85	
1309.9	
1405.69	
1455.17	
1599.37	
1246.14	
1393.34	
1378.59	
1416.66	
1249.64	
1415.68	
1420.6	
1536.59	
1292.64	
1471.49	
1282.97	
1391.79	
1401.49	
1582.69	
1264.23	
1400.95	
1365.4	
1522.88	
1256.69	
1600.48	
1371.09	
1463.92	
1414.72	
1453.18	
1427.09	
1574.46	
1404.37	
1591.97	
1383.39	
1564.28	
1172.2	
1699.43	
1250.78	
1528.17	
1342.31	
1578.54	
1264.55	
1566.05	
1343.26	
1521.77	
1170.86	
1702.73	
1294.84	
1506.61	
1172.98	
1519.89	
1300.83	
1540.58	
1165.64	
1521.43	
1317.34	
1542.23	
1223.05	
1596.9	
1212.99	
1678.82	
1287.04	
1461.6	
1187.61	
1563.67	
1277.38	
1624.3	
1290.16	
1705.94	
1150.8	
1601.63	
1268.77	
1568.75	
1385.58	
1622.07	
1212.74	
1677.67	
1228.47	
1476.52	
1368.98	
1582.65	
1306.85	
1564.29	
1180.02	
1511.62	
1217.54	
1486.74	
1249.41	
1543.52	
1219.62	
1521.7	
1330.92	
1477.45	
1319.96	
1465.58	
1262.14	
1636.76	
1213.38	
1681.8	
1210.55	
1619.92	
1269.83	
1504.77	
1364.59	
1578.69	
1176.42	
1656.78	
1296.9	
1579.22	
1169.96	
1568.22	
1141.39	
1507.3	
1170.75	
1662.69	
1284.34	
1595.82	
1153.83	
1700.35	
1163.92	
1610.65	
1331.21	
1489.26	
1215.16	
1582.93	
1348.42	
1506.81	
1333.56	
1672.3	
1364.65	
1689.99	
1261.04	
1599.62	
1358.5	
1608.48	
1374.95	
1699.19	
1288.01	
1562.25	
1274.86	
1526.13	
1172.78	
1567.85	
1269.83	
1640.57	
1322.72	
1679.93	
1316.87	
1507.55	
1172.99	
1503.31	
1185.05	
1479.91	
1310.69	
1583.89	
1240.42	
1574.99	
1212.56	
1660.12	
1305.97	
1656.89	
1203.15	
1667.1	
1296.75	
1672.45	
1277.69	
1562.41	
1181.62	
1668.41	
1178.6	
1527.62	
1358.72	
1632.72	
1207.78	
1605.55	
1279.97	
1703.6	
1267.78	
1637.26	
1342.11	
1543.34	
1162.69	
1706.94	
1280.02	
1510.72	
1262.42	
1463.67	
1217.55	
1509.12	
1179.47	
1460.59	
1387.25	
1601.48	
1175.57	
1550.1	
1279.33	
1530.84	
1190.75	
1523.15	
1354.01	
1614.76	
1252.48	
1521.37	
1305.78	
1523.84	
1176.33	
1648.35	
1325.82	
1539.99	
1267.65	
1566.17	
1219.93	
1553.76	
1280.14	
1484.16	
1143.93	
1786.4	
1260.57	
1622.62	
1257.74	
1794.06	
1220.05	
1589.11	
1157.72	
1588.48	
1164.04	
1797.06	
1183.94	
1629.31	
1233.05	
1696.15	
1059.19	
1748.57	
1085.73	
1619.13	
1280.85	
1722.04	
1285.78	
1627.43	
1291.23	
1680.67	
1109.65	
1722.94	
1068.83	
1594.31	
1096.16	
1676.48	
1267.41	
1782.51	
1099.01	
1614.09	
1071.55	
1570.18	
1194.92	
1659.98	
1239.46	
1780.28	
1191.08	
1715.84	
1238.53	
1715.11	
1236.13	
1591.52	
1184.43	
1567.38	
1187.47	
1673.96	
1108.7	
1665.99	
1096.73	
1739.32	
1051.46	
1682.86	
1185.86	
1768.95	
1120.95	
1607.23	
1202.68	
1750.88	
1258.38	
1587.55	
1283.15	
1559.32	
1240.39	
1661.17	
1178.83	
1659.39	
1206.66	
1769.33	
1272.88	
1694.05	
1163.68	
1630.23	
1112.54	
1791.13	
1200.5	
1589.23	
1183.03	
1580.04	
1142.89	
1609.49	
1078.76	
1694.89	
1105.77	
1624.63	
1184.27	
1662.52	
1166.26	
1752.29	
1234.72	
1714.61	
1058.28	
1621.37	
1124.2	
1590.57	
1115.57	
1586.22	
1148.15	
1567.01	
1292.57	
1718.21	
1137.06	
1683	
1049.68	
1639.64	
1173.98	
1639.06	
1169.24	
1782.23	
1179.02	
1577.11	
1256.4	
1631.47	
1126.12	
1777.07	
1142.02	
1578.85	
1208.53	
1580.96	
1066.97	
1695.99	
1102.55	
1763.99	
1080.75	
1662.5	
1043.56	
1692.91	
1149.4	
1697.53	
1138.2	
1697.28	
1232.38	
1613.99	
1172.98	
1702.04	
1049.63	
1792.28	
1057.02	
1670.37	
1073.61	
1653.21	
1150.64	
1809.23	
1113.44	
1862.48	
1061.82	
1883.78	
956.779	
1868.89	
1183.38	
1865.49	
1083.24	
1853.32	
1018.64	
1725.25	
1132.3	
1827.04	
979.954	
1857.54	
1123.54	
1771.09	
1093.3	
1783.32	
1013.04	
1778.1	
1007.61	
1731.71	
1172.6	
1729.75	
1090.9	
1798.17	
1110.02	
1802.85	
1135.58	
1820.92	
1077.65	
1846.98	
1038.28	
1759.96	
1027.11	
1822.73	
1117.53	
1684.04	
1066.93	
1658.21	
1083.69	
1845.15	
1007.73	
1730.74	
1040.29	
1663.11	
991.151	
1660.79	
1046.54	
1790.19	
1054.09	
1740.23	
971.074	
1817.69	
1023	
1732.41	
1127.12	
1661.36	
957.718	
1781.68	
1010.69	
1759.02	
1114.32	
1745.41	
974.003	
1652.96	
1174.84	
1702.85	
1155.98	
1802.61	
1131.93	
1804.7	
1095.22	
1654.73	
957.537	
1658.87	
1175.14	
1845.69	
1173.32	
1822.7	
1107.09	
1816.98	
1180.05	
1716.22	
1013.45	
1936.19	
949.489	
1903.81	
895.425	
1887.18	
1057.48	
1888.26	
1096.78	
1872.59	
859.304	
1973.59	
967.435	
1760.24	
1066.54	
1920.96	
930.126	
1845.92	
1017.31	
1769.04	
992.329	
1819.53	
1065.07	
1876.92	
1077.75	
1806	
1043.36	
1859.54	
870.002	
1820.97	
917.222	
1816.07	
1080.67	
1832.81	
867.953	
1973.42	
867.851	
1774.09	
976.15	
1984.89	
941.164	
1864.07	
879.356	
1790.92	
963.529	
1753.63	
875.952	
1805.87	
988.287	
1806.26	
1012.93	
1968.91	
962.043	
1871.52	
992.014	
1909.73	
910.315	
1914.15	
1068.57	
1919.21	
1102.71	
1963.73	
1007.7	
1860.99	
946.435	
2073.87	
1003.42	
1885.24	
989.881	
1969.95	
967.713	
2018.48	
1003.81	
1852.45	
778.437	
1982.18	
981.754	
2045.13	
799.791	
1979.48	
986.443	
1886.8	
889.449	
2001.04	
829.513	
2068.06	
927.072	
1959.7	
855.627	
1953.88	
958.936	
1991.18	
920.223	
1888.03	
830.521	
1988.01	
970.803	
2020.72	
714.594	
1988.84	
847.159	
2172.36	
675.38	
2003.69	
907.888	
2150.85	
696.828	
1965.02	
736.717	
2108.04	
738.194	
2131.5	
687.852	
1977.02	
800.158	
2087.3	
887.616	
2127.43	
790.845	
2206.28	
756.522	
2104.88	
735.236	
2177.92	
689.789	
2038.91	
766.772	
2194.07	
528.207	
2123.3	
499.786	
2134.44	
481.904	
2334.64	
544.57	
2464.87	
352.354	
2363.27	
407.945	
2515.59	
116.527	
2708.52	
7675.19	
7382.53	
7706.57	
7489.71	
7850.43	
7498.46	
7741.35	
7588.58	
7698.27	
7596.27	
7836.86	
7462.39	
7783.72	
7434.78	
7744.59	
7393.09	
7878.5	
7516.58	
7641.77	
7393.82	
7750.39	
7580.75	
7780.68	
7507.5	
7746.4	
7530.75	
7720.09	
7622.49	
7750.29	
7496.87	
7827.61	
7463.57	
7759.65	
7604.87	
7685.77	
7528.97	
7785.72	
7461.94	
7771.5	
7405.07	
7830.84	
7530.69	
7771.6	
7524.49	
7673.58	
7622.86	
7721.48	
7586.97	
7749.61	
7525.8	
7658.26	
7389.05	
7782.5	
7450.11	
7742.5	
7610.15	
7658.2	
7426.46	
7656.41	
7480.56	
7715.72	
7405.03	
7694.91	
7413.68	
7879.15	
7508.37	
7696.4	
7474.18	
7668.74	
7421.15	
7759.8	
7389.47	
7687.22	
7607.65	
7725.1	
7528.25	
7658.54	
7442.47	
7773.83	
7480.91	
7670.77	
7456.95	
7769.09	
7435.77	
7731.99	
7627.46	
7843.13	
7498.87	
7835.13	
7389.52	
7659.62	
7588.2	
7844.5	
7534.52	
7637.17	
7415.39	
7846.17	
7555.48	
7749.48	
7624.14	
7662.43	
7379.77	
7875.44	
7539.4	
7651.63	
7538.51	
7821.4	
7578.88	
7658.07	
7543.82	
7829.26	
7560.21	
7638.28	
7540.7	
7643.07	
7518.78	
7720.88	
7402.86	
7871.4	
7583.04	
7846.68	
7608.03	
7717.81	
7447.87	
7746.51	
7534.07	
7775.79	
7546.38	
7799.51	
7613.79	
7718.53	
7427.12	
7645.49	
7545.08	
7672.53	
7591.93	
7805.46	
7395.12	
7718.24	
7425.52	
7700.11	
7591.55	
7653.32	
7550.66	
7756.79	
7592.66	
7819.61	
7411.38	
7643.53	
7448.04	
7644.63	
7398.84	
7832.98	
7526.61	
7792.34	
7559.57	
7828.37	
7570.92	
7783.1	
7511.17	
7704.34	
7387.42	
7700.76	
7539.21	
7706.56	
7515.76	
7757.91	
7627.03	
7728.17	
7412.9	
7836.5	
7460.77	
7634.59	
7399.23	
7877.62	
7497.66	
7647.16	
7441.82	
7730.01	
7598.36	
7749.18	
7514.41	
7641.84	
7556.89	
7848.04	
7454.87	
7772.59	
7462.64	
7863.26	
7583.35	
7665.24	
7571.45	
7668.28	
7523.05	
7778.39	
7514.21	
7850.24	
7602.75	
7747.81	
7560.64	
7873.4	
7554.74	
7867.65	
7381.06	
7685.08	
7393.78	
7760.33	
7556.81	
7803.44	
7398.71	
7733.87	
7586.42	
7725.93	
7513.34	
7745.74	
7565.08	
7670.85	
7620.72	
7861.33	
7604.94	
7684.98	
7612.48	
7712.66	
7535.79	
7753.52	
7398	
7839.05	
7535.28	
7638.31	
7552.19	
7793.13	
7627.35	
7782.12	
7478.27	
7630.65	
7421.85	
7766.99	
7498.07	
7660.38	
7568.61	
7742.27	
7494.8	
7734.01	
7420.85	
7630.92	
7409.3	
7653.12	
7587.29	
7859.03	
7624.6	
7696.82	
7595.05	
7651.97	
7479.56	
7758.21	
7483.55	
7761.49	
7541.79	
7870.21	
7489.26	
7795.06	
7475.71	
7263.8	
8070.52	
7176.42	
7994.6	
7146.68	
7945.64	
7146.38	
8081.99	
7124.8	
8000.4	
7312.27	
8030.24	
7217.8	
7945.86	
7199.51	
8018.12	
7355.9	
8080.52	
7246.33	
8086.33	
7213.49	
7990.75	
7323.16	
7917.35	
7164.75	
8054.4	
7179.9	
8104.09	
7345.39	
7914.09	
7309.25	
8021.21	
7163.09	
7894.73	
7131.89	
8070.63	
7307.33	
8102.13	
7245.08	
7948.27	
7295.17	
8073.05	
7169.18	
8117.43	
7128.78	
8011.71	
7262.14	
7895.72	
7305.47	
8121.93	
7165.65	
8111.45	
7285.02	
7891.6	
7368.89	
7930.64	
7201.7	
8081.61	
7362.97	
8083.32	
7152	
7958.18	
7293.17	
8065.31	
7294.78	
7955.34	
7261.75	
8028.29	
7340.23	
8123.57	
7171.13	
7995.01	
7201.07	
8040.09	
7285.25	
8050.55	
7345.9	
8083.02	
7201.42	
7979.04	
7192.74	
8013.34	
7307.21	
7902.64	
7242.76	
7954.31	
7314.41	
7935.95	
7361.78	
7953.02	
7128.43	
8116.63	
7236.49	
7958.8	
7215.75	
8099.13	
7233.55	
7902.9	
7270.28	
8056.63	
7121.23	
7938.99	
7346.05	
8058.1	
7168.61	
7999.1	
7289.04	
8115.89	
7315.58	
7889.94	
7302.76	
8122.08	
7244.41	
8020.43	
7122.97	
7893.23	
7172.96	
7943.02	
7318.51	
8095.67	
7251.65	
7933.47	
7185.39	
7892.26	
7255.42	
7979.26	
7156.3	
7891.43	
7265.54	
7953.82	
7199.64	
7993.64	
7254.88	
8084.71	
7345.96	
7956.91	
7313.88	
7995.4	
7324.89	
8000.95	
7262.35	
8002.75	
7274.66	
8123.64	
7124.51	
7982.78	
7130.82	
8082.94	
7221.9	
7931.08	
7219.08	
7906.86	
7283.15	
7975.93	
7348.57	
8091.83	
7192.51	
8125.53	
7164.43	
7922.36	
7318.35	
8016.33	
7231.7	
8057.18	
7296.65	
8052.74	
7133.6	
8019.88	
7349.55	
7921.92	
7126.87	
8018.5	
7223.03	
7978.87	
7255.56	
8032.87	
7186.05	
7994.03	
7281.89	
7972.46	
7222.59	
8129.44	
7268.37	
8124.66	
7292.33	
8013.46	
7181.2	
7895.56	
7258.71	
8034.77	
7329.78	
8053.35	
7346.59	
8068.93	
7287.17	
7987.17	
7276.03	
7959.64	
7140.65	
8004.82	
7266.14	
8112.88	
7124.37	
7891.23	
7305.94	
8000.48	
7223.59	
7888.42	
7153.19	
8124.93	
7286.81	
8004.62	
7143.33	
8075.22	
7268.42	
7944.74	
7309.02	
7930.78	
7307.39	
8062.68	
7182.14	
7993.24	
7281.67	
8101.67	
7335.53	
8061.57	
7308.86	
8018.84	
7126.49	
7930.89	
7124.03	
7987.77	
7353.92	
8132	
7268.69	
7970.55	
7265.22	
8138.12	
7288.73	
7961.99	
7134.65	
8054.86	
7181.09	
8102.42	
7267.61	
7930.9	
7350.53	
8053.78	
7286.01	
7972.48	
7281.24	
7912.25	
6673.33	
8576.14	
6625.13	
8621.54	
6759.98	
8446.41	
6757.31	
8493.94	
6770.4	
8499.06	
6665.99	
8506.09	
6766.63	
8445.73	
6671.06	
8598.55	
6813.84	
8420.61	
6837.15	
8431.92	
6672.22	
8612.17	
6613.36	
8440.58	
6854.63	
8416.52	
6653.34	
8489.76	
6758.7	
8445.83	
6745.68	
8439.73	
6634.37	
8500.94	
6845.07	
8477.41	
6708.99	
8519.37	
6685	
8642.37	
6637.9	
8520.78	
6757.88	
8467.22	
6689.84	
8442.81	
6840.56	
8618.08	
6792.92	
8444.05	
6856.34	
8406.62	
6850.12	
8402.06	
6809.14	
8417.01	
6837.77	
8409.28	
6749.57	
8525.29	
6801.24	
8626.51	
6691.32	
8436.15	
6778.89	
8585.36	
6742.79	
8633.88	
6801.6	
8443.97	
6630.09	
8432.25	
6691.59	
8483.78	
6756.87	
8490.33	
6729.75	
8524.33	
6797.93	
8599.1	
6687.96	
8467.49	
6650.62	
8583.67	
6786.8	
8412	
6655.66	
8497.2	
6835.07	
8466.53	
6633.86	
8485.45	
6813.31	
8546.58	
6734.75	
8529.56	
6774.4	
8644.22	
6742.91	
8545.76	
6818.15	
8498.75	
6678.33	
8612.02	
6673.81	
8436.56	
6803.99	
8468.21	
6695.45	
8519.84	
6839.04	
8488.34	
6669.01	
8632.1	
6834.33	
8415.95	
6862.25	
8631.77	
6743.2	
8424.44	
6808.05	
8494.71	
6746.45	
8500.4	
6615.05	
8640.56	
6626.39	
8482.31	
6621.56	
8502.46	
6628.27	
8432.05	
6655.13	
8565.15	
6862.27	
8542.83	
6654.63	
8455.5	
6645.31	
8521.68	
6681	
8637.42	
6646.32	
8521.75	
6636.82	
8641.11	
6718.64	
8622.69	
6633.46	
8409.92	
6859.21	
8430.24	
6751.71	
8516.1	
6725.7	
8504.99	
6749.69	
8519.67	
6669.04	
8500.51	
6634.21	
8574.45	
6723.78	
8582.43	
6766.74	
8535.72	
6781.09	
8450.39	
6665.12	
8445.37	
6684.27	
8525.64	
6823.56	
8541.17	
6858.95	
8411.38	
6724.06	
8544.17	
6622.27	
8514.24	
6702.25	
8640.28	
6711.86	
8417.79	
6749.97	
8434.2	
6733.55	
8622.11	
6702.47	
8469.17	
6783.72	
8535.08	
6612.72	
8614.26	
6788.83	
8492.3	
6756.36	
8551.84	
6713.65	
8450.28	
6659.14	
8473.84	
6680.43	
8639.06	
6641.33	
8582.38	
6855.9	
8506.37	
6779.79	
8643.58	
6635.73	
8639.71	
6622.48	
8524.17	
6848.83	
8499.32	
6697.98	
8539.37	
6784.92	
8471.31	
6647.8	
8553.12	
6649.94	
8611.24	
6230.31	
8941.63	
6294.16	
9135.09	
6162.88	
9113.95	
6320.98	
9049.75	
6318.56	
9120.36	
6217.53	
8911.87	
6203.6	
9048.32	
6238.1	
9138.37	
6214.43	
8997.93	
6128.26	
9034.85	
6134.25	
9144.67	
6122.18	
9039.53	
6222.3	
8964.67	
6145.5	
9001.66	
6138.55	
9076.32	
6293.44	
8994.25	
6147.04	
9025.51	
6285.64	
9053.2	
6275.53	
9006.49	
6312.04	
9019.02	
6288.14	
9083.54	
6234.09	
9121.38	
6283.12	
9140.92	
6155.25	
9115.56	
6276.14	
9079.61	
6264.58	
8952.73	
6190.71	
8976.36	
6172.73	
8950.1	
6223.96	
9044.89	
6213.23	
9000.6	
6293.78	
9106.44	
6170.13	
8922.29	
6283.04	
8907.34	
6189.5	
9054.54	
6251.15	
9111.58	
6341.43	
9073.82	
6219.87	
9037.6	
6219.79	
9110.12	
6236.47	
8988.08	
6189.31	
9100.51	
6347.3	
8909.22	
6111.76	
9075.1	
6279.41	
9078.63	
6139.79	
9109.75	
6291.47	
9010.1	
6304.64	
9027.86	
6298.45	
9138.34	
6214.83	
9031.63	
6119.31	
8958.78	
6328.82	
8992.65	
6344.63	
8942.87	
6348.51	
9048.61	
6184.52	
9044.82	
6256.26	
8942.12	
6132.09	
8917.54	
6122.36	
9133.73	
6338.22	
9129	
6206.16	
8995.48	
6207.36	
9017.17	
6309.76	
9114.28	
6137.72	
8998.72	
6272.85	
8926.95	
6277.93	
9125.43	
6206.41	
8965.88	
6330.77	
9077.88	
6206.46	
8937.71	
6144.23	
9058.15	
6178.66	
9034.36	
6312.02	
8928.19	
6188.51	
8919	
6319.25	
9052.24	
6112.25	
8955.64	
6233.75	
9044.71	
6213.86	
8922	
6353.11	
9089.5	
6128.71	
9122.29	
6326.78	
8961.56	
6115.75	
9008.41	
6328	
9040.96	
6190.7	
8954.34	
6296.15	
8965.96	
6272.93	
8922.73	
6140.88	
8911.52	
6207.9	
8910.21	
6325.28	
8966.7	
6335.77	
8968.59	
6146.04	
8915.09	
6240.76	
8983.32	
6205.19	
8908.49	
6259.67	
9054.81	
6167	
8974.74	
5729.24	
9627.99	
5720.04	
9518.12	
5778.59	
9565.07	
5605.91	
9643.82	
5645.58	
9461.06	
5805.21	
9444.6	
5781.19	
9417.02	
5808.86	
9624.02	
5837.75	
9478.97	
5824.26	
9439.59	
5717.43	
9642.81	
5810.31	
9654.93	
5788.86	
9597.61	
5601.56	
9564.59	
5762.57	
9594.55	
5625.66	
9612.66	
5701.1	
9508.77	
5792.85	
9624.78	
5599.79	
9455.71	
5655.03	
9609.1	
5756.86	
9644.22	
5619.93	
9566.41	
5612.39	
9425.67	
5733.2	
9654.33	
5768.99	
9547.01	
5829.72	
9618.06	
5733.82	
9464.44	
5650.65	
9581.79	
5611.58	
9602.26	
5777.25	
9480.32	
5726.82	
9451.56	
5830.65	
9426.55	
5713.3	
9480.97	
5622.31	
9541.37	
5736.95	
9577.13	
5773.16	
9610.66	
5702.28	
9461.38	
5746.56	
9539.8	
5786.58	
9624.71	
5729.5	
9548.9	
5751.91	
9545.25	
5756.68	
9618.74	
5663.94	
9447.15	
5723.1	
9578.95	
5624.23	
9604.12	
5614.36	
9503.42	
5617.95	
9659.46	
5743.67	
9523.22	
5783.2	
9488.49	
5609.04	
9584.32	
5608.01	
9472.26	
5728.65	
9544.17	
5740	
9629.26	
5839.66	
9577.89	
5669.66	
9535.31	
5796.84	
9432.89	
5843.08	
9550.95	
5622	
9597.45	
5675.54	
9509.36	
5747.23	
9554.71	
5810.16	
9492.88	
5615.51	
9426.36	
5771.29	
9495.29	
5724.06	
9549.98	
5689.85	
9521.37	
5789.34	
9556.6	
5680	
9586.48	
5822.86	
9434.47	
5707.9	
9441.95	
5152.62	
9985.56	
5187.73	
10155	
5255.19	
10073.7	
5217.68	
9977.28	
5252.52	
9961.25	
5186.99	
10104.7	
5157.67	
10107.3	
5326.03	
10081.3	
5139.95	
10007.1	
5097.06	
9990.46	
5116.51	
10067.6	
5161.81	
9948.63	
5299.48	
10012.7	
5138.53	
9982.13	
5226.5	
10008	
5249.56	
9966.7	
5188.67	
10158.5	
5310.58	
10152	
5200.08	
10067.6	
5303.04	
10143.2	
5153.46	
10105.8	
5184.33	
10034.7	
5219.17	
10085.5	
5316.31	
9986.7	
5089.66	
9932.45	
5205.12	
10139.7	
5182.28	
9978.9	
5094	
10114.1	
5190.72	
10113.3	
5336.09	
9928.6	
5310.93	
10010.2	
5286.98	
10096.2	
5263.56	
9998.27	
5184.1	
10132.2	
5116.45	
10108.7	
5156.87	
10075.9	
5217.8	
10004.6	
5321.68	
10158.9	
5092.19	
9957.84	
5286.72	
10164	
5291.99	
10104	
5128.65	
10121.6	
5099.4	
10123.2	
5196.66	
10055.7	
5195.8	
10063.1	
5197.97	
10089.1	
5109.02	
10110.9	
5246.97	
9973.24	
4814.48	
10673.4	
4818.21	
10664.9	
4650.19	
10620.7	
4691.47	
10477.8	
4806.9	
10582.7	
4795.59	
10446.7	
4641.77	
10513.5	
4821.57	
10662.1	
4814.78	
10645.6	
4648.66	
10431.6	
4663.5	
10500.5	
4694.93	
10486.5	
4618.7	
10452.9	
4606.67	
10618.1	
4618.47	
10492.2	
4590.93	
10654.2	
4775.34	
10678	
4621.81	
10661.6	
4642.14	
10523.9	
4801.44	
10638.1	
4584.36	
10490.1	
4606.06	
10611.1	
4687.27	
10659.5	
4667.81	
10585.1	
4635.77	
10520.7	
4674.15	
10537.9	
4669.71	
10468.1	
4666.5	
10548.8	
4769.9	
10564	
4774.04	
10448.8	
4634.74	
10472.2	
4079.26	
11185.7	
4282.04	
11136.1	
4093.53	
11163	
4280.92	
10942.2	
4139.8	
10971.9	
4258.58	
11091.3	
4107.97	
11141.3	
4190.06	
11061.4	
4214.46	
11011.3	
4108.81	
10948.6	
4141.67	
11058.7	
4274.27	
11029	
4083.49	
11043	
4097.92	
10979.6	
4199.12	
11104.5	
4239.08	
11050.2	
4159.31	
11057.4	
4263.31	
11075.7	
3720.51	
11542.9	
3673.03	
11468.2	
3684.72	
11646.9	
3640.03	
11535.8	
3661.32	
11498.4	
3602.34	
11452.8	
3689.78	
11617.4	
3798.26	
11497.1	
3773.53	
11506	
3673.49	
11471.5	
3141.92	
12065.8	
3239.76	
11987.5	
3279.28	
12099.7	
3161.93	
12139.9	
3292.46	
12153.3	
2725.29	
12565.6	
2753.33	
12671.6	
2674.43	
12631.8	
2131.09	
13014.1	
1773.25	
13536.1	
1178.41	
14202.9	
702.046	
14710.4	
5004.98	
4581.7	
4907.44	
4699.85	
4928.95	
4762.9	
5037.88	
4577.01	
5072.67	
4639.8	
5048.08	
4717.22	
4867.94	
4782.05	
4921.05	
4725.55	
5047.7	
4576.05	
4882.23	
4805.4	
4952.83	
4681.15	
4938.78	
4734.13	
4963.85	
4761.59	
4824.66	
4644.7	
4829.49	
4782.65	
4873.57	
4637.05	
4857.17	
4690.5	
4884.62	
4685.41	
5018.11	
4799.03	
4959.11	
4630.74	
5032.69	
4714.33	
4873.56	
4820.89	
4975.15	
4676.91	
4925.08	
4698.68	
4968.56	
4664.21	
4967.44	
4800.13	
4876.16	
4815.29	
4937.26	
4631.52	
4894.63	
4709.6	
4945.3	
4747.4	
4979.27	
4652.65	
4837.07	
4635.08	
4878.37	
4749.83	
4901.03	
4575.04	
4922.66	
4611.38	
5015.74	
4766.17	
4895.81	
4582.22	
4884.46	
4600.56	
4962.4	
4661.98	
4922.29	
4790.56	
4895.33	
4581.79	
4880.83	
4700.03	
4824.43	
4653.43	
4889.97	
4752.46	
4858.49	
4636.25	
4971.67	
4633.77	
4932.63	
4662.78	
4952.67	
4660.52	
5058.91	
4617.81	
4985.97	
4739.95	
4992.33	
4719.81	
4965.4	
4583.38	
4919.5	
4621.66	
5037.58	
4589.63	
4937.88	
4761.65	
4841.33	
4638.32	
4878.07	
4749.36	
4883.17	
4769.02	
5068.73	
4698.38	
4950.05	
4794.31	
4886.9	
4799.8	
5043.45	
4652	
5008.94	
4725.4	
4909.01	
4653.67	
4878.31	
4576.55	
4827.9	
4600.89	
4925.17	
4678.23	
5037.26	
4626.86	
4921.64	
4646.68	
5005.04	
4612.01	
5063.19	
4625.15	
4971.2	
4780.26	
4847	
4617.15	
4922.25	
4805.79	
4905.99	
4599.22	
4871.42	
4678.64	
5072.5	
4806.66	
4890.89	
4640.08	
4939.46	
4671.63	
4927.77	
4653.76	
4973.35	
4715.86	
4966.88	
4823.01	
4827.44	
4717.38	
5021.66	
4722.45	
4857.46	
4694.83	
4887.06	
4800.87	
4901.54	
4613.26	
4890.39	
4722.98	
4991.11	
4658.88	
4942.75	
4574.43	
4963.42	
4657.35	
4968.46	
4685.61	
5007.51	
4612.18	
4895.83	
4774.55	
4937.72	
4647.92	
5043.22	
4810.45	
4857.74	
4711.43	
4838.06	
4786.35	
5042.71	
4611.8	
4962.72	
4821.35	
4914.89	
4621.74	
4849.29	
4655.1	
4986.52	
4731.84	
4843.45	
4743.9	
4830.8	
4685.32	
4903.2	
4677.31	
4878.85	
4599.87	
4858.61	
4585.17	
5009.48	
4717.08	
4861.81	
4774.32	
4856.52	
4816.5	
4886.75	
4757.27	
4943.59	
4746.71	
4927.91	
4735.22	
4863.01	
4580.9	
4914.95	
4693.63	
5018.89	
4707.28	
4872.8	
4716.12	
5032.41	
4755.28	
5011.51	
4608.32	
5030.92	
4806.81	
4935.9	
4811.75	
5064.84	
4677.01	
4824.6	
4647.2	
4827.43	
4785.11	
5050.01	
4787.57	
4869.91	
4784.77	
4926.68	
4658.02	
4940.04	
4616.93	
4828.29	
4668.47	
5023.69	
4728.28	
4537.83	
5000.53	
4714.37	
5060.89	
4504.88	
4974.74	
4655.35	
4955.13	
4638.46	
5035.25	
4709.57	
4897.16	
4624.52	
4947.1	
4647.34	
5022.4	
4627.22	
4996.75	
4664.02	
5044.3	
4687.2	
4937.6	
4642.46	
5107.64	
4625.91	
5139.02	
4746.95	
5017.32	
4664.03	
4950.88	
4725.91	
4948.07	
4591.7	
4959.65	
4534.15	
5053.36	
4608.72	
4960.43	
4534.62	
4902.75	
4547.44	
4905.74	
4743.19	
4977.97	
4690.27	
5009.4	
4542.75	
5082.44	
4536.97	
4943.17	
4666.38	
4925.77	
4662.34	
5091.1	
4509.7	
5111.68	
4562.99	
5143.29	
4664.11	
4922.91	
4698.94	
5009.91	
4672.13	
5109.29	
4573.55	
4943.65	
4630.47	
4967.66	
4639.03	
4984.85	
4672.7	
4963.46	
4652.53	
4984.04	
4601.68	
5057.13	
4549.68	
5005.51	
4653.54	
5063.29	
4594.43	
5080.02	
4554.06	
5143.16	
4622	
5086.18	
4538.27	
4964.94	
4563.65	
4947.55	
4655.26	
5137.34	
4585.65	
5072.54	
4546.48	
4990.73	
4526.92	
4972.99	
4584.73	
4983.98	
4585.28	
5142.51	
4595.67	
4912.12	
4666.57	
4952.59	
4573.86	
4933.69	
4585.01	
4922.54	
4546.14	
4970.5	
4540.56	
5049.74	
4679.46	
4987.38	
4657.2	
4932.21	
4590.79	
4929.09	
4663.35	
4903.88	
4726.68	
4900.93	
4566.7	
5126.77	
4651.45	
5056.31	
4693.35	
4913.75	
4502.82	
5121.31	
4736.85	
5051.45	
4509.68	
4996.51	
4539.08	
5066.4	
4612.91	
5025.85	
4554.18	
4990.88	
4546.77	
5055.2	
4502.49	
4923.71	
4750.54	
4990.25	
4687.2	
5058.6	
4623.78	
5049.38	
4580.64	
5049.48	
4592.8	
5002.6	
4616.86	
4905.68	
4734.2	
5089.73	
4723.68	
4912.91	
4582.08	
4939.4	
4578.75	
5058.17	
4607.2	
5032.1	
4668.54	
4929.82	
4735.16	
4927.21	
4622.41	
5118	
4560.7	
5025.04	
4751.4	
5088.69	
4527.83	
4961.33	
4645.82	
4998.33	
4532.4	
4923.48	
4745.3	
5024.73	
4617.03	
5037.77	
4612.7	
5048.7	
4665.61	
5063.55	
4581.5	
4902.24	
4540.16	
4989.68	
4582.7	
5002.57	
4521.33	
4898.7	
4610.72	
5143.44	
4717.2	
4916.81	
4531.67	
5122.03	
4601.26	
5116.86	
4582.39	
5020.84	
4714.91	
4921.73	
4523.94	
4902.62	
4697.9	
5130.69	
4615.75	
5085	
4624.65	
4921.48	
4659.42	
5109.67	
4558.09	
4909.02	
4531.2	
5051.68	
4644.42	
5036.04	
4738.86	
4984.18	
4608.38	
5050.36	
4665.49	
5074.35	
4575.94	
4952.78	
4596.73	
4972.73	
4723.47	
4970.82	
4549.54	
4961.55	
4650.56	
5076.46	
4678.94	
5051.47	
4585.96	
5105.24	
4656.64	
4939.32	
4516.4	
5083.88	
4422.53	
5397.04	
4228.63	
5446.2	
4344.39	
5276.89	
4310.87	
5316.69	
4282.04	
5230.68	
4426.06	
5452.4	
4238.08	
5397.93	
4387.93	
5315.13	
4422.45	
5288.53	
4257.16	
5427.95	
4293.03	
5242.21	
4288.71	
5427.96	
4249.43	
5275.26	
4259.91	
5243.86	
4328.53	
5373.63	
4215.38	
5327.28	
4344.03	
5384.34	
4341.22	
5389.93	
4203.48	
5426.26	
4408.08	
5342.82	
4207.76	
5244.2	
4319.47	
5382.51	
4222.57	
5370.94	
4417.06	
5433.33	
4205.23	
5404.12	
4253.42	
5330.08	
4218.37	
5286.21	
4356.65	
5360.54	
4303.23	
5461.78	
4260.3	
5446.59	
4279.29	
5352.66	
4340.83	
5455.02	
4377.7	
5396.29	
4269.75	
5247.17	
4292.15	
5400.51	
4274.71	
5328.43	
4220	
5234.16	
4403.77	
5385.78	
4259.6	
5257.51	
4295.59	
5363.52	
4203.07	
5279.33	
4421.1	
5406.9	
4299.16	
5300.59	
4347.27	
5225.96	
4352.33	
5220.78	
4192.16	
5446.73	
4291.26	
5295.35	
4212.95	
5409.38	
4423.06	
5345.64	
4208.15	
5363.13	
4368.55	
5345.48	
4423.14	
5239.8	
4285.06	
5251.43	
4239.12	
5283.69	
4355.76	
5293.63	
4217.5	
5269.52	
4291.75	
5439.74	
4188.29	
5237.43	
4374.37	
5292.79	
4401.31	
5351.65	
4351.14	
5234.87	
4316.33	
5435.95	
4334.48	
5299.07	
4269.37	
5320.81	
4219.99	
5350.82	
4180.76	
5239.8	
4418.4	
5224.44	
4385.1	
5374.89	
4388.83	
5454.12	
4206.13	
5333.75	
4366.95	
5404.72	
4261.43	
5419.64	
4270.24	
5378.62	
4207.62	
5433.73	
4193.29	
5219.41	
4329.32	
5283.92	
4410.42	
5432.7	
4394.83	
5333.45	
4382.94	
5414.14	
4210.45	
5225.42	
4349.74	
5437.13	
4399.48	
5310.21	
4203.14	
5293.77	
4429.6	
5236.38	
4366.81	
5442.61	
4294.57	
5344.58	
4267.37	
5272.34	
4350.48	
5290.73	
4213.74	
5270.24	
4390.24	
5421.32	
4375.05	
5358.78	
4409.46	
5292.87	
4323.23	
5274.05	
4238.39	
5372.18	
4426.51	
5379.51	
4267.1	
5302.09	
4298.06	
5411.77	
4252.4	
5327.15	
4409.17	
5396.34	
4301.18	
5302.36	
4275.75	
5232.59	
4217.76	
5285.22	
4359.77	
5260.1	
4288.76	
5254.83	
4334.36	
5399.34	
4188.55	
5368.93	
4356.58	
5230.33	
4202.9	
5398.54	
4360.32	
5387.06	
4343.98	
5291.51	
4348.13	
5217.26	
4271.1	
5432.15	
3914.08	
5626.43	
4033.82	
5755.09	
4091.94	
5743.35	
4057.25	
5710.65	
3888.77	
5553.34	
3868.83	
5579.81	
4051.26	
5670.76	
4030.06	
5692.73	
4044.6	
5609.74	
4053.04	
5677.16	
4024.63	
5572.41	
4039	
5693.39	
3905.24	
5695.36	
3879.8	
5574.97	
3952.08	
5677.44	
4107.58	
5640.59	
3882.42	
5615.35	
4040.61	
5782.39	
4077.59	
5658.9	
3943.25	
5540.4	
3974.05	
5694.68	
4066.08	
5731.45	
4070.86	
5660.61	
4012.11	
5641.29	
3915.94	
5691.6	
3867.84	
5566.18	
3922.28	
5599.92	
3926.72	
5679.24	
3891.02	
5700.23	
3932.08	
5663.66	
4058.62	
5717.09	
3882.05	
5565.71	
4103.85	
5584.1	
4088.19	
5575.32	
3943.29	
5725.32	
4070.58	
5589.41	
4016.3	
5620.09	
3865.43	
5669.6	
3905.59	
5629.21	
3875.4	
5685.23	
3865.48	
5763.52	
3934.89	
5719	
4072.85	
5645.15	
4038.06	
5542.89	
4090.91	
5786.61	
3979.75	
5607.22	
3932.59	
5644.96	
4013.37	
5720.32	
3957.23	
5655.2	
3890.65	
5606.23	
4055.78	
5545.53	
3990.65	
5684.68	
4020.67	
5650.67	
4082.01	
5580.5	
3906.41	
5549.35	
3920.57	
5734.87	
3873.42	
5651.3	
3982.42	
5560.49	
3889.84	
5736.27	
4082.92	
5776	
3913.4	
5694.09	
4053.07	
5660.77	
4097.24	
5690.31	
4055.2	
5702.28	
4090.78	
5560.9	
3877.78	
5610.2	
4079.87	
5638.32	
3891.41	
5656.22	
3897.3	
5783.34	
3949.57	
5703.05	
4103.6	
5636.62	
3998.37	
5779.74	
3898.37	
5775.96	
4096.07	
5718.54	
3924.05	
5577.77	
3941.75	
5669.3	
3914.43	
5761.93	
4106.23	
5745.08	
3984.04	
5595.32	
3988.94	
5681.93	
4030.07	
5640.04	
3894.16	
5646.82	
3907.93	
5721.19	
3883.25	
5701.52	
3931.77	
5673.93	
4031.72	
5721.39	
3875.74	
5726.67	
3935.17	
5732.64	
3933.66	
5725.52	
3985.1	
5649.04	
3883	
5579.9	
3546.36	
6030.91	
3772.86	
6104.16	
3660.3	
5999.85	
3736.81	
6107.51	
3754.51	
5989.88	
3688.74	
6108.08	
3549.59	
5910.08	
3607.02	
6073.91	
3574.69	
5967.96	
3688.45	
5900.35	
3746.94	
5942.56	
3559.27	
6074.65	
3761.08	
6013.82	
3636.12	
6010.57	
3773.43	
5987.63	
3595.82	
5865.37	
3739.34	
6066.48	
3538.35	
6035.52	
3691.55	
5910.01	
3614.84	
5989.1	
3607.99	
5881.58	
3660.7	
6027.58	
3716.22	
5917.44	
3656.39	
5894.26	
3622.48	
6090.32	
3713.27	
6065.75	
3724.99	
5912.62	
3617.49	
5949.09	
3581.43	
5931.56	
3548.22	
6080.3	
3588.69	
6041.12	
3562.21	
6107.14	
3650.27	
6084.6	
3615.21	
6093.34	
3763.27	
5955.11	
3675.44	
6063.91	
3671.19	
6099.03	
3666.39	
6047.76	
3741.41	
5862.38	
3565.86	
6071.28	
3555.18	
5906.03	
3620.86	
5905	
3689.22	
5946.82	
3653.8	
5914.51	
3629.5	
5983.15	
3763.07	
5966.98	
3733.61	
6109.88	
3683.76	
6051.29	
3563.39	
5886.19	
3613.25	
6108.51	
3666.58	
5896.47	
3585.47	
6097.39	
3762.38	
5933.31	
3612.73	
5931.37	
3712.19	
6006.58	
3755.23	
5917.79	
3595.27	
6059.07	
3685.09	
5900.67	
3751.98	
6096.28	
3692.7	
6053.68	
3678.45	
5979.4	
3737.22	
6023.1	
3668.6	
6014.18	
3683.49	
5953.18	
3607.51	
5888.42	
3696.2	
5911.07	
3722.99	
5903.5	
3749.41	
5949.79	
3671.07	
6073.03	
3305.13	
6373.49	
3356.69	
6374.8	
3216.6	
6233.21	
3324	
6283.48	
3374	
6359.18	
3378.13	
6368.47	
3345.02	
6378.59	
3410.01	
6352.93	
3356.19	
6356.55	
3390.77	
6395.48	
3448.15	
6186.89	
3223.98	
6290.82	
3409.92	
6238.2	
3313.56	
6275.83	
3319.89	
6200.54	
3409.02	
6238.55	
3255.45	
6347.87	
3216.11	
6391.53	
3248.4	
6323.46	
3404.46	
6241.18	
3396.83	
6330.99	
3219.83	
6371.72	
3369.89	
6233.74	
3354.82	
6387.49	
3239.18	
6367.99	
3296.5	
6426.25	
3274.6	
6343.1	
3362.4	
6429.06	
3248.17	
6187.61	
3374.57	
6295.51	
3441.32	
6329.98	
3295.4	
6416.81	
3401.62	
6352.06	
3271.12	
6213.56	
3403.95	
6187.99	
3374.74	
6312.79	
3310.49	
6269.01	
3394.95	
6183.19	
3326.72	
6363.8	
3258.79	
6297.68	
3347.68	
6308.29	
3355.54	
6241.3	
3428.07	
6395.63	
3409.11	
6187.33	
3246.22	
6329.89	
3346.63	
6426.03	
3419.6	
6221.54	
3236.62	
6292.36	
2934.28	
6677.42	
3001.97	
6525.35	
2964.06	
6736.87	
2991.33	
6589.03	
3073.58	
6727.29	
3057.25	
6713.28	
2988.38	
6547.54	
3068.51	
6527.52	
2973.64	
6689.52	
3060.65	
6711.87	
2994.32	
6643.81	
2930.27	
6623.04	
3105.77	
6586.67	
3030.4	
6588.21	
3021.25	
6596.55	
2948.9	
6586.46	
3127.09	
6591.12	
3039.25	
6700.84	
3073.07	
6511.4	
3111.2	
6645.34	
2912.37	
6623.54	
3042.44	
6641.24	
2979.98	
6681.03	
2982.3	
6588.37	
3030.5	
6749.03	
3100.82	
6517.17	
3008.21	
6510.89	
3010.85	
6678.01	
3053.49	
6750.73	
3134.84	
6717.24	
3053.78	
6708.24	
2775.77	
6932.71	
2780.11	
6976.96	
2767.51	
6938.81	
2662.69	
6913.28	
2816.91	
6966.93	
2614.24	
6932.64	
2792.89	
6947.76	
2787.39	
7016.8	