
12560.7	4067.11	12569.2	
11863.2	4237.59	11876.1	
11088.6	4047.81	11095.3	
10510.1	4189.17	10499.6	
10106.7	4454.86	10089	
9820.78	4727.35	9812.18	
9573.1	4911.77	9567.9	
9422.87	5050.91	9419.87	
9191.61	5259.79	9197.5	
9046.71	5375.28	9067.05	
8991.33	5418.66	9027.57	
8925.5	5458.57	8955.52	
8613.55	5479.75	8625.51	
7633.52	5192.63	7618.89	
5997	4429.42	5965.45	
4854.18	3816.45	4808.67	
4489.95	3593.4	4424.41	
4444.95	3538.92	4352.83	
4445.81	3497.49	4350.34	
4477.78	3454.84	4425.7	
4548.52	3384.3	4544.01	
4592.25	3340.95	4619.46	
4650.97	3297.05	4634.96	
4706.93	3234.87	4693.77	
4796.31	3112.36	4791.38	
4882.53	3030.7	4873.45	
4950.9	2939.72	4969.88	
5093.9	2807.79	5106.5	
5232.39	2668.82	5234.27	
5412.86	2486.38	5414.36	
5636.97	2244.13	5629.51	
5919.39	1937.63	5931.49	
11976.6	4681.55	11999.5	
11735.1	4582.55	11754	
11087.4	4500.64	11092.4	
10542.4	4424.99	10536.1	
10197.6	4563.63	10189	
9786.81	4784.47	9778.28	
9531.46	4977.71	9531.85	
9362.57	5131.68	9351.65	
9143.49	5327.11	9136.04	
9023.02	5439.48	9024.56	
8949.85	5485.73	8975.61	
8857.52	5535.38	8880.15	
8601.86	5592.22	8602.08	
7901.98	5395.77	7886.27	
6100.2	4518.41	6070.41	
4730.85	3778.08	4689.32	
4463.57	3606.22	4414.75	
4422.57	3553.58	4370.21	
4418.06	3518.95	4372.71	
4442.41	3475.4	4421.73	
4504.9	3404.67	4518.42	
4573.94	3335.38	4577.88	
4611.25	3281.54	4628.23	
4672.68	3215.49	4665.62	
4753.75	3117.21	4761.31	
4831.82	3003.62	4865.05	
4926.42	2910.02	4938.47	
5018.84	2773.44	5028.27	
5165.16	2624.23	5170.86	
5330.02	2444.19	5323.82	
5517.93	2231.66	5516.48	
5598.72	2062	5593.91	
11565.6	5131.02	11595.2	
11390.7	5150.27	11406.6	
11139.6	5046.22	11147.8	
10723.9	5020.42	10727.3	
10151.6	4887.87	10151.8	
9716.04	4954.63	9714.47	
9444.92	5119	9436.57	
9242.91	5280.53	9232.96	
9090.21	5431.98	9060.89	
8954.42	5536.21	8939.99	
8816.41	5637.92	8811.71	
8719.12	5689.84	8715.02	
8570.82	5707.24	8554.66	
7981.83	5494.98	7958.85	
6067.81	4546.72	6044.77	
4707.45	3796.78	4671.77	
4445.9	3633.02	4409.79	
4393.66	3583.84	4379.51	
4378.7	3542.79	4384.17	
4390.48	3496.75	4416.61	
4438.38	3435	4458.86	
4504.69	3351.07	4528.28	
4570.61	3263.45	4579	
4598.63	3195.14	4636.92	
4672.02	3081.38	4696.71	
4725.32	2948.05	4747.07	
4736.44	2808.46	4758.11	
4762.07	2621.16	4772.08	
4710.16	2388	4714.49	
4787.13	2223.1	4790.55	
4730.11	2065.62	4728.61	
4615.34	1897.17	4615.45	
11198	5557.78	11210.8	
11152.9	5533.16	11167.2	
11019.6	5613.02	11028.1	
10750.6	5517.26	10758.4	
10130.5	5360.03	10136	
9552.37	5330.33	9558.86	
9220.21	5428.96	9220.13	
9073.38	5515.24	9060.92	
8941.56	5597.96	8935.38	
8794.31	5709.35	8779.77	
8677.01	5789.46	8654.67	
8610.25	5813.68	8578.75	
8515.83	5787.49	8480.8	
7898.5	5521.79	7879.46	
6068.12	4620.77	6050.98	
4757.85	3882.61	4741.75	
4424.26	3672.93	4409.86	
4358.13	3614.89	4358.52	
4335.01	3569.42	4379.01	
4339.86	3521.4	4381.32	
4354.12	3473.54	4397.22	
4409.24	3386.81	4436.06	
4455.94	3281.31	4488.12	
4480.5	3146.48	4510.17	
4380.12	2957.22	4415.97	
4165.95	2660.42	4188.14	
3962.51	2358.96	3983.73	
3652.8	2054.26	3672.83	
3274.94	1709.14	3292.61	
2760.42	1373.02	2772.13	
2588.44	1243.08	2601.75	
2402.7	1108.04	2416.98	
10846.4	5937.23	10850.9	
10829.3	5940.56	10835.3	
10776.3	5947.04	10784.7	
10620.1	5913.84	10629.1	
10159	5855.1	10166.5	
9442.7	5832.59	9452.33	
9004.63	5796.92	9018.98	
8812.47	5805.84	8831.13	
8716.61	5828.69	8728.84	
8622.95	5874.83	8633.11	
8592.78	5882.83	8563.21	
8555	5884.17	8504.52	
8419.83	5856.73	8386.54	
7793.01	5603.21	7774.86	
6183.14	4790.5	6176.87	
4802.34	3999.16	4806.78	
4360.95	3716.64	4383.51	
4291.76	3652.65	4330.43	
4281.14	3613.19	4322.23	
4274.72	3575.49	4328.79	
4285.78	3522.12	4327.15	
4289.29	3447.81	4329.52	
4239.19	3301.83	4272.69	
4029.98	2992.15	4055.92	
3598.86	2525.3	3627.04	
2934.76	1955.44	2968.15	
2263.66	1429.29	2296.95	
1853.3	1117.31	1886.96	
1522.66	903.135	1553.22	
1277.87	737.845	1306.74	
1150.05	617.352	1164.56	
1155.95	576.182	1170.97	
10614.6	6202.72	10611.2	
10552.1	6261.88	10551.4	
10517.6	6233.68	10527	
10417	6255.49	10424.5	
10066.2	6321.26	10070.2	
9490.34	6261.69	9496.89	
8896.38	6090.22	8921.98	
8609.6	6005.68	8653.1	
8537.91	5996.73	8568.78	
8517.14	5989.47	8508.17	
8468.18	6005.84	8449.06	
8413.75	6021.42	8386.95	
8274.51	5990.5	8244.03	
7711.29	5750.75	7690.21	
6227.52	4933.5	6231.82	
4735.17	4057.32	4766.54	
4290.05	3785.93	4338.32	
4192.38	3720.13	4253.37	
4182.79	3693.83	4233.53	
4180.08	3663.28	4232.32	
4192.16	3604.45	4239.29	
4155.11	3521.26	4186.38	
3991.18	3320.45	4009.34	
3294.73	2653.55	3322.21	
2342.4	1784.87	2374.82	
1631.91	1184.52	1668.26	
1206.48	856.764	1241.9	
1003.15	703.042	1046.19	
929.261	640.847	971.386	
908.258	589.443	943.674	
905.161	528.662	933.592	
922.384	483.01	926.885	
10466.6	6373.63	10456.8	
10394	6416.34	10394.5	
10274.7	6518.72	10276.8	
10169.2	6573.14	10172.3	
9990.44	6614.04	9989.62	
9511.69	6498.37	9517.13	
8749.93	6245.98	8777.21	
8481.06	6153.25	8508.97	
8394.33	6143.1	8418.13	
8315.99	6176.11	8331.09	
8252.14	6210.75	8256.22	
8192.42	6220.72	8190.55	
8109.5	6174.88	8085.42	
7670.97	5906.61	7647.24	
6055.7	4941.78	6064.83	
4669.6	4126.09	4719.46	
4224.9	3849.17	4285.37	
4142.12	3784.05	4200.65	
4101.37	3754.96	4180.18	
4117.36	3730.33	4152.43	
4108.78	3698.81	4129.07	
4057.54	3610.47	4051.7	
3682.42	3235.76	3688.39	
2767.61	2377.64	2792.12	
1504.67	1267.48	1552.22	
1017.8	821.793	1060.65	
892.129	696.555	932.332	
849.499	649.408	887.69	
816.806	608.78	876.033	
828.564	567.239	874.022	
843.799	525.237	877.086	
834.973	494.755	883.246	
10200	6630.72	10205	
10149.4	6676.75	10150.1	
10069.6	6738.59	10071.2	
10018.3	6765.27	10013.5	
9924.3	6729.35	9924.29	
9463.34	6597.24	9468.24	
8679.2	6414.47	8683.26	
8293.29	6360.76	8303.43	
8191.35	6353.68	8198.34	
8140.25	6350.63	8176.34	
8105.71	6336.33	8135.46	
8093.17	6325.1	8082.14	
8026.6	6297.53	8000.26	
7547.64	6009.4	7528.86	
6001.97	5053.78	6010.85	
4613.99	4171.41	4655.87	
4188.27	3891.02	4253.71	
4101.18	3823.56	4175.87	
4092.75	3798.44	4149.85	
4082.78	3767.54	4120.69	
4099.5	3733.75	4068.46	
4015.21	3658.33	3994.99	
3557.68	3236.83	3544.96	
2218.88	1999.93	2241.39	
1178.99	1050.16	1230.12	
846.061	737.44	904.049	
808.381	676.358	855.686	
792.704	644.866	847.564	
800.749	609.336	839.326	
798.911	572.206	835.076	
799.845	540.209	838.199	
810.9	515.968	834.309	
9895.97	6936.33	9910.89	
9923.5	6910.94	9933.99	
9941.85	6869.96	9934.13	
9904.53	6857.44	9903.15	
9829.63	6819.04	9826.86	
9434.24	6737.33	9431.62	
8626.11	6572.6	8620.1	
8191.37	6476.69	8179.92	
8078.59	6468.08	8103.59	
8042.8	6449.25	8064.18	
8025.31	6419.75	8050.58	
8011.92	6414.48	8003.62	
7935.81	6397.76	7916.43	
7528.26	6205.6	7511.6	
6045.68	5231.63	6047.65	
4614.51	4225.46	4645.87	
4169.05	3910.95	4224.2	
4089.63	3862.1	4160.35	
4086.52	3829.42	4127.31	
4089.57	3794.26	4090.53	
4071.16	3762.36	4057.24	
4013.85	3692.74	3974.44	
3517.65	3246.66	3490.3	
1972.93	1826.83	1989.39	
978.525	913.079	1033.54	
800.214	729.437	860.316	
763.602	683.932	828.32	
783.039	651.812	812.377	
793.475	619.597	805.21	
790.663	587.62	801.036	
794.426	556.146	790.285	
803.241	533.868	785.292	
9661.57	7164.82	9672.55	
9691.23	7120.47	9697.43	
9702.21	7091.19	9702.86	
9700.14	7043.22	9694.56	
9609.34	6987.11	9601.12	
9278.42	6873.62	9272.84	
8479.58	6688.23	8474.58	
8091.34	6584.72	8097.09	
7991.29	6560.56	7998.46	
7927.97	6564.59	7942.9	
7870.34	6588.96	7872.1	
7840.75	6588.57	7841.93	
7779.39	6575.12	7769.54	
7470.29	6379.79	7455.57	
6205.17	5456.37	6200.89	
4615.69	4263.68	4634.94	
4178.07	3941.55	4210.79	
4110.99	3883.92	4137.09	
4095.24	3854.96	4102.3	
4090.37	3825.29	4068.83	
4083.6	3789.72	4030.33	
3987.84	3703.82	3939.75	
3487.37	3246.34	3450.02	
1890.17	1776.06	1900.09	
933.537	889.87	980.174	
764.833	735.973	829.647	
766.867	696.827	797.9	
772.292	666.719	781.803	
787.089	634.897	769.981	
792.631	605.107	761.365	
791.48	574.511	752.256	
807.788	548.355	739.606	
9487.09	7350.1	9497.93	
9473.81	7333.86	9474.6	
9466.64	7299.28	9466.9	
9467.13	7265.16	9449.98	
9369.36	7191.18	9362.8	
8891.76	6992.23	8888.94	
8306.7	6827.21	8311.73	
7913.43	6787.37	7921.39	
7789.45	6763.48	7792.33	
7743.36	6760.01	7743.77	
7699.84	6762.82	7700.72	
7663.16	6769.19	7654.27	
7628.28	6729.22	7619.24	
7402.84	6528.84	7394.72	
6217.03	5574.14	6214.62	
4741.85	4396.25	4735.29	
4225.67	3987	4211.61	
4128.7	3907.67	4107.61	
4107.71	3881.23	4075.22	
4094.87	3851.12	4040.12	
4077.49	3821.49	4005.73	
3969.27	3724.42	3901.8	
3333.29	3157.53	3297.58	
1899.42	1816.79	1900.16	
945.137	916.494	977.161	
782.086	753.367	808.92	
755.896	712.443	771.949	
773.883	680.073	749.502	
776.526	652.644	733.131	
779.319	623.204	719.967	
776.633	593.103	718.019	
763.905	573.591	720.558	
9400.42	7457.28	9404.31	
9392.9	7420.29	9391.18	
9380.53	7397.57	9358.27	
9331.2	7396.47	9328.45	
9157.98	7345.74	9150.66	
8638.46	7182.9	8639.47	
8044.12	7016.77	8052.82	
7748.01	6931.33	7758.03	
7646.1	6912.63	7654.39	
7611.17	6894.96	7609.93	
7601.08	6863.43	7599.2	
7587.38	6841	7577.48	
7550.92	6807.32	7542.89	
7315.07	6626.63	7312.35	
6300.43	5783.13	6298.01	
4933.92	4623.37	4903.33	
4294.93	4046.4	4214.48	
4157.54	3934.64	4077.83	
4114.22	3908.07	4037.72	
4086.85	3886.57	4009.03	
4050.25	3858.91	3975.02	
3921.31	3763.23	3858.67	
3307.49	3220.41	3267.6	
1866.88	1836.84	1864.52	
1035.04	1015.79	1033.5	
802.535	775.753	794.18	
768.643	722.757	742.146	
758.916	696.929	718.052	
767.819	669.392	695.004	
750.041	640.965	690.305	
727.143	615.978	695.269	
712.74	601.951	707.6	
9278.17	7560.19	9276.43	
9279.39	7543.24	9268.79	
9239.93	7549.38	9229.87	
9192.79	7537.85	9178.54	
9015.48	7515.82	9013.28	
8496.26	7390.75	8494.49	
7869.6	7126.34	7878.4	
7636.54	7002.91	7651.29	
7571.23	6980.07	7583.83	
7538.64	6960.03	7556.16	
7524.05	6947.41	7511.99	
7507.21	6919.39	7500.49	
7466.14	6887.36	7464.77	
7288.16	6743.98	7291.51	
6461.93	6074.63	6456.49	
5009.09	4781.62	4955.95	
4341.58	4147.06	4227.58	
4219.47	3987.97	4031.21	
4136.03	3946.7	3981.49	
4073.37	3939.47	3951.9	
3985.61	3925.75	3922.45	
3864.9	3846.13	3816.07	
3352.98	3359.18	3325.82	
2127.49	2152.95	2116.33	
1110.36	1116.99	1086.05	
822.097	806.543	775.318	
762.411	742.287	709.292	
752.072	713.797	679.54	
735.107	689.889	665.883	
713.322	664.667	665.472	
684.181	639.667	680.952	
663.123	620.366	699.264	
9037.27	7805.67	9028.41	
9016.69	7806.13	9010.81	
9007.01	7783.33	8995.08	
8961.84	7767.24	8955.62	
8860.36	7705.21	8850.51	
8410.12	7484.88	8410.5	
7746.81	7184.19	7753.1	
7540.62	7096.34	7551.78	
7486.44	7060.33	7498.95	
7458.15	7043.48	7464.47	
7433.54	7029.73	7441.65	
7400.19	7020.68	7406.27	
7363	6996.15	7376.9	
7235.11	6878.2	7246.28	
6512.19	6222.81	6501.2	
5094.71	4991.07	5033.05	
4336.52	4287.1	4212.12	
4157.37	4066.84	3963.93	
4214.3	4019.68	3895.21	
3993.73	4006.63	3879.62	
3908.1	3990.98	3857.81	
3820.6	3921.99	3798.67	
3487.74	3600.01	3487.4	
2441.63	2532.59	2438.76	
1208	1246.8	1165.5	
809.676	829.398	744.718	
756.711	761.458	673.373	
727.688	736.316	656.485	
702.081	712.992	642.459	
676.274	688.392	643.205	
651.014	663.566	664.449	
629.069	647.331	678.431	
8892.02	7977.25	8889.54	
8877.65	7960.74	8859.8	
8857.22	7923.16	8858.64	
8848.47	7882.24	8840.29	
8738.83	7822.77	8734.76	
8269.56	7561.95	8273.74	
7719.24	7296.81	7724.41	
7463.59	7181.28	7466.25	
7402.57	7149.16	7405.76	
7377.9	7131.73	7377.42	
7349.89	7113.23	7361.27	
7317.12	7098.86	7345.9	
7296.34	7073.52	7316.07	
7181.31	6981.55	7189.98	
6577.16	6447.35	6559.1	
5183.63	5203.18	5126.7	
4241.83	4339.66	4140.66	
4056.57	4132.22	3899.53	
3969.99	4083.72	3853	
3930.63	4051.26	3828.83	
3862.22	4026.87	3835.52	
3795.01	3982.01	3806.4	
3585.5	3781.96	3617.12	
2690.04	2839.82	2690.29	
1270.37	1346.2	1218.64	
805.524	857.338	731.202	
732.791	784.095	656.831	
702.777	759.647	645.608	
672.745	736.648	637.552	
645.744	713.948	636.389	
621.179	693.783	643.224	
602.979	680.145	651.852	
8841.44	8042.29	8801.22	
8806.59	8026.27	8813.69	
8789.96	7995.74	8788.71	
8756.88	7968.16	8760.62	
8647.53	7904.83	8659.04	
8240.84	7727	8254.41	
7655.91	7395.56	7658.12	
7422.05	7242.11	7416.11	
7362.47	7208.44	7342.25	
7298.01	7202.93	7316.72	
7259.9	7196	7284.07	
7237.06	7183.4	7255.69	
7214.92	7167.63	7225.96	
7150.17	7104.84	7144.18	
6685.8	6701.34	6661.55	
5191.7	5304.52	5135.98	
4177.99	4371	4100.07	
3943.42	4163.87	3881.16	
3895.1	4112.1	3830.4	
3859.51	4085.03	3830.58	
3828.39	4056.71	3823.08	
3772.12	4021.96	3817.95	
3639.93	3886.63	3676.14	
2837.64	3039.42	2842.15	
1376.61	1495.18	1323.08	
813.357	907.436	742.948	
717.011	813.509	658.379	
680.549	783.594	636.231	
649.751	762.508	636.707	
619.72	742.979	639.634	
593.624	724.542	621.516	
574.424	711.302	623.138	
8734	8122.89	8706.45	
8720.67	8111.27	8700.86	
8679.95	8104.2	8682.48	
8633.18	8086.17	8646.57	
8534.65	8039.64	8561.43	
8221.2	7838.58	8238.89	
7623.98	7488.67	7626.15	
7345.93	7328.52	7329.43	
7270.35	7293.75	7267.02	
7225.28	7285.43	7231.32	
7166.89	7277.16	7210.61	
7154.52	7274.83	7169.08	
7144.77	7267.98	7120.74	
7085.6	7217.04	7060.16	
6714.33	6830.5	6686.19	
5292.32	5496.79	5235.95	
4136.9	4399.81	4095.79	
3900.45	4178.26	3865.64	
3852.18	4140.47	3838.26	
3819.81	4115.24	3826.39	
3783.28	4087.58	3831.79	
3757.7	4058.57	3793.16	
3637.06	3937.91	3677.1	
2997.34	3277.4	3006.61	
1595.11	1787.93	1554.96	
870.481	1012.62	812.796	
708.267	846.619	646.925	
662.946	808.503	626.733	
630.424	790.55	630.392	
600.921	774.158	624.757	
570.103	756.338	619.596	
551.027	736.534	582.429	
8625.73	8237.65	8588.24	
8608.92	8222.56	8571.33	
8577.48	8199.28	8573.14	
8524.71	8182.9	8561.95	
8454.57	8136.09	8482.5	
8160.07	7934.97	8176.1	
7610.82	7600.32	7614.07	
7257.52	7437.58	7261.76	
7173.82	7395.33	7166.04	
7128.92	7372.36	7151.73	
7111.42	7360.65	7120.88	
7087.66	7351.61	7097.06	
7090.33	7340.37	7057.75	
7031.98	7291.58	6993.05	
6670.06	6968.08	6626.99	
5356.77	5647.11	5321.37	
4146.29	4448.85	4117.62	
3883.08	4215.05	3878.08	
3819.29	4172.57	3832.28	
3778.03	4149.25	3820.55	
3749.83	4133.48	3793.94	
3715.16	4108.6	3761.29	
3606.93	4021.01	3636.19	
3135.01	3537.87	3152.3	
1974.2	2287.81	1954.26	
998.817	1196.83	948.461	
710.836	887.874	660.366	
653.665	839.497	612.937	
618.158	822.833	614.553	
581.934	808.115	622.206	
555.624	791.368	591.336	
534.47	782.364	583.66	
8564.17	8315.49	8516.09	
8540.1	8292.05	8505.01	
8501.9	8272.53	8511.03	
8474.77	8241.67	8499.95	
8419.08	8198.2	8443.81	
8129.96	8046.4	8147.38	
7562.72	7732.07	7574.92	
7204.5	7516.36	7216.34	
7087.9	7462.66	7118.47	
7055.43	7449.27	7075.64	
7035.69	7446.87	7036.96	
7024.95	7439.69	7000.24	
6997.78	7431.05	6967.84	
6952.85	7391.51	6902.5	
6622.68	7065.78	6583.36	
5367.99	5771.47	5338.8	
4320.17	4712.56	4313.35	
3900.77	4305.72	3916.84	
3783.62	4221.39	3818.48	
3731.77	4209.01	3767.14	
3683.6	4214.91	3717.82	
3634.54	4216.56	3666.42	
3550.41	4149.95	3581.89	
3263.42	3841.78	3281.8	
2377.62	2846.38	2370.33	
1211.64	1493.84	1175.03	
757.987	978.949	714.687	
661.141	889.828	627.177	
613.139	859.141	614.458	
573.877	844.107	598.479	
539.246	837.178	593.151	
511.611	829.661	555.375	
8481.27	8384.06	8442.83	
8460.79	8371.78	8443.83	
8432.7	8350.71	8428.38	
8404.79	8327.12	8415.17	
8355.11	8286.46	8372.99	
8142.66	8167.85	8164.08	
7540.45	7829.43	7561.39	
7127.81	7596.56	7154.76	
7008.5	7545.16	7042.79	
6966.61	7534.67	6996.04	
6944.23	7532.97	6956.52	
6933.9	7531.94	6911.69	
6920.86	7522.86	6859.98	
6849.32	7474.75	6811.74	
6559.97	7196.69	6526.96	
5738.26	6416.97	5721.49	
4654.99	5263.78	4665.67	
4035.24	4574.18	4067.61	
3751.51	4323.94	3782.91	
3658.59	4313.15	3680.15	
3614.86	4317.45	3627.44	
3566.79	4309.23	3587.62	
3512.49	4267.78	3541.05	
3341.36	4091.36	3361.91	
2699.09	3353.64	2700.05	
1618.19	2082.76	1592.55	
990.179	1331.71	961.384	
731.831	1024.67	722.704	
620.525	907.427	623.067	
572.039	882.958	595.083	
528.432	881.602	564.14	
500.697	882.841	555.424	
8380.01	8495.2	8352.92	
8370.8	8467.96	8348.83	
8354.66	8440.95	8344.24	
8318.02	8421.83	8322.53	
8270.36	8391.72	8287.54	
8093.76	8262.9	8118.7	
7562.78	7928.61	7592.02	
7077.1	7691.07	7112.52	
6941.06	7629.15	6968.36	
6892.54	7614.01	6931.31	
6874.89	7614.83	6876.85	
6845.94	7618.35	6819.34	
6798.73	7627.66	6769.38	
6725.37	7616.18	6688.19	
6519.24	7554.63	6502.09	
6057.71	7166.37	6056.09	
5255.58	6266.25	5269.22	
4267.73	5052.06	4291.41	
3793.15	4548.88	3811.12	
3633.71	4425.6	3645.47	
3576.07	4397.71	3585.67	
3534.17	4374.44	3543.35	
3476.16	4357.77	3497.64	
3363.02	4275.06	3380.31	
2992.76	3910.63	2995.39	
2352.26	3190.59	2340.23	
1614.75	2260.71	1608.77	
934.425	1360.12	934.402	
682.442	1042.01	695.893	
594.312	957.246	615.778	
541.124	942.764	572.014	
496.765	950.042	507.767	
8329.48	8556.85	8277.82	
8299.17	8546.58	8287.07	
8275.91	8517.9	8284.42	
8260	8487.52	8270.04	
8210.67	8452.18	8237.06	
8050.33	8356.17	8077.84	
7576.24	8070.56	7609.44	
7068.85	7774.41	7102.23	
6899.03	7686.62	6941.05	
6862	7679.63	6862.36	
6812.19	7691.89	6799.98	
6713.13	7754.36	6701.22	
6600.92	7825.93	6594.1	
6500.98	7884.96	6495.69	
6413.78	7865.43	6412.86	
6225.98	7737.68	6226.57	
5660.37	7124.33	5661.21	
4738.73	6034.53	4741.68	
4016.2	5071.12	4021.26	
3710.64	4638.51	3714.29	
3574.56	4463.4	3565.55	
3511.39	4439.6	3502.45	
3437.46	4449.37	3441.85	
3339.56	4447.8	3346	
3200.16	4372.96	3198.4	
2928.13	4104.1	2926.83	
2256.08	3278.13	2256.82	
1512.75	2307.9	1520.23	
1035.27	1662.7	1051.13	
798.438	1350.41	821.305	
646.996	1161.69	657.29	
590.663	1088.72	603.784	
8270.08	8603.91	8214.06	
8241.58	8602.76	8228.83	
8197.42	8600.82	8219.22	
8167.8	8572.92	8192.73	
8130.21	8548.6	8153.85	
8013.51	8481.87	8049.84	
7587.25	8213.82	7627.41	
7071.36	7858.55	7106.62	
6867.53	7774.99	6869.49	
6794.27	7770.3	6784.99	
6694.77	7837.62	6673.86	
6573.16	7915.05	6558.98	
6461.19	7985.77	6457.92	
6383.98	8018.48	6402.15	
6311.21	8061.02	6315.93	
6176.42	8062.04	6167.17	
5856.08	7900.73	5840.26	
5262.75	7222.79	5246.62	
4580.29	6182.65	4570.06	
3902.67	5071.98	3892.01	
3608.84	4621.91	3594.73	
3498	4557.19	3485.77	
3404.38	4566.37	3392.81	
3324.79	4561.62	3314.48	
3246.53	4545.76	3245.88	
3098.81	4473.78	3099.75	
2791.34	4216.28	2792.61	
2365.8	3767.36	2368.2	
1972.6	3281.28	1981.22	
1542.75	2658.24	1545.15	
1261.89	2246.95	1269.66	
1066.57	1951.7	1077.25	
8158.32	8698.78	8116.59	
8135.99	8697.99	8109.72	
8104.49	8693.41	8100.16	
8048.01	8704.91	8073.12	
7995.03	8693.25	8039.08	
7904.23	8620.46	7954.54	
7616.22	8355.84	7653.94	
7161.12	8065.43	7170.81	
6839.89	7956.99	6818.5	
6654.91	7993.38	6604.72	
6558.98	8004.29	6517.54	
6476.32	8042.85	6444.13	
6398.19	8075.34	6398.83	
6323.39	8123.46	6336.8	
6206.55	8208.37	6210.66	
6045.89	8330.25	6030.71	
5873.46	8333.79	5845.79	
5643.46	8104.66	5616.17	
5077.57	7271.59	5052.63	
4299.51	6009.75	4283.63	
3883.93	5380.4	3873.38	
3616.57	5013.85	3603.13	
3408.46	4725.02	3387.28	
3315.56	4635.71	3294.85	
3247.89	4631.9	3246.69	
3147.25	4665.06	3150.68	
3000.98	4699.27	2996.25	
2855.17	4652.85	2850.49	
2663.18	4501.33	2652.8	
2481.89	4381.47	2482.89	
2286.8	4176.63	2294.58	
2130.16	3973.93	2143.58	
8061.08	8811.74	8015.03	
8040.42	8794.59	7993.55	
8005.59	8789.77	7985.75	
7963.6	8785.75	7985.92	
7899.47	8786.88	7962.05	
7816.46	8747.77	7859.5	
7606.64	8655.49	7628.7	
7271.41	8498.22	7267.42	
6879.54	8334.52	6845.57	
6577.46	8141.75	6517.42	
6493.12	8102.28	6411.24	
6434.31	8114.7	6403.87	
6354.21	8163.86	6357.36	
6222.72	8263.79	6233.28	
6080.32	8383.06	6085.75	
5961.74	8473.26	5945.94	
5874.18	8515.34	5848.89	
5714.53	8483.24	5681.71	
5372.54	8192.17	5351.43	
4987.74	7762.78	4978.26	
4579.25	7128.61	4572.56	
3940.7	5892.84	3922.69	
3449.06	4934.52	3425.9	
3314.61	4729.88	3296.36	
3242.98	4718.11	3244.82	
3145.5	4775.5	3144.31	
3045.16	4838.39	3042.58	
2966.76	4886.47	2949.68	
2864.27	4951.1	2859.03	
2746.96	5003.53	2748.09	
2678.56	5018.29	2691.82	
2585.48	4940.21	2597.34	
8019.17	8866.75	7957.86	
7988.71	8859.08	7951.1	
7943.26	8851.87	7935.32	
7880.45	8868.09	7903.21	
7809.27	8894.78	7837.05	
7676.9	8969.12	7707.62	
7514	9033.63	7520.79	
7283.53	9022.47	7271.82	
6872.2	8638.04	6834.73	
6550.01	8273.12	6483.77	
6466.57	8207.01	6418.57	
6418.53	8205.78	6379.5	
6309.62	8271.23	6300.04	
6128.22	8408.7	6140.33	
5982.56	8518.78	5997.84	
5919.55	8563.8	5922.4	
5839.13	8619.85	5825.3	
5667.77	8712.64	5657.67	
5474.32	8802.94	5465.4	
5320.29	8740.24	5318.59	
5010.96	8225.55	4997.55	
4217.69	6731.76	4201.08	
3597.58	5491.08	3582.12	
3364.83	5051.89	3358.22	
3262.78	4957.3	3257.04	
3146.19	4900.01	3144.79	
3063.46	4930.66	3050.52	
2993.98	4991.86	2988.66	
2874.04	5082.46	2870	
2768.65	5163.56	2779.38	
2700.05	5189.59	2707.34	
2645.07	5208.29	2648.95	
7982.04	8909.44	7929.18	
7940.64	8910.46	7924.02	
7875.2	8926.96	7878.09	
7769.45	8994.74	7766.38	
7621.56	9113.09	7608.37	
7497.85	9206.94	7484.29	
7387.4	9273.61	7384.93	
7204.04	9257.56	7193.64	
6806.2	8994.72	6771.88	
6574.71	8749.3	6540.98	
6470.23	8631.35	6441.33	
6377.77	8549.7	6351.11	
6237.91	8522.47	6221.34	
6046.81	8581.6	6056.95	
5953.58	8614.65	5971.87	
5897.22	8648.22	5906.91	
5779.1	8736.08	5782.87	
5584.63	8903.12	5586.54	
5457.1	8978.8	5468.28	
5368.44	8961.85	5355.06	
5118.53	8707.41	5106.3	
4550.96	7861.98	4539.42	
3989.09	7016.42	3981.71	
3715.47	6520.45	3708.27	
3393.64	5790.84	3388.82	
3205.13	5365.53	3194.31	
3120.32	5264.32	3113.4	
3008.32	5226.56	3002.65	
2883.18	5252.48	2888.42	
2752.98	5252.95	2761.06	
2654.87	5315.38	2657.76	
2592.25	5361.54	2575.79	
7889.42	8977.48	7862.85	
7851.33	8993.27	7840.24	
7742.06	9068.75	7744.72	
7598.81	9180.39	7594.1	
7477.14	9280.57	7446.92	
7395.29	9337.66	7354.05	
7274.53	9413.55	7255.4	
7061.98	9502.57	7052.21	
6808.56	9561.31	6794.56	
6623.64	9601.53	6608.95	
6475.88	9556.05	6461.1	
6275.14	9431.62	6265.06	
6095.3	9191.5	6094.06	
5998.49	8974.51	6005.42	
5924.96	8864.67	5935.3	
5852.29	8846.3	5865.28	
5706.29	8936.25	5716.93	
5522.39	9035.25	5534	
5422.55	9074.77	5425.17	
5339.31	9088.25	5337.26	
5140.95	9073.33	5131.27	
4797.06	8985.96	4789.08	
4533.58	8858.26	4526.98	
4115.92	8511.39	4112.03	
3733.72	7738.89	3726.28	
3538.08	7241.4	3531.62	
3323.24	6692.49	3317.67	
3119.58	6228.35	3119.64	
2875.15	5626.51	2877.63	
2709.65	5520.07	2713.21	
2580.84	5498.58	2581.93	
2506.47	5459.33	2506.42	
7694.84	9163.36	7685.93	
7619.97	9214.22	7630.04	
7553.9	9254.99	7571.06	
7452	9323.43	7470.25	
7374.6	9388.01	7365.19	
7289.22	9463.96	7268.54	
7151.74	9578.52	7121.53	
6936.31	9763.21	6917.36	
6789.08	9880.91	6780.74	
6642.82	10015.3	6633.51	
6394.43	10188.3	6390.73	
6187.9	10195.1	6186.29	
6035.07	10075.1	6036.49	
5899.65	9923.95	5900.87	
5789.26	9809.02	5791.7	
5678.89	9666.23	5684.84	
5570.98	9404.3	5580.95	
5463.25	9248.55	5469.28	
5361.3	9276.98	5364.86	
5234.7	9287.45	5234.78	
5087.88	9310.73	5088.82	
4905.26	9426.19	4899.07	
4654.32	9547.44	4652.07	
4339.24	9544.98	4335.92	
4085.24	9727.45	4082.43	
3876.75	9586.6	3871.43	
3651.76	9159.93	3648.36	
3245.41	7863.84	3241.77	
2922.03	6984.8	2917.51	
2641.82	6270.01	2636.23	
2451.47	5716.76	2451.15	
2403.43	5559.19	2403.77	
7529.94	9349.68	7507.46	
7476.41	9373.49	7482.45	
7423.01	9377.77	7465.09	
7381.19	9396.61	7422.66	
7297.82	9481.96	7323.01	
7138.66	9640.25	7152.1	
6989.22	9790.82	6979.82	
6890.61	9884.51	6865	
6772.71	10005.9	6756.58	
6597.16	10164.1	6595.53	
6355.71	10363.9	6356.17	
6173.26	10492.4	6174.11	
6020.32	10595.3	6018.51	
5777.14	10782.8	5773.63	
5558.91	10909	5555.1	
5456.23	10719.4	5454.84	
5352.46	10331.1	5352.27	
5282.45	10156	5283.81	
5196.4	9844.27	5199.24	
5109.12	9495.88	5113.98	
5014.9	9455.3	5014.78	
4905.26	9518.08	4916.27	
4667.6	9738.07	4667.06	
4432.57	10015.4	4431.63	
4207.06	10278.8	4201.67	
3941.66	10501.6	3937.47	
3707.74	10480.7	3696.95	
3423.9	10152.5	3409.72	
3002.83	8990.38	2989.12	
2508.92	7022.29	2500.41	
2292.17	5936.12	2284.68	
2243.83	5737.02	2241.55	
7482.79	9414.39	7421.12	
7442.7	9421.74	7431.69	
7391.86	9431.19	7432.85	
7339.77	9450.52	7409.14	
7247.68	9545.36	7296.59	
7040.22	9769.14	7066.41	
6901.01	9903.42	6925.98	
6857.8	9962.78	6851.77	
6783.84	10044.7	6771.91	
6537.21	10262.2	6532.51	
6324	10436.1	6332.65	
6213.04	10561.4	6212.22	
5968.6	10801.9	5971.17	
5741.55	11005.2	5739.09	
5507.13	11214.5	5498.84	
5210.51	11399.1	5204.43	
5096	11426.3	5091.41	
5002.56	11238.3	4999.84	
5067.63	10320.7	5067.14	
5025.76	9636.12	5029.93	
4962.99	9545.39	4979.66	
4874.93	9594.09	4882.07	
4657.58	9823.99	4660.94	
4464.48	10130.5	4456.44	
4214.34	10633.2	4205.6	
3941.79	11148.8	3928.29	
3688.84	11416.2	3667.7	
3423.15	11174.7	3400.44	
2952.8	10112.9	2933.07	
2338.81	7430.05	2330.92	
2090.43	6188.15	2086.79	
2047.9	5953.64	2026.17	
7468.69	9445.44	7384.86	
7432.8	9440.26	7405.19	
7380.07	9457.69	7410.25	
7329.96	9491.88	7389.54	
7204.96	9600.56	7262.21	
6985.24	9833.71	7017.39	
6893.56	9952.35	6914.4	
6833.52	10005.4	6876.5	
6750.98	10083.1	6757.41	
6511.78	10298.8	6507.78	
6332.03	10485.6	6326.9	
6210.14	10601.2	6217.84	
5953.19	10846.3	5956.66	
5729.65	11083.2	5734.02	
5500.55	11267.2	5495.91	
5171.87	11596.8	5163.96	
4885.45	11852.8	4881.76	
4951.34	11519	4945.04	
4995.48	10567.8	4993.5	
4974.57	9845.43	4985.1	
4919.98	9659.8	4928.66	
4798.15	9715.39	4807.98	
4639.79	9908.71	4642.55	
4439.29	10258.5	4435.57	
4245.96	10874.9	4231.53	
3994.42	11902.4	3969.03	
3594.04	12049.1	3569.29	
3207.04	11944.9	3165.71	
2975.79	10467.6	2954.52	
2230.97	7807.04	2240.84	
1851.2	6525.08	1835.78	
1868.72	6160.92	1871.21	